-1112.5343217986367	-471.5769464455666	20.711766660127537	477.7913855423311
-684.8114264265301	-255.74294975894313	70.72414652027001	289.3230173045688
-609.8707830727807	-210.1351090693678	88.21943557678074	256.15256678517096
-562.2872182529406	-181.64772675978352	102.25737173726822	236.6723405902644
-527.2401535859449	-160.44164595639052	113.11481447898464	222.6172064600729
-497.85657583033947	-143.58230979862645	122.36271450021395	211.95135300958955
-473.5589306468898	-129.23700309712058	130.2891612302821	203.1791581361404
-451.92511688405233	-116.71976921489062	136.78287753307492	195.3598667182363
-432.96698106520495	-105.33506002519013	142.58183959053568	188.6285912062085
-415.6689722771069	-95.03598757873786	147.4010608177484	182.83351772305073
-399.7359002861229	-85.3747904249798	151.44905266759213	177.35534384121044
-384.6371715882347	-76.35941020307378	154.68187807028008	172.52657257414853
-370.6997113905188	-68.44979392160883	157.67000744195457	168.01415329509823
-358.07658584903106	-60.84798519550903	160.3012854610705	164.2033003322601
-345.92529905597183	-53.66561121834866	162.9978577037073	160.8130645099052
-334.2032970545683	-46.98678634056173	165.1558107942577	157.58831578762002
-323.2654224530043	-40.83428894600718	167.38182548822462	154.73807396942902
-312.77346074019107	-35.01886147952449	169.16702792716498	151.84185958672344
-302.5832855030274	-29.45317646295167	170.96155224411112	149.14437994932746
-292.94239415951637	-24.373648353721673	172.5829715127846	146.54473907102275
-283.75410153384706	-19.481138511036782	174.3292553923208	143.98761880370975
-274.50152284305074	-14.920270713132982	175.75366453979447	141.4933904489506
-266.14998951958637	-10.650288418110511	177.07806005979955	138.91464864404884
-257.2683905743425	-6.5861258906499565	178.49956712634878	136.45132836094263
-248.98257062120103	-2.701739700200341	179.5912860121125	134.08608805873692
-241.346625995454	0.9921592557022122	180.82355540112667	131.77138597981582
-233.67726495233404	4.462238047444652	181.831032057538	129.4819833433525
-226.23485144797442	7.8938000188460755	182.76562353186205	127.11499647106228
-219.03707193093595	11.177058916021588	183.82041468669706	125.04833171398936
-212.02130203832832	14.47677043484326	184.65762401894852	123.08743945972655
-205.46637827789357	17.551504160343793	185.61007734798804	120.8867321015188
-198.6230158648992	20.451442151439927	186.36382257053705	118.95603373806296
-191.96960999135553	23.486625915790267	187.28405710234887	116.9709294238572
-185.733307670136	26.386420956290245	188.0909302476865	115.04439415127561
-179.67627929998648	29.216254955707495	188.9728393565391	113.10940657772642
-173.6110044281548	32.02841735295778	189.71712142112904	111.547301828953
-167.50675511102747	34.82875422255131	190.54044268063737	109.87967353524773
-161.93486340880995	37.61941430774976	191.21221256537964	108.65049590482931
-156.58959265449076	40.32096001699507	191.95758014695022	107.38235491428503
-151.7919108841531	43.0278249721634	192.70138738011568	106.28623463265419
-147.08370638780983	45.66685548078358	193.4718484694304	105.33292521719656
-142.54443787814762	48.19140254144952	194.22833219723432	104.58878314932788
-139.03539336329965	50.80767532015953	195.1079461126843	104.16320020503593
-135.5000570177493	53.22852744741708	195.91875303295345	103.81662962778893
-132.26976372651802	55.70886425373922	196.74732221786127	103.28752973988811
-129.26119371730817	58.170591722209124	197.52536945227357	102.97082355980628
-126.44606310761222	60.667502193807486	198.40391657427392	102.68018597144163
-123.57256969090706	62.99662703401536	199.2249129767169	102.41405037872106
-120.54300356500275	65.31330177996497	200.05524088353351	102.07878223107589
-117.69294547032268	67.65559701699645	200.8026194554264	101.84433574798545
-114.7857228653252	69.95867314340202	201.58589220845639	101.50601788042314
-112.31895672729989	72.25366552729628	202.51421127212282	101.29441651631478
-109.77522653412791	74.57992324380552	203.28816624515161	100.9456715449563
-107.5214970731479	76.75460684520675	204.06473722350592	100.68829870884451
-105.05283823012535	79.05138738398742	204.9161850569753	100.40568623624362
-102.96733985427203	81.28921335814174	205.7494256379394	100.1229150620589
-100.82140508497127	83.4835613870249	206.56417682154859	99.94240353788891
-98.82761204232128	85.77466002389582	207.39795997986636	99.68373547574721
-96.73979269031025	87.98870683719602	208.38466270363745	99.46965433134103
-94.61485191514109	90.084053659915	209.34148858133202	99.27271380511104
-92.49643025537857	92.30636091729733	210.42870221039286	99.18812779379223
-90.5807551351674	94.50285254568811	211.64357989841952	99.05498272279596
-88.23365475690686	96.7835970720428	212.65057222500639	98.9359692137782
-85.86350702121578	99.01858213537989	214.08508410439362	98.76522216771664
-84.06360444080568	101.24836658184681	215.6768849289842	98.80386340465544
-81.90724092345496	103.53781866978673	217.45519585671838	98.6161757846866
-79.5099412977013	105.7719749174914	219.3314843457874	98.49813830549668
-77.48643391496441	107.9773767270084	221.2690104557229	98.4521031539369
-75.3820502262627	110.18007701536135	223.60500827495295	98.4938384311161
-73.26755400483934	112.5259866576109	226.17390198417777	98.33683163217141
-70.93026840044105	114.86129641923317	229.15717944210553	98.35581243048694
-68.51110059139842	117.27846576869445	232.41070639634762	98.40004353199177
-66.37435230856128	119.69948608310182	235.99364895702735	98.35660350857758
-63.41919852712468	122.1015145855039	239.81791647766414	98.39343612266592
-60.963906862242276	124.60955904768613	244.46454970220282	98.41341144396132
-58.34262200331318	127.1401002475676	249.25507475941743	98.39681182799076
-55.31572342587056	129.6200301487985	255.0746731312177	98.34777153713313
-51.702884046584195	132.2343337753618	261.5120324957389	98.50920693198415
-48.632509638909795	134.95157293001793	269.31362052411953	98.69757230415567
-45.55512269504934	137.8104346789882	277.5830619850445	98.7408497486664
-41.59998669464266	140.70641883159885	286.0718584404262	98.90500869021324
-37.787287254516315	143.67457419811825	295.58630974400114	99.17592358189319
-33.55107144535676	146.7050506753083	304.89026738970875	99.33137053455336
-28.411024994200798	149.8838588758237	314.9151106812993	99.5644526357536
-23.98150699171114	153.38840774971948	325.0879390687266	100.10606078005128
-18.683520903843874	156.93935430637356	336.15659521206805	100.5501689012641
-12.879687751108039	160.7585741479167	347.5874155415577	101.0478793214818
-7.439920036504548	164.70957080162333	359.73711883584923	101.74025345926029
-1.1512439646724706	168.95385051723116	372.62850474202463	102.38577879754601
4.549547302936038	173.39631903356133	386.3069119996375	103.6829561449512
9.02560135030924	178.24323418067726	401.1142535852262	105.32748593354913
12.822435802401941	183.66549410517882	417.002830010771	107.58979043155392
16.927793683493462	189.36540107319342	434.16327114634987	110.23033897985513
21.22859788127002	195.79612512085677	453.0623468136037	113.72338273448193
24.75507219441122	203.0897276316614	474.33355563751525	118.25804266694695
29.138504704032943	211.33028758264572	498.3823882771628	124.28350537162598
33.909206118304674	221.51928411774418	527.0067707445211	132.6094465158136
39.51648867705932	234.83934797914023	562.6264703105103	144.66684628341744
47.44314238762278	253.55174074339027	610.1538176747632	165.86594453632858
58.04648296222449	285.4798384357887	685.3411057080713	205.03757013698015
97.12540916136669	471.7608517735763	1111.9333158599807	409.7741351483385
