1.004789341549255	0.8903303959420862	0.19402857583339886	1.923540496058925	0.3986464748730787	1.0	1.0	1.0	1.0	1.0	1.0	1.0	1.0	1.0	1.0	1.0	1.0	1.0	0.0	1.0
1.0042672412440012	0.9183848063285867	0.19747273048105082	1.689742443037223	0.41267255852293294	1.0	1.0	1.0	1.0	1.0	1.0	1.0	1.0	1.0	1.0	1.0	1.0	1.0	1.0	1.0
0.9988327058123591	1.1143325365738983	0.23390981613931827	1.861026369781013	0.4069425539073063	1.0	1.0	1.0	1.0	1.0	1.0	1.0	1.0	1.0	1.0	1.0	1.0	1.0	1.0	1.0
0.9724516915964948	1.0101044784425761	0.21043258175153443	1.8334496484540312	0.4285914697762638	1.0	1.0	1.0	1.0	1.0	1.0	1.0	1.0	1.0	1.0	1.0	1.0	1.0	1.0	1.0
1.005127399340085	1.0019836976328238	0.1936658853478215	1.7957409197508576	0.37997023351321685	1.0	1.0	1.0	1.0	1.0	1.0	1.0	1.0	1.0	1.0	1.0	1.0	1.0	1.0	1.0
1.002539847607608	1.1564396525760465	0.20619158257075915	1.8743324417566007	0.4335851734150404	1.0	1.0	1.0	1.0	1.0	1.0	1.0	1.0	1.0	1.0	1.0	1.0	1.0	1.0	1.0
0.9989028697320191	1.0283168754958596	0.2173723345758559	1.8131751796061413	0.421205693666011	1.0	1.0	1.0	1.0	1.0	1.0	1.0	1.0	1.0	1.0	1.0	1.0	1.0	1.0	1.0
0.9975944493977655	1.0525763138957118	0.23182645952422076	1.854969931879408	0.4494648503426858	1.0	1.0	1.0	1.0	1.0	1.0	1.0	1.0	1.0	0.0	1.0	1.0	0.0	1.0	0.0
1.0109708154248884	1.1876215257664524	0.19641827633619616	1.727864076063069	0.42328017826695374	1.0	1.0	1.0	1.0	1.0	1.0	0.0	1.0	1.0	1.0	1.0	0.0	1.0	1.0	1.0
1.016460973669989	1.0618561073332804	0.19642445632572195	1.7166956707419936	0.41018079790307	1.0	1.0	1.0	1.0	1.0	1.0	1.0	1.0	1.0	1.0	1.0	1.0	1.0	1.0	1.0
0.9841407781024852	0.8825444476721795	0.1990128839046292	1.7607661347071801	0.38901081471163745	1.0	1.0	1.0	1.0	1.0	1.0	1.0	1.0	1.0	1.0	1.0	1.0	1.0	1.0	1.0
1.0187265693389362	1.0351162262381801	0.1887989949051163	1.7751070789941457	0.3554114669708893	1.0	1.0	1.0	1.0	1.0	1.0	1.0	1.0	1.0	1.0	1.0	1.0	1.0	1.0	0.0
1.0372794997047072	0.8477348863268992	0.22557059931018197	1.7888514837598966	0.4348842629148494	1.0	1.0	1.0	1.0	1.0	0.0	1.0	1.0	1.0	1.0	0.0	0.0	1.0	1.0	1.0
1.0276842837796714	0.9709707635186322	0.1742987834456408	1.8395354670235051	0.3703211358339974	1.0	1.0	1.0	1.0	1.0	1.0	1.0	1.0	1.0	1.0	1.0	1.0	1.0	1.0	1.0
0.9874307860358403	0.9072474987752017	0.23512057246413778	1.8334109683770636	0.39596515014334993	1.0	1.0	1.0	1.0	1.0	1.0	1.0	1.0	1.0	1.0	1.0	1.0	1.0	1.0	1.0
1.0182981312977402	0.9749509306196192	0.17158806690578698	1.7966580625860606	0.3864058011919745	1.0	1.0	1.0	1.0	1.0	1.0	1.0	1.0	1.0	1.0	1.0	1.0	1.0	1.0	1.0
1.0030583939083733	0.8547100359410742	0.219792765047881	1.8031859621898838	0.4042888649362956	1.0	1.0	1.0	1.0	1.0	1.0	1.0	1.0	1.0	1.0	1.0	1.0	1.0	1.0	1.0
1.0050628597774895	1.1646869950522571	0.20756721709714374	1.8496897286284952	0.4223366337341988	1.0	1.0	1.0	1.0	1.0	1.0	1.0	1.0	1.0	1.0	1.0	0.0	1.0	1.0	1.0
0.9954714996924963	0.8074800905669687	0.17566232084369343	1.8402515415679481	0.3637584770390724	1.0	1.0	1.0	1.0	1.0	1.0	0.0	1.0	1.0	1.0	1.0	0.0	1.0	1.0	1.0
1.0114689993522048	0.904254280267803	0.22567595920737946	1.7248896248473324	0.41309291598408715	1.0	1.0	1.0	1.0	1.0	1.0	1.0	1.0	1.0	1.0	1.0	1.0	1.0	1.0	1.0
0.9992477021870114	0.8342609257231622	0.22763139113904118	1.784213833269826	0.3995608173248642	1.0	1.0	1.0	1.0	1.0	1.0	1.0	1.0	1.0	1.0	1.0	0.0	1.0	1.0	1.0
0.9901792023292455	0.8755934938496713	0.21313632796153711	1.7706825917336009	0.42481249634582247	1.0	1.0	1.0	1.0	1.0	1.0	1.0	1.0	1.0	1.0	1.0	1.0	1.0	1.0	1.0
1.0091644644766762	1.0209180090899332	0.2016845633839983	1.8352000790779275	0.40397997047373535	1.0	1.0	1.0	1.0	1.0	1.0	1.0	1.0	1.0	1.0	1.0	1.0	1.0	1.0	1.0
0.9962518290171447	1.0057717480068125	0.20984764385482077	1.8212027735991334	0.4014169763758747	1.0	1.0	1.0	1.0	1.0	1.0	1.0	1.0	1.0	1.0	1.0	1.0	1.0	1.0	1.0
1.003456551178218	1.011975828464536	0.1667118291404438	1.9016707340604335	0.3896868614795073	1.0	1.0	1.0	1.0	1.0	1.0	1.0	1.0	1.0	1.0	1.0	1.0	0.0	1.0	1.0
1.033176277697381	1.013682289630123	0.1837092800858651	1.8438526380982803	0.36647952670509903	1.0	1.0	1.0	1.0	1.0	1.0	1.0	1.0	1.0	1.0	1.0	1.0	1.0	1.0	1.0
0.9837677468340966	1.0969051620809602	0.21548264627972108	1.7703433575620586	0.41125893305099614	1.0	1.0	1.0	1.0	1.0	1.0	1.0	1.0	1.0	1.0	1.0	1.0	1.0	1.0	1.0
1.0073532883963277	1.2441922245171306	0.18968048904349885	1.8716208593502242	0.42074941579555564	1.0	0.0	1.0	1.0	1.0	1.0	0.0	1.0	1.0	1.0	1.0	0.0	1.0	1.0	1.0
0.9829439530574507	0.9798433271743463	0.2091274511656652	1.9130741120145198	0.38358243791953534	1.0	1.0	1.0	1.0	1.0	1.0	1.0	1.0	1.0	1.0	1.0	1.0	1.0	0.0	1.0
0.9954154895870441	1.1136941944539451	0.22705350324977033	1.699257501845594	0.3717597921769356	1.0	1.0	1.0	1.0	1.0	1.0	1.0	1.0	1.0	1.0	1.0	1.0	1.0	1.0	1.0
1.0064689856072593	0.9870962370387988	0.2067406460409743	1.7172633563222004	0.41371927876144093	1.0	1.0	1.0	1.0	1.0	1.0	1.0	1.0	1.0	1.0	1.0	1.0	1.0	1.0	1.0
0.9933108888419032	0.8712331368268251	0.21646155120786517	1.8258495670955577	0.4207854363604866	1.0	1.0	1.0	1.0	1.0	1.0	1.0	1.0	1.0	1.0	1.0	1.0	1.0	1.0	1.0
1.0038843072416657	1.0397136171043861	0.2011046689434088	1.7831670726302524	0.38752366926408593	1.0	1.0	1.0	1.0	1.0	1.0	1.0	1.0	1.0	1.0	1.0	1.0	1.0	1.0	1.0
1.0082339115308787	0.886131187660469	0.19084022227107697	1.7329815550629217	0.41659696543683766	1.0	1.0	1.0	1.0	1.0	1.0	1.0	1.0	1.0	1.0	1.0	1.0	1.0	1.0	1.0
1.005190455399374	0.9864926392807057	0.2078628615939223	1.9021280309012742	0.4216324190112304	1.0	1.0	1.0	1.0	1.0	1.0	1.0	1.0	1.0	1.0	1.0	1.0	1.0	1.0	1.0
1.0066707990961188	1.0707659256089854	0.2142333813841132	1.8939659055951867	0.4078100019671573	1.0	1.0	1.0	1.0	1.0	1.0	1.0	1.0	1.0	1.0	1.0	1.0	1.0	1.0	1.0
1.0264204566772366	1.089451538792248	0.20178301456708583	1.7330494447335316	0.43943010578079894	1.0	1.0	1.0	1.0	1.0	1.0	1.0	1.0	1.0	1.0	0.0	1.0	1.0	1.0	0.0
1.0038433153896924	0.8990509423465534	0.1999376081919525	1.8033510482368387	0.3726318871836953	1.0	1.0	1.0	1.0	1.0	1.0	1.0	1.0	1.0	1.0	1.0	1.0	1.0	1.0	1.0
0.9662941088145424	0.9710492384675036	0.18341887603943446	1.7546798029819475	0.4138557212126225	1.0	1.0	1.0	1.0	1.0	0.0	1.0	1.0	1.0	1.0	0.0	1.0	1.0	1.0	1.0
0.9923243127982107	0.9348092069291635	0.19769272250782277	1.8025433382124203	0.3732548936046211	1.0	1.0	1.0	1.0	1.0	1.0	1.0	1.0	1.0	1.0	1.0	1.0	1.0	1.0	1.0
0.9999706752425889	1.0410601950798426	0.1609780697073189	1.9026322882871856	0.3724826905305823	1.0	1.0	1.0	1.0	1.0	1.0	1.0	1.0	1.0	1.0	1.0	1.0	1.0	1.0	1.0
1.0018187396981348	1.1479702070098077	0.21056048346725728	1.693520849400886	0.4078124510179092	1.0	1.0	1.0	1.0	1.0	1.0	1.0	1.0	1.0	1.0	1.0	0.0	1.0	0.0	1.0
1.004123571225569	1.0632575409074572	0.20689945960438627	1.8590439537242947	0.41391286290637835	1.0	1.0	1.0	1.0	1.0	1.0	1.0	1.0	1.0	1.0	1.0	1.0	1.0	1.0	1.0
0.9974327437280279	1.0232547575959776	0.2216977628935342	1.874113133943593	0.4219314452241877	1.0	1.0	1.0	1.0	1.0	1.0	1.0	1.0	1.0	1.0	1.0	1.0	1.0	1.0	1.0
1.0237351380818243	1.1506355603255336	0.16621267870120515	1.812476355530799	0.41144861263945165	1.0	1.0	1.0	1.0	1.0	1.0	1.0	1.0	1.0	1.0	1.0	1.0	0.0	1.0	1.0
1.0100025314024603	1.1184581639967555	0.19937478542024878	1.862574962467467	0.4112086179233476	1.0	1.0	1.0	1.0	1.0	1.0	1.0	1.0	1.0	1.0	1.0	1.0	1.0	1.0	1.0
1.0391840007383266	0.9725415491324486	0.1825081177942553	1.8569784204993947	0.3891577467694797	1.0	1.0	1.0	1.0	1.0	0.0	1.0	1.0	1.0	1.0	0.0	1.0	1.0	1.0	1.0
1.0201475759602134	1.1163354320075958	0.2019421807967935	1.7390330505578548	0.3898462732740769	1.0	1.0	1.0	1.0	1.0	1.0	1.0	1.0	1.0	1.0	1.0	1.0	1.0	1.0	1.0
0.9499842540382262	1.0460407158945764	0.21189516737214076	1.8601806393809805	0.40682235499880215	0.0	1.0	1.0	1.0	1.0	0.0	1.0	1.0	1.0	1.0	0.0	1.0	1.0	1.0	1.0
0.9763594324815335	0.9869448772389952	0.19526500447939749	1.7679229382173478	0.38908759297466394	1.0	1.0	1.0	1.0	1.0	1.0	1.0	1.0	1.0	1.0	1.0	1.0	1.0	1.0	1.0
0.9904843725712602	0.8788330807278111	0.17139871702459333	1.850983900166196	0.3912658576511717	1.0	1.0	1.0	1.0	1.0	1.0	1.0	1.0	1.0	1.0	1.0	1.0	1.0	1.0	1.0
0.9932430315734626	0.9972661669252133	0.16997936841770392	1.8328732433031447	0.364499232152291	1.0	1.0	1.0	1.0	1.0	1.0	1.0	1.0	1.0	1.0	1.0	1.0	1.0	1.0	1.0
0.9933883676587942	0.9887166059135128	0.19970515583454818	1.810209825662263	0.3770184971351077	1.0	1.0	1.0	1.0	1.0	1.0	1.0	1.0	1.0	1.0	1.0	1.0	1.0	1.0	1.0
0.9974698682149349	1.1180640810721025	0.20703926402865194	1.9173050659179425	0.4059242207125833	1.0	1.0	1.0	1.0	1.0	1.0	1.0	1.0	1.0	1.0	1.0	1.0	1.0	0.0	1.0
1.0016056146731451	1.1057250612675316	0.2150945173209744	1.8073297119265632	0.39850859552230233	1.0	1.0	1.0	1.0	1.0	1.0	1.0	1.0	1.0	1.0	1.0	1.0	1.0	1.0	1.0
0.9993566546523481	0.9952107012648479	0.17383884466611044	1.7814925665157142	0.3910837172731275	1.0	1.0	1.0	1.0	1.0	1.0	1.0	1.0	1.0	1.0	1.0	1.0	1.0	1.0	1.0
1.0171013740905923	0.8562343316662263	0.18430027940362156	1.756268958990449	0.3894181696024068	1.0	1.0	1.0	1.0	1.0	1.0	1.0	1.0	1.0	1.0	1.0	0.0	1.0	1.0	1.0
1.0247831951858086	1.0198595484477015	0.1542601669082055	1.8759272040713044	0.3679503797788298	1.0	1.0	1.0	1.0	1.0	1.0	1.0	0.0	1.0	1.0	1.0	1.0	0.0	1.0	1.0
1.0117233594571917	1.002976838674956	0.19495536382731915	1.9910820434705827	0.4034605242011381	1.0	1.0	1.0	1.0	1.0	1.0	1.0	1.0	0.0	1.0	1.0	1.0	1.0	0.0	1.0
1.0200736459351711	0.9669806194647801	0.20898637166869688	1.8153658279556906	0.407857843966987	1.0	1.0	1.0	1.0	1.0	1.0	1.0	1.0	1.0	1.0	1.0	1.0	1.0	1.0	1.0
1.0038802918082397	0.9192008257231504	0.2028301440168605	1.8523729798827147	0.39913671535154543	1.0	1.0	1.0	1.0	1.0	1.0	1.0	1.0	1.0	1.0	1.0	1.0	1.0	1.0	1.0
1.0491835036176231	1.257783094270594	0.20336124788295837	1.8261961219315284	0.3880297877412414	1.0	0.0	1.0	1.0	1.0	0.0	0.0	1.0	1.0	1.0	0.0	0.0	1.0	1.0	1.0
0.9989276623143223	1.1914329006246966	0.18254997530859018	1.7790438313173549	0.3958259108157123	1.0	1.0	1.0	1.0	1.0	1.0	0.0	1.0	1.0	1.0	1.0	0.0	1.0	1.0	1.0
0.9946605872384058	0.9309994708422273	0.16050184200284418	1.8427316568309478	0.3538893191007795	1.0	1.0	1.0	1.0	1.0	1.0	1.0	1.0	1.0	1.0	1.0	1.0	1.0	1.0	0.0
0.9768958374884409	0.9518498207329551	0.23516416361437487	1.86529623244279	0.4282537945353605	1.0	1.0	1.0	1.0	1.0	1.0	1.0	1.0	1.0	1.0	1.0	1.0	0.0	1.0	1.0
1.0114412487285587	0.9470304085164108	0.18904421662945692	1.7382568830802614	0.3977103834546304	1.0	1.0	1.0	1.0	1.0	1.0	1.0	1.0	1.0	1.0	1.0	1.0	1.0	1.0	1.0
0.9867730142397005	0.8660680130964172	0.1788825599325255	1.7226860718448378	0.398170578289822	1.0	1.0	1.0	1.0	1.0	1.0	1.0	1.0	1.0	1.0	1.0	1.0	1.0	1.0	1.0
0.9548077207255364	1.056716237054723	0.21772294300298622	1.777711006333586	0.3704104664305021	1.0	1.0	1.0	1.0	1.0	0.0	1.0	1.0	1.0	1.0	0.0	1.0	1.0	1.0	1.0
0.9831416489290463	1.0621247594950936	0.19136196038841521	1.9018743740361446	0.44005268407580117	1.0	1.0	1.0	1.0	1.0	1.0	1.0	1.0	1.0	1.0	1.0	1.0	1.0	1.0	0.0
0.9831090432370214	0.97638679571346	0.20079114201688403	1.8377661902362827	0.4042920067430167	1.0	1.0	1.0	1.0	1.0	1.0	1.0	1.0	1.0	1.0	1.0	1.0	1.0	1.0	1.0
0.9866026936323983	1.1331165501120133	0.2732417841237995	1.692129449888075	0.43972740558583445	1.0	1.0	0.0	1.0	1.0	1.0	1.0	0.0	1.0	1.0	1.0	1.0	0.0	1.0	1.0
0.9867702425082531	0.8900380833387314	0.17063230691029332	1.7078990172490751	0.38038591021614776	1.0	1.0	1.0	1.0	1.0	1.0	1.0	1.0	1.0	1.0	1.0	1.0	1.0	1.0	1.0
1.008390586581966	1.0201982959305558	0.15980516981234624	1.7951793077861817	0.38142401334688464	1.0	1.0	1.0	1.0	1.0	1.0	1.0	0.0	1.0	1.0	1.0	1.0	0.0	1.0	1.0
0.984364482719202	0.9389778730145805	0.17297332942674137	1.764619560385466	0.3979695551038397	1.0	1.0	1.0	1.0	1.0	1.0	1.0	1.0	1.0	1.0	1.0	1.0	1.0	1.0	1.0
0.9879789572380089	0.9583843783329968	0.19723907661765253	1.7623169481944343	0.3611074161335102	1.0	1.0	1.0	1.0	1.0	1.0	1.0	1.0	1.0	1.0	1.0	1.0	1.0	1.0	1.0
0.9769343271135272	1.1364188998579021	0.2210877739427639	1.740186141821025	0.4137973353798372	1.0	1.0	1.0	1.0	1.0	1.0	1.0	1.0	1.0	1.0	1.0	1.0	1.0	1.0	1.0
0.9982122660672967	1.1341591078416786	0.1882313178879499	1.8706346918451822	0.38899666007718453	1.0	1.0	1.0	1.0	1.0	1.0	1.0	1.0	1.0	1.0	1.0	1.0	1.0	1.0	1.0
1.0219922999523194	1.2101422210311503	0.25459778100412356	1.92317539938097	0.4269940468840922	1.0	1.0	0.0	1.0	1.0	1.0	0.0	0.0	1.0	1.0	1.0	0.0	0.0	0.0	1.0
0.9942725409332228	1.0051497516809238	0.2004073540592748	1.7299373832134675	0.4082990368860317	1.0	1.0	1.0	1.0	1.0	1.0	1.0	1.0	1.0	1.0	1.0	1.0	1.0	1.0	1.0
0.9914334609768405	1.1792928350596394	0.20673984736038656	1.8674192955206084	0.39595563141109386	1.0	1.0	1.0	1.0	1.0	1.0	1.0	1.0	1.0	1.0	1.0	0.0	1.0	1.0	1.0
0.9761863282068998	1.0290987982565396	0.21657200659370682	1.760378821044359	0.3872119738591502	1.0	1.0	1.0	1.0	1.0	1.0	1.0	1.0	1.0	1.0	1.0	1.0	1.0	1.0	1.0
0.9814375955192314	1.035287234090847	0.2048854982128283	1.883733864488723	0.39319437216661635	1.0	1.0	1.0	1.0	1.0	1.0	1.0	1.0	1.0	1.0	1.0	1.0	1.0	1.0	1.0
0.9945870201567828	0.8985523032517447	0.20677146450118153	1.7542660975223108	0.39926321823934247	1.0	1.0	1.0	1.0	1.0	1.0	1.0	1.0	1.0	1.0	1.0	1.0	1.0	1.0	1.0
1.0330416999470806	1.002874315471184	0.21926436182283637	1.772155694372034	0.3844714861016356	1.0	1.0	1.0	1.0	1.0	1.0	1.0	1.0	1.0	1.0	0.0	1.0	1.0	1.0	1.0
1.0133560087179787	1.0617806515574448	0.1737899932055319	1.7864296938262028	0.35785744731555513	1.0	1.0	1.0	1.0	1.0	1.0	1.0	1.0	1.0	1.0	1.0	1.0	1.0	1.0	0.0
0.9818141788259983	1.0075736970743345	0.22480249110944878	1.878446804212914	0.4347188112063036	1.0	1.0	1.0	1.0	1.0	1.0	1.0	1.0	1.0	1.0	1.0	1.0	1.0	1.0	1.0
1.0101643085358303	1.163038387145098	0.21085341578517128	1.833800140035757	0.44065439812097185	1.0	1.0	1.0	1.0	1.0	1.0	1.0	1.0	1.0	1.0	1.0	1.0	1.0	1.0	0.0
1.0060818935595288	0.9878869233181565	0.17323670881716413	1.7504069320968572	0.37241144377746693	1.0	1.0	1.0	1.0	1.0	1.0	1.0	1.0	1.0	1.0	1.0	1.0	1.0	1.0	1.0
1.0284205610510024	0.9182370178122373	0.1839873220815727	1.811396932024185	0.35985522260744957	1.0	1.0	1.0	1.0	1.0	1.0	1.0	1.0	1.0	1.0	1.0	1.0	1.0	1.0	1.0
1.0081473144654318	0.8780978041432803	0.1696812703568595	1.7124095614715573	0.3468068571518127	1.0	1.0	1.0	1.0	1.0	1.0	1.0	1.0	1.0	0.0	1.0	1.0	1.0	1.0	0.0
1.010404651814171	1.1297517745346195	0.2012744029459334	1.8252698540967678	0.4425224231565592	1.0	1.0	1.0	1.0	1.0	1.0	1.0	1.0	1.0	1.0	1.0	1.0	1.0	1.0	0.0
1.0092376695484326	1.056176194919779	0.20290771788928758	1.810530021146066	0.44691174708301123	1.0	1.0	1.0	1.0	1.0	1.0	1.0	1.0	1.0	0.0	1.0	1.0	1.0	1.0	0.0
0.9753135968086284	0.9990653278324629	0.20125362347902936	1.8450500094753035	0.3758811683872169	1.0	1.0	1.0	1.0	1.0	1.0	1.0	1.0	1.0	1.0	1.0	1.0	1.0	1.0	1.0
0.9852014864601563	0.9745891199682992	0.19658480784044605	1.7948691797874183	0.3948296784837694	1.0	1.0	1.0	1.0	1.0	1.0	1.0	1.0	1.0	1.0	1.0	1.0	1.0	1.0	1.0
0.9844259669867371	1.0806066317430212	0.1944096354457631	1.9086126717807703	0.40411973060562306	1.0	1.0	1.0	1.0	1.0	1.0	1.0	1.0	1.0	1.0	1.0	1.0	1.0	0.0	1.0
0.9987542853396423	0.9692029268498571	0.18141393849736234	1.788738568208607	0.390211745024831	1.0	1.0	1.0	1.0	1.0	1.0	1.0	1.0	1.0	1.0	1.0	1.0	1.0	1.0	1.0
0.9811759000297927	0.9762445513684921	0.18855824079810837	1.7880030459388043	0.3656664945501157	1.0	1.0	1.0	1.0	1.0	1.0	1.0	1.0	1.0	1.0	1.0	1.0	1.0	1.0	1.0
0.9855140987560747	1.0039979402476726	0.17909232475810077	1.793020574675771	0.3647453836841406	1.0	1.0	1.0	1.0	1.0	1.0	1.0	1.0	1.0	1.0	1.0	1.0	1.0	1.0	1.0
0.9894274769797626	0.9810920968605052	0.2173460097452468	1.872145289936442	0.4104933753019912	1.0	1.0	1.0	1.0	1.0	1.0	1.0	1.0	1.0	1.0	1.0	1.0	1.0	1.0	1.0
1.0042754486827032	1.2064152954455813	0.19397560851997445	1.9071226363328955	0.39801261700631013	1.0	1.0	1.0	1.0	1.0	1.0	0.0	1.0	1.0	1.0	1.0	0.0	1.0	0.0	1.0
1.0073647797534862	0.9769158193326822	0.2057891382866188	1.7513103955577447	0.38310425508607204	1.0	1.0	1.0	1.0	1.0	1.0	1.0	1.0	1.0	1.0	1.0	1.0	1.0	1.0	1.0
0.9899575356717504	1.0675077290112134	0.2095999858665164	1.8103714673737843	0.401811305947	1.0	1.0	1.0	1.0	1.0	1.0	1.0	1.0	1.0	1.0	1.0	1.0	1.0	1.0	1.0
0.9735284028051036	1.1377203305241854	0.20599900953769051	1.8172734228796725	0.4088708902305035	1.0	1.0	1.0	1.0	1.0	1.0	1.0	1.0	1.0	1.0	1.0	1.0	1.0	1.0	1.0
0.9902945791473489	1.0069256379632547	0.18343253599245335	1.8193539784103538	0.3574292754651751	1.0	1.0	1.0	1.0	1.0	1.0	1.0	1.0	1.0	1.0	1.0	1.0	1.0	1.0	0.0
0.9667153449137199	1.0349195015981163	0.21393270091670238	2.0494247999821704	0.42139418403285545	1.0	1.0	1.0	0.0	1.0	1.0	1.0	1.0	0.0	1.0	0.0	1.0	1.0	0.0	1.0
0.999826675132726	1.0272646368489358	0.17700329485777888	1.8669099778700722	0.408742275576241	1.0	1.0	1.0	1.0	1.0	1.0	1.0	1.0	1.0	1.0	1.0	1.0	1.0	1.0	1.0
1.016013255790063	0.9781375035168285	0.22242696666005804	1.8890400134437266	0.36980184062177457	1.0	1.0	1.0	1.0	1.0	1.0	1.0	1.0	1.0	1.0	1.0	1.0	1.0	1.0	1.0
0.997316376739003	0.8945151088584151	0.1851293004567298	1.7222350021614872	0.3791607677243563	1.0	1.0	1.0	1.0	1.0	1.0	1.0	1.0	1.0	1.0	1.0	1.0	1.0	1.0	1.0
1.0320382133503645	0.9182620049542708	0.20257955620905405	1.8401624441259683	0.39510738416149477	1.0	1.0	1.0	1.0	1.0	1.0	1.0	1.0	1.0	1.0	0.0	1.0	1.0	1.0	1.0
0.9782490455692212	0.9776217217695534	0.20575285853790948	1.6845094082639556	0.3657925578320271	1.0	1.0	1.0	1.0	1.0	1.0	1.0	1.0	1.0	1.0	1.0	1.0	1.0	0.0	1.0
1.0090133403589334	0.9574581456039436	0.19907272777156323	1.7820577589214008	0.3750314210804407	1.0	1.0	1.0	1.0	1.0	1.0	1.0	1.0	1.0	1.0	1.0	1.0	1.0	1.0	1.0
1.0297588674644036	0.9599769509537113	0.17347715728415083	1.7472896335786703	0.37301001139835915	1.0	1.0	1.0	1.0	1.0	1.0	1.0	1.0	1.0	1.0	1.0	1.0	1.0	1.0	1.0
0.9857761003753807	1.0085556327447431	0.21286679658757035	1.7280839739435259	0.3876578274647907	1.0	1.0	1.0	1.0	1.0	1.0	1.0	1.0	1.0	1.0	1.0	1.0	1.0	1.0	1.0
1.0005698497450966	0.9834171719412723	0.1976407719233276	1.90292994473555	0.42236616736579763	1.0	1.0	1.0	1.0	1.0	1.0	1.0	1.0	1.0	1.0	1.0	1.0	1.0	1.0	1.0
0.9893419601215377	0.8096282335244456	0.13119181854536077	1.7829193825342842	0.32471209242752846	1.0	1.0	0.0	1.0	0.0	1.0	0.0	0.0	1.0	0.0	1.0	0.0	0.0	1.0	0.0
1.0164480716799753	0.937157861720518	0.1946577218926279	1.833703931283237	0.4196588022384704	1.0	1.0	1.0	1.0	1.0	1.0	1.0	1.0	1.0	1.0	1.0	1.0	1.0	1.0	1.0
0.9668122696674051	0.965081116149534	0.17634513355221543	1.8838322577584965	0.42947713561644085	1.0	1.0	1.0	1.0	1.0	0.0	1.0	1.0	1.0	1.0	0.0	1.0	1.0	1.0	1.0
1.0344599587259222	1.1821856391097578	0.17156019220375013	1.86800608980678	0.37614086076150216	1.0	1.0	1.0	1.0	1.0	1.0	0.0	1.0	1.0	1.0	0.0	0.0	1.0	1.0	1.0
0.9869544015951411	1.1360806392304836	0.22298003336245897	1.7997635683670392	0.38094664633199005	1.0	1.0	1.0	1.0	1.0	1.0	1.0	1.0	1.0	1.0	1.0	1.0	1.0	1.0	1.0
0.9622013577435584	0.9709270080210528	0.19135245604247703	1.819073098129209	0.3863607705243199	1.0	1.0	1.0	1.0	1.0	0.0	1.0	1.0	1.0	1.0	0.0	1.0	1.0	1.0	1.0
1.0264389198481005	1.0526292011125835	0.14220469107961545	1.7850525231791252	0.34659223295878144	1.0	1.0	1.0	1.0	1.0	1.0	1.0	0.0	1.0	0.0	1.0	1.0	0.0	1.0	0.0
1.0130297178885868	1.1457563081878348	0.206929818849019	1.7623118696045426	0.39196778169146274	1.0	1.0	1.0	1.0	1.0	1.0	1.0	1.0	1.0	1.0	1.0	0.0	1.0	1.0	1.0
1.0363135849547758	0.9464053073212577	0.2068453422666973	1.7932244070222338	0.3940938222883057	1.0	1.0	1.0	1.0	1.0	1.0	1.0	1.0	1.0	1.0	0.0	1.0	1.0	1.0	1.0
1.0075370245757473	0.9304608764775832	0.20718179181182594	1.7520251347474685	0.37180453981304945	1.0	1.0	1.0	1.0	1.0	1.0	1.0	1.0	1.0	1.0	1.0	1.0	1.0	1.0	1.0
1.0084903662081852	1.0620193718780078	0.19191789124271885	1.734633930829457	0.3874204757904332	1.0	1.0	1.0	1.0	1.0	1.0	1.0	1.0	1.0	1.0	1.0	1.0	1.0	1.0	1.0
1.0150574066797236	1.0695583180454171	0.21072686376954916	1.781076654278316	0.40556791144976334	1.0	1.0	1.0	1.0	1.0	1.0	1.0	1.0	1.0	1.0	1.0	1.0	1.0	1.0	1.0
0.9837644276027128	0.9178400352661868	0.22514676597773195	1.837528506778975	0.4117942245383807	1.0	1.0	1.0	1.0	1.0	1.0	1.0	1.0	1.0	1.0	1.0	1.0	1.0	1.0	1.0
0.9816234607513182	0.9814696189271239	0.19742182547717152	1.7952696804171195	0.4261440213187621	1.0	1.0	1.0	1.0	1.0	1.0	1.0	1.0	1.0	1.0	1.0	1.0	1.0	1.0	1.0
0.9734794922673223	0.8764139603659543	0.17906180301306118	1.8616290826033361	0.4058179293580428	1.0	1.0	1.0	1.0	1.0	1.0	1.0	1.0	1.0	1.0	1.0	1.0	1.0	1.0	1.0
1.0233370697818467	0.8662533187168064	0.20897784973399822	1.9359510220732594	0.39496466722256635	1.0	1.0	1.0	1.0	1.0	1.0	1.0	1.0	1.0	1.0	1.0	1.0	1.0	0.0	1.0
0.9868810363272394	1.0698650245206764	0.18276016538601783	1.8115673837951036	0.3706739299784545	1.0	1.0	1.0	1.0	1.0	1.0	1.0	1.0	1.0	1.0	1.0	1.0	1.0	1.0	1.0
0.9982677721846547	1.0516291863622507	0.1688929539455114	1.8135085362030674	0.3734934715254469	1.0	1.0	1.0	1.0	1.0	1.0	1.0	1.0	1.0	1.0	1.0	1.0	1.0	1.0	1.0
1.022328946833577	1.0878394640740299	0.20370437535676555	1.857089979986421	0.38558583002070834	1.0	1.0	1.0	1.0	1.0	1.0	1.0	1.0	1.0	1.0	1.0	1.0	1.0	1.0	1.0
0.9971982529296675	1.059508179570377	0.20883370071165192	1.8387698750248018	0.3916690924865261	1.0	1.0	1.0	1.0	1.0	1.0	1.0	1.0	1.0	1.0	1.0	1.0	1.0	1.0	1.0
0.9932085877639698	0.8636229261094355	0.20405884181631723	1.7588710340082754	0.37825289432368703	1.0	1.0	1.0	1.0	1.0	1.0	1.0	1.0	1.0	1.0	1.0	1.0	1.0	1.0	1.0
0.9751146628448248	1.0915587781386125	0.2515203066082174	1.778478177080209	0.42452328060157035	1.0	1.0	1.0	1.0	1.0	1.0	1.0	0.0	1.0	1.0	1.0	1.0	0.0	1.0	1.0
1.0363849135142114	0.9473713335964953	0.20834004334028722	1.9014053777353157	0.36465842912251994	1.0	1.0	1.0	1.0	1.0	1.0	1.0	1.0	1.0	1.0	1.0	1.0	1.0	1.0	1.0
0.9904489831666095	1.0174104009067353	0.20853363771939462	1.8183129778055038	0.4249750055700566	1.0	1.0	1.0	1.0	1.0	1.0	1.0	1.0	1.0	1.0	1.0	1.0	1.0	1.0	1.0
0.9975115359502957	1.1046678752721322	0.22794216204802215	1.8053742503641654	0.3874026993531695	1.0	1.0	1.0	1.0	1.0	1.0	1.0	1.0	1.0	1.0	1.0	1.0	1.0	1.0	1.0
0.9997043046022646	1.058946641839261	0.21139668463123049	1.9469684209829925	0.43060513411282536	1.0	1.0	1.0	1.0	1.0	1.0	1.0	1.0	0.0	1.0	1.0	1.0	1.0	0.0	1.0
1.0093600626158823	1.0226387734788405	0.20588918024378236	1.8155904452221054	0.3936050772664763	1.0	1.0	1.0	1.0	1.0	1.0	1.0	1.0	1.0	1.0	1.0	1.0	1.0	1.0	1.0
0.9943935033155216	1.0349685142690257	0.18595383027594545	1.7512358643137065	0.3786430664295655	1.0	1.0	1.0	1.0	1.0	1.0	1.0	1.0	1.0	1.0	1.0	1.0	1.0	1.0	1.0
1.0160803461056087	1.0916283542023832	0.16020147864134537	1.887964403365747	0.36037717125845736	1.0	1.0	1.0	1.0	1.0	1.0	1.0	1.0	1.0	1.0	1.0	1.0	1.0	1.0	0.0
0.9995716943482362	1.028422195928382	0.24299272012703724	1.704343125112376	0.3678197717665313	1.0	1.0	1.0	1.0	1.0	1.0	1.0	1.0	1.0	1.0	1.0	1.0	1.0	1.0	1.0
0.9944586789310577	1.0440511092353726	0.1931939320741131	1.7568657122095501	0.3853368397025325	1.0	1.0	1.0	1.0	1.0	1.0	1.0	1.0	1.0	1.0	1.0	1.0	1.0	1.0	1.0
1.012080228265153	0.9926140270996507	0.2149665370302107	1.8479787288965845	0.4161310311708539	1.0	1.0	1.0	1.0	1.0	1.0	1.0	1.0	1.0	1.0	1.0	1.0	1.0	1.0	1.0
0.9747325745314289	1.018168777605797	0.22365272063786787	1.917763026166764	0.42218050601007107	1.0	1.0	1.0	1.0	1.0	1.0	1.0	1.0	1.0	1.0	1.0	1.0	1.0	0.0	1.0
0.9982565268516926	0.8549765238329643	0.15460919581227778	1.7883526225038648	0.36032651836921725	1.0	1.0	1.0	1.0	1.0	1.0	1.0	0.0	1.0	1.0	1.0	1.0	0.0	1.0	1.0
1.0058337821095629	1.077186565298029	0.19669618898212857	1.8071223314059368	0.39554260098641175	1.0	1.0	1.0	1.0	1.0	1.0	1.0	1.0	1.0	1.0	1.0	1.0	1.0	1.0	1.0
0.9899867345349634	1.009590365133114	0.21243628240591553	1.7761275159909058	0.4082197802994732	1.0	1.0	1.0	1.0	1.0	1.0	1.0	1.0	1.0	1.0	1.0	1.0	1.0	1.0	1.0
1.0076824309275565	1.0449338350195954	0.22525213067998975	1.773752154308145	0.42470926116802293	1.0	1.0	1.0	1.0	1.0	1.0	1.0	1.0	1.0	1.0	1.0	1.0	1.0	1.0	1.0
1.0153472291256744	1.0414587958385277	0.20888523940193107	1.7334009204386909	0.42442067234553343	1.0	1.0	1.0	1.0	1.0	1.0	1.0	1.0	1.0	1.0	1.0	1.0	1.0	1.0	1.0
0.9746993128898961	1.0093282548387936	0.21025512057748283	1.7929401466725783	0.39808796065426144	1.0	1.0	1.0	1.0	1.0	1.0	1.0	1.0	1.0	1.0	1.0	1.0	1.0	1.0	1.0
1.0334089787337317	1.0450002074127291	0.19764893599028183	1.782337984589774	0.3854072989355044	1.0	1.0	1.0	1.0	1.0	1.0	1.0	1.0	1.0	1.0	0.0	1.0	1.0	1.0	1.0
1.005169828627161	1.0748230767758373	0.2430527482682131	1.7775452239923033	0.3978002943164317	1.0	1.0	1.0	1.0	1.0	1.0	1.0	1.0	1.0	1.0	1.0	1.0	0.0	1.0	1.0
1.021828636155214	1.0732506711050767	0.19999137921645394	1.819061081598008	0.36788744637401266	1.0	1.0	1.0	1.0	1.0	1.0	1.0	1.0	1.0	1.0	1.0	1.0	1.0	1.0	1.0
0.9981472543080978	0.9072967667084013	0.20500752026055888	1.7676929987970336	0.3839469715278027	1.0	1.0	1.0	1.0	1.0	1.0	1.0	1.0	1.0	1.0	1.0	1.0	1.0	1.0	1.0
0.994610330298792	1.0474530455328248	0.18260081721077162	1.8730758067656625	0.37258666637074955	1.0	1.0	1.0	1.0	1.0	1.0	1.0	1.0	1.0	1.0	1.0	1.0	1.0	1.0	1.0
1.0186420101986273	1.0276874393651116	0.22049620661304734	1.888060116388883	0.3948823210597893	1.0	1.0	1.0	1.0	1.0	1.0	1.0	1.0	1.0	1.0	1.0	1.0	1.0	1.0	1.0
1.009293097046125	1.0402744340366903	0.20814974119842508	1.7715215439288317	0.42312949427117963	1.0	1.0	1.0	1.0	1.0	1.0	1.0	1.0	1.0	1.0	1.0	1.0	1.0	1.0	1.0
0.9589684405227641	0.9684116121029627	0.20439653403920505	1.8743244692098284	0.4153539429184213	1.0	1.0	1.0	1.0	1.0	0.0	1.0	1.0	1.0	1.0	0.0	1.0	1.0	1.0	1.0
0.9971323375173057	1.0360278136486485	0.21191715958338778	1.794614292420696	0.4310467971774936	1.0	1.0	1.0	1.0	1.0	1.0	1.0	1.0	1.0	1.0	1.0	1.0	1.0	1.0	1.0
1.0128668619493475	0.996327780179483	0.19185241894617994	1.6732621081818402	0.45905366395595765	1.0	1.0	1.0	1.0	0.0	1.0	1.0	1.0	1.0	0.0	1.0	1.0	1.0	0.0	0.0
1.0247332056207288	0.9703748113042795	0.20779067993629696	1.7908592255573346	0.41567095207739824	1.0	1.0	1.0	1.0	1.0	1.0	1.0	1.0	1.0	1.0	1.0	1.0	1.0	1.0	1.0
1.038883721788611	1.1119078732987124	0.17737520460348447	1.7915887470155816	0.35963111041279106	1.0	1.0	1.0	1.0	1.0	1.0	1.0	1.0	1.0	1.0	0.0	1.0	1.0	1.0	1.0
1.0140889873938341	1.004219027288004	0.23902736060864418	1.7125566216422237	0.4490224890112746	1.0	1.0	1.0	1.0	1.0	1.0	1.0	0.0	1.0	0.0	1.0	1.0	0.0	1.0	0.0
1.025412521007136	0.9575886527867693	0.204584189566011	1.833723470233373	0.40789521990969624	1.0	1.0	1.0	1.0	1.0	1.0	1.0	1.0	1.0	1.0	1.0	1.0	1.0	1.0	1.0
1.0494131576557484	1.1331448988770236	0.18240202694135405	1.7277937809425465	0.3696388514839961	1.0	1.0	1.0	1.0	1.0	0.0	1.0	1.0	1.0	1.0	0.0	1.0	1.0	1.0	1.0
1.0086027800902089	0.8958846280909311	0.19840516196387797	1.8441047581581076	0.3719195134473504	1.0	1.0	1.0	1.0	1.0	1.0	1.0	1.0	1.0	1.0	1.0	1.0	1.0	1.0	1.0
1.0371322017194813	0.9790457075489405	0.17930142911669855	1.8995453291338442	0.3649456721952437	1.0	1.0	1.0	1.0	1.0	1.0	1.0	1.0	1.0	1.0	0.0	1.0	1.0	1.0	1.0
1.0009580694427689	1.0630270734410392	0.1956715110387013	1.7578818908117326	0.3767861014817557	1.0	1.0	1.0	1.0	1.0	1.0	1.0	1.0	1.0	1.0	1.0	1.0	1.0	1.0	1.0
1.0030699350364702	0.968557535582385	0.19742044798033168	1.7656533224755953	0.43904965700914306	1.0	1.0	1.0	1.0	1.0	1.0	1.0	1.0	1.0	1.0	1.0	1.0	1.0	1.0	1.0
1.0231780062766005	1.0499525946043862	0.18001692948945097	1.8528692457262972	0.364222899073762	1.0	1.0	1.0	1.0	1.0	1.0	1.0	1.0	1.0	1.0	1.0	1.0	1.0	1.0	1.0
1.030841562882769	1.0534817178372207	0.16640103627810926	1.9583766875823716	0.377857674312564	1.0	1.0	1.0	1.0	1.0	1.0	1.0	1.0	0.0	1.0	1.0	1.0	1.0	0.0	1.0
0.9924025997024859	1.1247851650035834	0.2009173915672595	1.7524837767177326	0.39742426847802576	1.0	1.0	1.0	1.0	1.0	1.0	1.0	1.0	1.0	1.0	1.0	1.0	1.0	1.0	1.0
0.9913818195877335	0.8583464112269806	0.2006504221126101	1.9084335326736916	0.38904115547217655	1.0	1.0	1.0	1.0	1.0	1.0	1.0	1.0	1.0	1.0	1.0	1.0	1.0	1.0	1.0
0.9825436075416369	0.9770475163069006	0.19358601629551786	1.8473808924848323	0.37505540354506833	1.0	1.0	1.0	1.0	1.0	1.0	1.0	1.0	1.0	1.0	1.0	1.0	1.0	1.0	1.0
0.9897017842956919	0.9293452732185293	0.19082439332967552	1.7191583843794043	0.39301406330182337	1.0	1.0	1.0	1.0	1.0	1.0	1.0	1.0	1.0	1.0	1.0	1.0	1.0	1.0	1.0
0.9878017867884636	0.9300435066833496	0.19865475892290016	1.854115271025328	0.4000077897029606	1.0	1.0	1.0	1.0	1.0	1.0	1.0	1.0	1.0	1.0	1.0	1.0	1.0	1.0	1.0
1.0207270939635993	1.1332679921247577	0.18069307154805825	1.8364990685693072	0.38639550746383994	1.0	1.0	1.0	1.0	1.0	1.0	1.0	1.0	1.0	1.0	1.0	1.0	1.0	1.0	1.0
0.966962352218016	0.9682489984863499	0.21569171820545577	1.794536453641847	0.3834332397330955	1.0	1.0	1.0	1.0	1.0	1.0	1.0	1.0	1.0	1.0	0.0	1.0	1.0	1.0	1.0
1.0116136183689033	0.8824111685584561	0.19067740349671167	1.7338910787611537	0.39184252610347703	1.0	1.0	1.0	1.0	1.0	1.0	1.0	1.0	1.0	1.0	1.0	1.0	1.0	1.0	1.0
0.9935295977257472	1.0882031321856735	0.23805121571076523	1.7689281553807406	0.4247756563955603	1.0	1.0	1.0	1.0	1.0	1.0	1.0	0.0	1.0	1.0	1.0	1.0	0.0	1.0	1.0
0.9978227681852252	0.9704103664201761	0.2089881099638924	1.8383370989033523	0.36180378776950395	1.0	1.0	1.0	1.0	1.0	1.0	1.0	1.0	1.0	1.0	1.0	1.0	1.0	1.0	1.0
0.9931541831440188	0.894980519412677	0.20983926115588566	1.7230300751218925	0.4217986656942025	1.0	1.0	1.0	1.0	1.0	1.0	1.0	1.0	1.0	1.0	1.0	1.0	1.0	1.0	1.0
0.9923205156041577	1.016685742386624	0.20507809234793326	1.7449706977294737	0.3902764391456333	1.0	1.0	1.0	1.0	1.0	1.0	1.0	1.0	1.0	1.0	1.0	1.0	1.0	1.0	1.0
0.9760424953457023	1.0276114372607703	0.1939615284314431	1.84355737920507	0.39773114430068035	1.0	1.0	1.0	1.0	1.0	1.0	1.0	1.0	1.0	1.0	1.0	1.0	1.0	1.0	1.0
1.0141239528680013	1.1495977882006438	0.19374452147215562	1.854302664001408	0.3943483271306708	1.0	1.0	1.0	1.0	1.0	1.0	1.0	1.0	1.0	1.0	1.0	0.0	1.0	1.0	1.0
1.0081390025612897	1.1748621271912534	0.2646250086871283	1.94812377423758	0.42761056199272734	1.0	1.0	0.0	1.0	1.0	1.0	1.0	0.0	0.0	1.0	1.0	0.0	0.0	0.0	1.0
1.034210386638382	1.080212370053708	0.19280509260620005	1.8987190209854992	0.3810346999399411	1.0	1.0	1.0	1.0	1.0	1.0	1.0	1.0	1.0	1.0	0.0	1.0	1.0	1.0	1.0
1.0357776763854973	0.8871289686610271	0.1576028437793566	1.8225574110813334	0.3336223624271976	1.0	1.0	1.0	1.0	1.0	1.0	1.0	1.0	1.0	0.0	1.0	1.0	1.0	1.0	0.0
1.0337582147193027	0.9522877259365021	0.19145386998893868	1.7756877122512444	0.3930085012122941	1.0	1.0	1.0	1.0	1.0	0.0	1.0	1.0	1.0	1.0	0.0	1.0	1.0	1.0	1.0
1.0081250524687457	0.9943061015348933	0.22907180861432944	1.8009925759851133	0.3970900100466783	1.0	1.0	1.0	1.0	1.0	1.0	1.0	1.0	1.0	1.0	1.0	1.0	1.0	1.0	1.0
0.9931797609585614	0.958362782548512	0.19654352301075215	1.8227667730942108	0.4094492388774408	1.0	1.0	1.0	1.0	1.0	1.0	1.0	1.0	1.0	1.0	1.0	1.0	1.0	1.0	1.0
0.9900462368573332	0.9311744053345217	0.22278319270539587	1.751748773264719	0.4100856380382208	1.0	1.0	1.0	1.0	1.0	1.0	1.0	1.0	1.0	1.0	1.0	1.0	1.0	1.0	1.0
0.9754090970355319	0.9683480893204023	0.2285046329878262	1.931428511569008	0.40891490383809825	1.0	1.0	1.0	1.0	1.0	1.0	1.0	1.0	1.0	1.0	1.0	1.0	1.0	0.0	1.0
1.001494253273655	1.0320431552401839	0.19711105847042368	1.8012904023954441	0.3809359570128434	1.0	1.0	1.0	1.0	1.0	1.0	1.0	1.0	1.0	1.0	1.0	1.0	1.0	1.0	1.0
0.9957653237141125	0.9847865026256244	0.21842357959320624	1.7018406404527697	0.41342327173950727	1.0	1.0	1.0	1.0	1.0	1.0	1.0	1.0	1.0	1.0	1.0	1.0	1.0	1.0	1.0
1.0064268424539302	1.0096347967507526	0.22240697910038257	1.7950732956250897	0.40913576311035643	1.0	1.0	1.0	1.0	1.0	1.0	1.0	1.0	1.0	1.0	1.0	1.0	1.0	1.0	1.0
1.0039028578044733	0.8814413356212759	0.2254276130255909	1.6921378921538441	0.4161983268969852	1.0	1.0	1.0	1.0	1.0	1.0	1.0	1.0	1.0	1.0	1.0	1.0	1.0	1.0	1.0
1.0373837727969104	1.0488447644804328	0.2217104734531981	1.8110477768858457	0.4093270447975678	1.0	1.0	1.0	1.0	1.0	1.0	1.0	1.0	1.0	1.0	0.0	1.0	1.0	1.0	1.0
1.0072071295304632	0.926871271330566	0.1919190325153679	1.7052096546794193	0.4167107059287523	1.0	1.0	1.0	1.0	1.0	1.0	1.0	1.0	1.0	1.0	1.0	1.0	1.0	1.0	1.0
0.974202564824159	1.0671531929553177	0.22442061948457176	1.8133248816862513	0.4024410941267647	1.0	1.0	1.0	1.0	1.0	1.0	1.0	1.0	1.0	1.0	1.0	1.0	1.0	1.0	1.0
1.0042658554084574	1.1596096031474852	0.19701004064619143	1.8457673829616288	0.3994759062502213	1.0	1.0	1.0	1.0	1.0	1.0	1.0	1.0	1.0	1.0	1.0	1.0	1.0	1.0	1.0
1.004591838268296	0.9557157795121058	0.18321915623678792	1.8999488794860442	0.368699081574032	1.0	1.0	1.0	1.0	1.0	1.0	1.0	1.0	1.0	1.0	1.0	1.0	1.0	1.0	1.0
0.9917309532223783	1.09363230420741	0.2052737849569718	1.8764324507806123	0.4667696909541482	1.0	1.0	1.0	1.0	0.0	1.0	1.0	1.0	1.0	0.0	1.0	1.0	1.0	1.0	0.0
0.9776424860841271	0.9662925449301616	0.21938078395149255	1.7991602392950887	0.42813108976710107	1.0	1.0	1.0	1.0	1.0	1.0	1.0	1.0	1.0	1.0	1.0	1.0	1.0	1.0	1.0
1.0061705512033539	0.9846441663604577	0.20538242630491105	1.6575539183676526	0.3966846655397198	1.0	1.0	1.0	1.0	1.0	1.0	1.0	1.0	0.0	1.0	1.0	1.0	1.0	0.0	1.0
1.0161837668725047	0.7945036796538041	0.18624490673525856	1.7169756115677377	0.3609383783377744	1.0	1.0	1.0	1.0	1.0	1.0	0.0	1.0	1.0	1.0	1.0	0.0	1.0	1.0	1.0
0.9758166481766086	1.0449679875476787	0.22176773510777278	1.8763280474649364	0.4304833004861921	1.0	1.0	1.0	1.0	1.0	1.0	1.0	1.0	1.0	1.0	1.0	1.0	1.0	1.0	1.0
0.9970965548795965	1.050938798782796	0.19693674594221602	1.7859932388770046	0.38484472188580016	1.0	1.0	1.0	1.0	1.0	1.0	1.0	1.0	1.0	1.0	1.0	1.0	1.0	1.0	1.0
1.002240275438734	1.025267797847855	0.19805899479099823	1.8615492515385725	0.4349046033893471	1.0	1.0	1.0	1.0	1.0	1.0	1.0	1.0	1.0	1.0	1.0	1.0	1.0	1.0	1.0
0.9746683402313205	1.001648264319633	0.1914575418276621	1.8269676278756934	0.36368883087786563	1.0	1.0	1.0	1.0	1.0	1.0	1.0	1.0	1.0	1.0	1.0	1.0	1.0	1.0	1.0
1.0072373189393828	1.0911272410367034	0.19371518188161777	1.7846742907682838	0.3662385635458888	1.0	1.0	1.0	1.0	1.0	1.0	1.0	1.0	1.0	1.0	1.0	1.0	1.0	1.0	1.0
1.007765323292273	1.0084947786328013	0.19094098710689003	1.8628429389051409	0.41734682933862205	1.0	1.0	1.0	1.0	1.0	1.0	1.0	1.0	1.0	1.0	1.0	1.0	1.0	1.0	1.0
1.0308158586439033	1.156743652620132	0.19283718628816854	1.7075979573393296	0.38692165030773706	1.0	1.0	1.0	1.0	1.0	1.0	1.0	1.0	1.0	1.0	1.0	0.0	1.0	1.0	1.0
0.9903357830875444	0.9035548793980963	0.2245888721251771	1.8945294306384113	0.41738701669032846	1.0	1.0	1.0	1.0	1.0	1.0	1.0	1.0	1.0	1.0	1.0	1.0	1.0	1.0	1.0
1.0017615756959497	0.9283833199510892	0.2217696403436496	1.722777055343944	0.37290083782694183	1.0	1.0	1.0	1.0	1.0	1.0	1.0	1.0	1.0	1.0	1.0	1.0	1.0	1.0	1.0
0.9904229106191348	1.0548883869963268	0.17223765415552908	1.8263955800872784	0.39253892285449904	1.0	1.0	1.0	1.0	1.0	1.0	1.0	1.0	1.0	1.0	1.0	1.0	1.0	1.0	1.0
1.0201202698454295	1.0304618380614559	0.20087153084178372	1.805021715599959	0.41947053394506545	1.0	1.0	1.0	1.0	1.0	1.0	1.0	1.0	1.0	1.0	1.0	1.0	1.0	1.0	1.0
0.9738124308027949	1.0292461828911625	0.20502841750164902	1.7140361330038003	0.39397238945578805	1.0	1.0	1.0	1.0	1.0	1.0	1.0	1.0	1.0	1.0	1.0	1.0	1.0	1.0	1.0
0.9826666607051032	1.0412482928958597	0.22597101485645835	1.8340118673153265	0.40831668639843866	1.0	1.0	1.0	1.0	1.0	1.0	1.0	1.0	1.0	1.0	1.0	1.0	1.0	1.0	1.0
1.0121317042373652	1.039692643323011	0.20221844601478833	1.9436294102787832	0.3914245344666525	1.0	1.0	1.0	1.0	1.0	1.0	1.0	1.0	0.0	1.0	1.0	1.0	1.0	0.0	1.0
1.0206702777876668	0.9262695866968806	0.1840428905126467	1.7879623916224547	0.37281442132311954	1.0	1.0	1.0	1.0	1.0	1.0	1.0	1.0	1.0	1.0	1.0	1.0	1.0	1.0	1.0
0.9956748786318865	0.9853011441107336	0.19686682847916642	1.8557850542424479	0.4020227699517763	1.0	1.0	1.0	1.0	1.0	1.0	1.0	1.0	1.0	1.0	1.0	1.0	1.0	1.0	1.0
0.9756299500840517	1.0448958903458105	0.187876028453696	1.8221195003397421	0.39543789294043435	1.0	1.0	1.0	1.0	1.0	1.0	1.0	1.0	1.0	1.0	1.0	1.0	1.0	1.0	1.0
1.0230647608674996	1.0401400474938556	0.19657853584913282	1.8209943585657842	0.39378223773969556	1.0	1.0	1.0	1.0	1.0	1.0	1.0	1.0	1.0	1.0	1.0	1.0	1.0	1.0	1.0
1.00694768627925	0.8857171029452285	0.19926205102601788	1.8274408750560636	0.42076556576566726	1.0	1.0	1.0	1.0	1.0	1.0	1.0	1.0	1.0	1.0	1.0	1.0	1.0	1.0	1.0
0.9822453259689417	1.0030023589485542	0.2119153903790854	1.865111324772497	0.4228895055829194	1.0	1.0	1.0	1.0	1.0	1.0	1.0	1.0	1.0	1.0	1.0	1.0	1.0	1.0	1.0
1.009415169084098	0.8738923012868887	0.2119251738183965	1.9055211705059687	0.40759846648626535	1.0	1.0	1.0	1.0	1.0	1.0	1.0	1.0	1.0	1.0	1.0	1.0	1.0	1.0	1.0
0.980793643085322	0.9384107391709134	0.1741356566304757	1.7925592969090867	0.3995878478123422	1.0	1.0	1.0	1.0	1.0	1.0	1.0	1.0	1.0	1.0	1.0	1.0	1.0	1.0	1.0
0.9966493531969083	1.0389083529880874	0.20773712110869916	1.8987098581871178	0.4146614565821731	1.0	1.0	1.0	1.0	1.0	1.0	1.0	1.0	1.0	1.0	1.0	1.0	1.0	1.0	1.0
0.9961982449790449	0.9478247199015214	0.20429234764728746	1.7947862681239093	0.34676840209801374	1.0	1.0	1.0	1.0	1.0	1.0	1.0	1.0	1.0	1.0	1.0	1.0	1.0	1.0	0.0
0.998626877492669	1.0263074392300164	0.18667686763791522	1.79665367872087	0.38168144522809117	1.0	1.0	1.0	1.0	1.0	1.0	1.0	1.0	1.0	1.0	1.0	1.0	1.0	1.0	1.0
1.0020827546701088	1.046539579558598	0.24874133175892488	1.8177429242139898	0.4170915642516117	1.0	1.0	1.0	1.0	1.0	1.0	1.0	0.0	1.0	1.0	1.0	1.0	0.0	1.0	1.0
1.0289950507265127	1.100291510229905	0.18520405147626848	1.7278862065858331	0.35231180310971777	1.0	1.0	1.0	1.0	1.0	1.0	1.0	1.0	1.0	1.0	1.0	1.0	1.0	1.0	0.0
0.9848920818349015	0.9880206187417246	0.2169816887495399	1.9086261431570128	0.4227762739454745	1.0	1.0	1.0	1.0	1.0	1.0	1.0	1.0	1.0	1.0	1.0	1.0	1.0	1.0	1.0
0.9917355844070495	1.110039009647647	0.17732232470067455	1.7791710996140286	0.394188284943401	1.0	1.0	1.0	1.0	1.0	1.0	1.0	1.0	1.0	1.0	1.0	1.0	1.0	1.0	1.0
1.0155325030574671	0.997527586735743	0.1990753022075528	1.84985171155573	0.41143227066725624	1.0	1.0	1.0	1.0	1.0	1.0	1.0	1.0	1.0	1.0	1.0	1.0	1.0	1.0	1.0
1.0146513603192338	0.946808810119353	0.1878627309283876	1.939680584950248	0.39678334465450316	1.0	1.0	1.0	1.0	1.0	1.0	1.0	1.0	0.0	1.0	1.0	1.0	1.0	0.0	1.0
1.0021237733680253	0.9798643209574862	0.1984891768886332	1.772356225888682	0.37497825726158507	1.0	1.0	1.0	1.0	1.0	1.0	1.0	1.0	1.0	1.0	1.0	1.0	1.0	1.0	1.0
0.9998077097956524	0.9992237747805913	0.20299660871326122	1.755949992997917	0.38521640030759213	1.0	1.0	1.0	1.0	1.0	1.0	1.0	1.0	1.0	1.0	1.0	1.0	1.0	1.0	1.0
1.0354280081221807	0.9972726178443619	0.18202521407947855	1.8044148619962004	0.39596239087068985	1.0	1.0	1.0	1.0	1.0	1.0	1.0	1.0	1.0	1.0	0.0	1.0	1.0	1.0	1.0
0.9997834687157089	1.0647082544649988	0.17714806840088715	1.8578149156586166	0.36157072671077556	1.0	1.0	1.0	1.0	1.0	1.0	1.0	1.0	1.0	1.0	1.0	1.0	1.0	1.0	1.0
0.988110874399871	1.0774405741033697	0.16759286712355875	1.8889787247001049	0.3877017649206194	1.0	1.0	1.0	1.0	1.0	1.0	1.0	1.0	1.0	1.0	1.0	1.0	1.0	1.0	1.0
0.9918781055208535	1.0203655514345034	0.21987502460720657	1.6684687011234898	0.4520162171415007	1.0	1.0	1.0	1.0	1.0	1.0	1.0	1.0	1.0	1.0	1.0	1.0	1.0	0.0	0.0
0.9817815644597722	0.8413868420362356	0.2143399991883156	1.617600659436493	0.3719683308028266	1.0	1.0	1.0	0.0	1.0	1.0	1.0	1.0	0.0	1.0	1.0	0.0	1.0	0.0	1.0
0.9944473417783029	1.008761378826878	0.19258576978281614	1.8940948382061258	0.4281990498141894	1.0	1.0	1.0	1.0	1.0	1.0	1.0	1.0	1.0	1.0	1.0	1.0	1.0	1.0	1.0
0.9998863078013032	1.1462025734903625	0.18881018826389287	1.7879361887427887	0.39246113950708666	1.0	1.0	1.0	1.0	1.0	1.0	1.0	1.0	1.0	1.0	1.0	0.0	1.0	1.0	1.0
0.995483416767293	1.0138140534722158	0.19241506548706885	1.8536789126695672	0.3920063190267874	1.0	1.0	1.0	1.0	1.0	1.0	1.0	1.0	1.0	1.0	1.0	1.0	1.0	1.0	1.0
0.9980890791023382	0.9289394612014547	0.19959735882824364	1.8680944822704013	0.41226430436774136	1.0	1.0	1.0	1.0	1.0	1.0	1.0	1.0	1.0	1.0	1.0	1.0	1.0	1.0	1.0
0.9988988001871785	0.9437332645900158	0.21065437115813912	1.724538872998438	0.41969199094816906	1.0	1.0	1.0	1.0	1.0	1.0	1.0	1.0	1.0	1.0	1.0	1.0	1.0	1.0	1.0
0.9948321830742419	1.091662613881501	0.22142856116928866	1.8183271682209576	0.40593202941216794	1.0	1.0	1.0	1.0	1.0	1.0	1.0	1.0	1.0	1.0	1.0	1.0	1.0	1.0	1.0
0.9916351124026769	0.9925696953174266	0.20921770095000503	1.7437930632006013	0.4298513547350708	1.0	1.0	1.0	1.0	1.0	1.0	1.0	1.0	1.0	1.0	1.0	1.0	1.0	1.0	1.0
0.9825887894288073	0.969511494237964	0.20073083022084753	1.857441443184558	0.42348112589260417	1.0	1.0	1.0	1.0	1.0	1.0	1.0	1.0	1.0	1.0	1.0	1.0	1.0	1.0	1.0
1.0131809901290756	1.0983942912869578	0.18909228927637942	1.8257241665553745	0.40273596540359485	1.0	1.0	1.0	1.0	1.0	1.0	1.0	1.0	1.0	1.0	1.0	1.0	1.0	1.0	1.0
1.0128888725560512	1.048270824671319	0.21052603892138005	1.8894302181908693	0.38958155329592503	1.0	1.0	1.0	1.0	1.0	1.0	1.0	1.0	1.0	1.0	1.0	1.0	1.0	1.0	1.0
1.0004678474635653	0.9654792021256772	0.15755182279814386	1.8216285537178472	0.37819784127663525	1.0	1.0	1.0	1.0	1.0	1.0	1.0	0.0	1.0	1.0	1.0	1.0	0.0	1.0	1.0
1.0367640308113437	0.8131385750161982	0.18525018515435096	1.7806291749532983	0.36089659894098486	1.0	1.0	1.0	1.0	1.0	1.0	0.0	1.0	1.0	1.0	0.0	0.0	1.0	1.0	1.0
1.0143550108713846	1.141976928689303	0.16705411855360772	1.7831161278584553	0.37734666977632414	1.0	1.0	1.0	1.0	1.0	1.0	1.0	1.0	1.0	1.0	1.0	1.0	1.0	1.0	1.0
0.995612571896908	0.9809162173858244	0.19291336039337392	1.8669328020763096	0.41682539008776376	1.0	1.0	1.0	1.0	1.0	1.0	1.0	1.0	1.0	1.0	1.0	1.0	1.0	1.0	1.0
0.9824311128803027	0.8990888384382728	0.1983369810574864	1.8026788732427892	0.39086658008064273	1.0	1.0	1.0	1.0	1.0	1.0	1.0	1.0	1.0	1.0	1.0	1.0	1.0	1.0	1.0
0.985843137189035	0.9854949658275584	0.18874169269051458	1.8293235965575303	0.4075487188485975	1.0	1.0	1.0	1.0	1.0	1.0	1.0	1.0	1.0	1.0	1.0	1.0	1.0	1.0	1.0
0.9419561194222766	0.9974939790251314	0.25769406379484916	1.9043697178181602	0.4201785212791632	0.0	1.0	0.0	1.0	1.0	0.0	1.0	0.0	1.0	1.0	0.0	1.0	0.0	1.0	1.0
0.9548000824887959	0.9989150058479005	0.19484575846613814	1.83564060285635	0.4154557748432087	0.0	1.0	1.0	1.0	1.0	0.0	1.0	1.0	1.0	1.0	0.0	1.0	1.0	1.0	1.0
0.9803310885789036	1.0383311203863304	0.21365118194084576	1.8004969899759722	0.4188605393504989	1.0	1.0	1.0	1.0	1.0	1.0	1.0	1.0	1.0	1.0	1.0	1.0	1.0	1.0	1.0
1.0114758119708906	0.9655382104110078	0.20654006458302873	1.8039955526551315	0.3788363147522932	1.0	1.0	1.0	1.0	1.0	1.0	1.0	1.0	1.0	1.0	1.0	1.0	1.0	1.0	1.0
0.9995793672714237	0.9697882054272122	0.2089333409452478	1.808984822676823	0.3850044070475262	1.0	1.0	1.0	1.0	1.0	1.0	1.0	1.0	1.0	1.0	1.0	1.0	1.0	1.0	1.0
1.0029394748306169	0.9269582343898617	0.21484963161525952	1.7682922842333322	0.38282581763122836	1.0	1.0	1.0	1.0	1.0	1.0	1.0	1.0	1.0	1.0	1.0	1.0	1.0	1.0	1.0
1.0107956016747033	1.061962350868731	0.22904588853730598	1.8119882601614035	0.4155878355843225	1.0	1.0	1.0	1.0	1.0	1.0	1.0	1.0	1.0	1.0	1.0	1.0	1.0	1.0	1.0
0.9812839700934844	1.0367838434403756	0.24283668727772892	1.7752015529258387	0.4039293710998025	1.0	1.0	1.0	1.0	1.0	1.0	1.0	1.0	1.0	1.0	1.0	1.0	0.0	1.0	1.0
1.0003945967130317	1.1183365076558875	0.21515145343434391	1.7325281066701799	0.4063461915419917	1.0	1.0	1.0	1.0	1.0	1.0	1.0	1.0	1.0	1.0	1.0	1.0	1.0	1.0	1.0
1.0051414566448602	1.1550182742736637	0.1836910423017683	1.7641175482758078	0.39738413641151427	1.0	1.0	1.0	1.0	1.0	1.0	1.0	1.0	1.0	1.0	1.0	0.0	1.0	1.0	1.0
0.9885562771485747	0.9125232393940332	0.1786203895854409	1.880600232256748	0.37698729517795937	1.0	1.0	1.0	1.0	1.0	1.0	1.0	1.0	1.0	1.0	1.0	1.0	1.0	1.0	1.0
0.9990648795476642	1.030819896229251	0.23496573263391352	1.91099021011679	0.4431769824593073	1.0	1.0	1.0	1.0	1.0	1.0	1.0	1.0	1.0	1.0	1.0	1.0	0.0	1.0	0.0
1.0027408558937516	1.1050415521609513	0.204619688896187	1.7685996420141623	0.3890981729017621	1.0	1.0	1.0	1.0	1.0	1.0	1.0	1.0	1.0	1.0	1.0	1.0	1.0	1.0	1.0
0.9681255837842037	1.0415398191293246	0.22246190687063244	1.872039382955059	0.4355011293910738	1.0	1.0	1.0	1.0	1.0	1.0	1.0	1.0	1.0	1.0	0.0	1.0	1.0	1.0	1.0
1.0391364352614887	1.0986649562209376	0.2129004507449894	1.7148852216862924	0.3661737361209735	1.0	1.0	1.0	1.0	1.0	1.0	1.0	1.0	1.0	1.0	0.0	1.0	1.0	1.0	1.0
1.0128657530978116	1.055593685074773	0.2234119743640349	1.829440091449999	0.4731065407703879	1.0	1.0	1.0	1.0	0.0	1.0	1.0	1.0	1.0	0.0	1.0	1.0	1.0	1.0	0.0
0.9594960093601494	1.0568446453646434	0.2314266076231162	1.7857019821701197	0.39371348450566696	1.0	1.0	1.0	1.0	1.0	0.0	1.0	1.0	1.0	1.0	0.0	1.0	1.0	1.0	1.0
1.0087920360645681	0.9333359594656396	0.24224147746422572	1.7617871132719025	0.43263020613270536	1.0	1.0	1.0	1.0	1.0	1.0	1.0	0.0	1.0	1.0	1.0	1.0	0.0	1.0	1.0
1.0030087831671481	1.0872609501810155	0.19858353166518394	1.7447878610428815	0.4031668650544281	1.0	1.0	1.0	1.0	1.0	1.0	1.0	1.0	1.0	1.0	1.0	1.0	1.0	1.0	1.0
1.0141925018936593	0.9136540627629985	0.17762521228658093	1.7986985764707923	0.35292950050446087	1.0	1.0	1.0	1.0	1.0	1.0	1.0	1.0	1.0	1.0	1.0	1.0	1.0	1.0	0.0
1.0079138956710814	0.8152364078844772	0.18552702382396605	1.7206375309398514	0.35837537281087506	1.0	1.0	1.0	1.0	1.0	1.0	0.0	1.0	1.0	1.0	1.0	0.0	1.0	1.0	0.0
0.9925943355883985	1.025708809688102	0.22173531939848762	1.785591954256154	0.3965855325372881	1.0	1.0	1.0	1.0	1.0	1.0	1.0	1.0	1.0	1.0	1.0	1.0	1.0	1.0	1.0
1.024828607063082	0.9388463109851986	0.167940991734717	1.8381741207260056	0.35880463212750746	1.0	1.0	1.0	1.0	1.0	1.0	1.0	1.0	1.0	1.0	1.0	1.0	1.0	1.0	0.0
0.9945814797812306	0.9595366676982138	0.1926245076703957	1.8457072337936253	0.3882281371922498	1.0	1.0	1.0	1.0	1.0	1.0	1.0	1.0	1.0	1.0	1.0	1.0	1.0	1.0	1.0
1.0095263925466402	0.976219214729932	0.18253629206384112	1.753412954720117	0.4027275198743036	1.0	1.0	1.0	1.0	1.0	1.0	1.0	1.0	1.0	1.0	1.0	1.0	1.0	1.0	1.0
0.9693228412293736	1.0572276721820064	0.19870646915617718	1.8416082833532643	0.38571484208036777	1.0	1.0	1.0	1.0	1.0	1.0	1.0	1.0	1.0	1.0	0.0	1.0	1.0	1.0	1.0
0.9855031892726583	0.9340677981676757	0.22478390490852085	1.8228167770681436	0.391939502377869	1.0	1.0	1.0	1.0	1.0	1.0	1.0	1.0	1.0	1.0	1.0	1.0	1.0	1.0	1.0
1.0021875109962308	1.0762459974701322	0.18131062331105727	1.8205198538229201	0.3879880855645686	1.0	1.0	1.0	1.0	1.0	1.0	1.0	1.0	1.0	1.0	1.0	1.0	1.0	1.0	1.0
0.9996505162320138	1.01729702365439	0.20118789372362336	1.8406813550385552	0.36456931488641325	1.0	1.0	1.0	1.0	1.0	1.0	1.0	1.0	1.0	1.0	1.0	1.0	1.0	1.0	1.0
0.9999712346898143	0.9235026537601064	0.22535799175644325	1.7987525475039077	0.3930462500032351	1.0	1.0	1.0	1.0	1.0	1.0	1.0	1.0	1.0	1.0	1.0	1.0	1.0	1.0	1.0
1.0300700595355312	0.9712608626376649	0.1982089142947382	1.767654264269962	0.39350873303250655	1.0	1.0	1.0	1.0	1.0	1.0	1.0	1.0	1.0	1.0	1.0	1.0	1.0	1.0	1.0
0.9761367125726563	0.9319252777825914	0.16903564000303922	1.8235362221519884	0.38252404634893444	1.0	1.0	1.0	1.0	1.0	1.0	1.0	1.0	1.0	1.0	1.0	1.0	1.0	1.0	1.0
1.0173490317224287	1.0213763666348177	0.21203585688256998	1.8361260683297917	0.4003425383060516	1.0	1.0	1.0	1.0	1.0	1.0	1.0	1.0	1.0	1.0	1.0	1.0	1.0	1.0	1.0
0.9934385522740417	0.9361122879020911	0.20195612158232717	1.831516218432517	0.39277001072029105	1.0	1.0	1.0	1.0	1.0	1.0	1.0	1.0	1.0	1.0	1.0	1.0	1.0	1.0	1.0
1.0227658251758922	0.8632540003436752	0.17721114413841685	1.6525476381646738	0.3439844540085695	1.0	1.0	1.0	1.0	1.0	1.0	1.0	1.0	0.0	0.0	1.0	1.0	1.0	0.0	0.0
0.9868064491415939	1.031524231738431	0.19365511391637846	1.87912854159923	0.44102040996226477	1.0	1.0	1.0	1.0	1.0	1.0	1.0	1.0	1.0	1.0	1.0	1.0	1.0	1.0	0.0
1.0105946145076297	0.9775316152925574	0.21651167504142368	1.7645411433716567	0.3865762987612738	1.0	1.0	1.0	1.0	1.0	1.0	1.0	1.0	1.0	1.0	1.0	1.0	1.0	1.0	1.0
1.0042168495513792	0.9182924914458239	0.20043546665425166	1.6442324432555557	0.37285191055089134	1.0	1.0	1.0	1.0	1.0	1.0	1.0	1.0	0.0	1.0	1.0	1.0	1.0	0.0	1.0
1.013833988947868	1.0677457962175254	0.21892647953073907	1.851950908402073	0.41154309320914356	1.0	1.0	1.0	1.0	1.0	1.0	1.0	1.0	1.0	1.0	1.0	1.0	1.0	1.0	1.0
0.9773852058019873	0.8540875504215998	0.2257576626111574	1.8764388042905467	0.41129698767755746	1.0	1.0	1.0	1.0	1.0	1.0	1.0	1.0	1.0	1.0	1.0	1.0	1.0	1.0	1.0
0.9773187936265909	1.202651516034743	0.263844940898539	1.920428552620177	0.44134581757097313	1.0	1.0	0.0	1.0	1.0	1.0	1.0	0.0	1.0	1.0	1.0	0.0	0.0	0.0	0.0
0.9989636566069352	1.002715108549943	0.22391430379051885	1.7955302837037925	0.4262985150859003	1.0	1.0	1.0	1.0	1.0	1.0	1.0	1.0	1.0	1.0	1.0	1.0	1.0	1.0	1.0
1.0230976388462405	0.9776005150148082	0.18450779752321328	1.8167506605190173	0.3536188448208605	1.0	1.0	1.0	1.0	1.0	1.0	1.0	1.0	1.0	1.0	1.0	1.0	1.0	1.0	0.0
0.9940969303727072	1.0836191116081249	0.17359171719509706	1.8478388032144066	0.43035581755976193	1.0	1.0	1.0	1.0	1.0	1.0	1.0	1.0	1.0	1.0	1.0	1.0	0.0	1.0	1.0
0.9939275430123169	1.0186925831869924	0.20610472288654236	1.8062154802728294	0.384538127955639	1.0	1.0	1.0	1.0	1.0	1.0	1.0	1.0	1.0	1.0	1.0	1.0	1.0	1.0	1.0
0.9822460423614955	1.0982210191072042	0.1707352206131115	1.7913773517396039	0.3875325675600002	1.0	1.0	1.0	1.0	1.0	1.0	1.0	1.0	1.0	1.0	1.0	1.0	1.0	1.0	1.0
1.022830313215663	0.9452328684448841	0.16538142280425847	1.7632065001025745	0.37357521487509976	1.0	1.0	1.0	1.0	1.0	1.0	1.0	1.0	1.0	1.0	1.0	1.0	0.0	1.0	1.0
0.9551226743211518	1.0676662361390692	0.20860048934909484	1.8005211018306546	0.3743863297687857	1.0	1.0	1.0	1.0	1.0	0.0	1.0	1.0	1.0	1.0	0.0	1.0	1.0	1.0	1.0
1.0224499621210092	1.1550223892638172	0.21616334148419536	1.8275147764271635	0.41680131360712713	1.0	1.0	1.0	1.0	1.0	1.0	1.0	1.0	1.0	1.0	1.0	1.0	1.0	1.0	1.0
0.9792133504270105	1.006954787878544	0.1742090528824893	1.8110131292164136	0.3845708620737859	1.0	1.0	1.0	1.0	1.0	1.0	1.0	1.0	1.0	1.0	1.0	1.0	1.0	1.0	1.0
0.9982683689192959	1.1331981693959046	0.18552687202406457	1.879595212561764	0.4383355402657209	1.0	1.0	1.0	1.0	1.0	1.0	1.0	1.0	1.0	1.0	1.0	1.0	1.0	1.0	1.0
0.9926023604711041	1.1111535718149803	0.21377198803007605	1.694864599393306	0.36763006557963335	1.0	1.0	1.0	1.0	1.0	1.0	1.0	1.0	1.0	1.0	1.0	1.0	1.0	1.0	1.0
1.0039985144806458	0.9828230298569534	0.23422194528449794	1.7810167560467847	0.42736143584424424	1.0	1.0	1.0	1.0	1.0	1.0	1.0	1.0	1.0	1.0	1.0	1.0	0.0	1.0	1.0
1.0134158246130094	1.0871584294410772	0.19369537797453407	1.947101096487359	0.42061169798106923	1.0	1.0	1.0	1.0	1.0	1.0	1.0	1.0	0.0	1.0	1.0	1.0	1.0	0.0	1.0
0.9873396408247201	0.888250124554401	0.18092706936639025	1.7297797848210044	0.3808946273057717	1.0	1.0	1.0	1.0	1.0	1.0	1.0	1.0	1.0	1.0	1.0	1.0	1.0	1.0	1.0
1.0228818399668154	1.071325799402503	0.16995040680862927	1.7753779347361407	0.3834158427956037	1.0	1.0	1.0	1.0	1.0	1.0	1.0	1.0	1.0	1.0	1.0	1.0	1.0	1.0	1.0
1.0152530824241606	0.7789248347458917	0.19047189124442687	1.83236132469132	0.3686072259029711	1.0	1.0	1.0	1.0	1.0	1.0	0.0	1.0	1.0	1.0	1.0	0.0	1.0	1.0	1.0
0.9925498304711866	1.1174436949022688	0.21958703602922286	1.8095191282019913	0.4075837311749867	1.0	1.0	1.0	1.0	1.0	1.0	1.0	1.0	1.0	1.0	1.0	1.0	1.0	1.0	1.0
1.0045934730038621	1.0852023998724711	0.18755645716190011	1.7256749762880608	0.4071954676451105	1.0	1.0	1.0	1.0	1.0	1.0	1.0	1.0	1.0	1.0	1.0	1.0	1.0	1.0	1.0
1.030613436313119	0.9700454950830092	0.18535917751878617	1.7894327474847112	0.3615485372636974	1.0	1.0	1.0	1.0	1.0	1.0	1.0	1.0	1.0	1.0	1.0	1.0	1.0	1.0	1.0
1.0049808404731264	0.867507942998832	0.19525943035913984	1.7722627232231163	0.40821807006675853	1.0	1.0	1.0	1.0	1.0	1.0	1.0	1.0	1.0	1.0	1.0	1.0	1.0	1.0	1.0
0.9639998908918704	1.2028277387906168	0.23289071099189468	1.8209549414170876	0.4272425870545059	1.0	1.0	1.0	1.0	1.0	1.0	0.0	1.0	1.0	1.0	0.0	0.0	0.0	1.0	1.0
1.0201445303668661	0.9098831843603405	0.15907956696933237	1.8066865553748088	0.3637939850345794	1.0	1.0	1.0	1.0	1.0	1.0	1.0	0.0	1.0	1.0	1.0	1.0	0.0	1.0	1.0
0.9989466739148997	0.8704179669246616	0.17382176976912161	1.7602910682522663	0.3625041968565986	1.0	1.0	1.0	1.0	1.0	1.0	1.0	1.0	1.0	1.0	1.0	1.0	1.0	1.0	1.0
0.9965745775466447	0.874184082375149	0.22848087249987256	1.8865460531267764	0.37456745744308656	1.0	1.0	1.0	1.0	1.0	1.0	1.0	1.0	1.0	1.0	1.0	1.0	1.0	1.0	1.0
1.0552190343071166	1.0843872156357182	0.1708496324311478	1.7148621135066437	0.4016704802509466	0.0	1.0	1.0	1.0	1.0	0.0	1.0	1.0	1.0	1.0	0.0	1.0	1.0	1.0	1.0
0.9905683494298956	1.0340386289747898	0.16739915197196373	1.672184470949405	0.38179763425775937	1.0	1.0	1.0	1.0	1.0	1.0	1.0	1.0	0.0	1.0	1.0	1.0	1.0	0.0	1.0
0.9850884719308486	1.1210134633010351	0.22462421379950992	1.6839710295337493	0.4057086759282176	1.0	1.0	1.0	1.0	1.0	1.0	1.0	1.0	1.0	1.0	1.0	1.0	1.0	0.0	1.0
1.027436762258209	1.0642652661845622	0.23171055809844615	1.8058432261193582	0.4233193059694777	1.0	1.0	1.0	1.0	1.0	1.0	1.0	1.0	1.0	1.0	1.0	1.0	1.0	1.0	1.0
1.0022522872986879	0.990789866882531	0.20615617911995288	1.8206971920250024	0.40931377466954755	1.0	1.0	1.0	1.0	1.0	1.0	1.0	1.0	1.0	1.0	1.0	1.0	1.0	1.0	1.0
0.995698673370924	0.9136594501641466	0.20724359826782957	1.7383172410884349	0.3841761598136988	1.0	1.0	1.0	1.0	1.0	1.0	1.0	1.0	1.0	1.0	1.0	1.0	1.0	1.0	1.0
0.9877573337561105	1.2353081731386713	0.2065322291501331	1.8671833383752887	0.4214299698679375	1.0	1.0	1.0	1.0	1.0	1.0	0.0	1.0	1.0	1.0	1.0	0.0	1.0	1.0	1.0
0.9981599388256222	0.9038590866413532	0.21923094815857344	1.8153285614227028	0.42511220174977055	1.0	1.0	1.0	1.0	1.0	1.0	1.0	1.0	1.0	1.0	1.0	1.0	1.0	1.0	1.0
0.9939601380922545	1.0570879591312634	0.21107292128757632	1.7432532065870605	0.4034760062957723	1.0	1.0	1.0	1.0	1.0	1.0	1.0	1.0	1.0	1.0	1.0	1.0	1.0	1.0	1.0
0.985177076192078	0.9511801216820557	0.19816794161696055	1.750885951942775	0.3908546457497078	1.0	1.0	1.0	1.0	1.0	1.0	1.0	1.0	1.0	1.0	1.0	1.0	1.0	1.0	1.0
1.0201169486290378	0.8426365509653384	0.19793743711004372	1.8791707402904503	0.3785818533385581	1.0	1.0	1.0	1.0	1.0	1.0	1.0	1.0	1.0	1.0	1.0	0.0	1.0	1.0	1.0
1.0297618998910787	0.9947447191566283	0.19399189710640885	1.8221482116677201	0.38502420655268743	1.0	1.0	1.0	1.0	1.0	1.0	1.0	1.0	1.0	1.0	1.0	1.0	1.0	1.0	1.0
0.9890634077230911	0.9604469751293722	0.20022177344109204	1.7403151839498714	0.4140652034304206	1.0	1.0	1.0	1.0	1.0	1.0	1.0	1.0	1.0	1.0	1.0	1.0	1.0	1.0	1.0
0.9996255036786279	0.9753481595527497	0.19853109934617114	1.7925497176649103	0.39549064385577715	1.0	1.0	1.0	1.0	1.0	1.0	1.0	1.0	1.0	1.0	1.0	1.0	1.0	1.0	1.0
1.0043924556178114	1.0574385329830251	0.21660183281014578	1.913334447215328	0.4722968152153896	1.0	1.0	1.0	1.0	0.0	1.0	1.0	1.0	1.0	0.0	1.0	1.0	1.0	0.0	0.0
1.0058974996452912	1.0542780537257814	0.1914115402526327	1.7722922290715235	0.36440355973789457	1.0	1.0	1.0	1.0	1.0	1.0	1.0	1.0	1.0	1.0	1.0	1.0	1.0	1.0	1.0
0.9769406134386649	0.9874995954270522	0.18484804004620897	1.9393389851500509	0.3721861845249346	1.0	1.0	1.0	1.0	1.0	1.0	1.0	1.0	0.0	1.0	1.0	1.0	1.0	0.0	1.0
0.9712684400071008	0.9750088634932954	0.2334958923354252	1.8771018194335776	0.43529589728438384	1.0	1.0	1.0	1.0	1.0	1.0	1.0	1.0	1.0	1.0	0.0	1.0	0.0	1.0	1.0
0.9758338620086255	0.9269780101908706	0.20799076526033272	1.856044033722455	0.41370980949334546	1.0	1.0	1.0	1.0	1.0	1.0	1.0	1.0	1.0	1.0	1.0	1.0	1.0	1.0	1.0
0.9923543795868692	1.0276242883752815	0.2288719485191621	1.9005070016634493	0.45038498104601593	1.0	1.0	1.0	1.0	1.0	1.0	1.0	1.0	1.0	0.0	1.0	1.0	0.0	1.0	0.0
0.9804994908469599	1.0475910859978328	0.20543792048800363	1.8262706724962452	0.4341540272381723	1.0	1.0	1.0	1.0	1.0	1.0	1.0	1.0	1.0	1.0	1.0	1.0	1.0	1.0	1.0
1.0290947286238545	0.9481862953575008	0.2055346970929525	1.8450015372779214	0.39479877165797767	1.0	1.0	1.0	1.0	1.0	1.0	1.0	1.0	1.0	1.0	1.0	1.0	1.0	1.0	1.0
0.9841757080135841	0.9867404180155729	0.21510512605377713	1.7778167381560772	0.41068453690057716	1.0	1.0	1.0	1.0	1.0	1.0	1.0	1.0	1.0	1.0	1.0	1.0	1.0	1.0	1.0
1.005093623553867	1.0051138101870918	0.20026519826276712	1.7970975297811251	0.4210540178188746	1.0	1.0	1.0	1.0	1.0	1.0	1.0	1.0	1.0	1.0	1.0	1.0	1.0	1.0	1.0
1.0122677919411702	0.9447559232088429	0.20169964505720472	1.9039530534212394	0.3635487351115189	1.0	1.0	1.0	1.0	1.0	1.0	1.0	1.0	1.0	1.0	1.0	1.0	1.0	0.0	1.0
0.9807282669258944	0.996343691675274	0.2068877675615538	1.8035103683648832	0.3987853234897087	1.0	1.0	1.0	1.0	1.0	1.0	1.0	1.0	1.0	1.0	1.0	1.0	1.0	1.0	1.0
0.9755852677919281	0.838569316838785	0.22243814291643244	1.8779030304385884	0.39892449230498617	1.0	1.0	1.0	1.0	1.0	1.0	1.0	1.0	1.0	1.0	1.0	1.0	1.0	1.0	1.0
1.0097117194494571	0.9283500396777624	0.20045804366202277	1.8526156001718133	0.4091706009583955	1.0	1.0	1.0	1.0	1.0	1.0	1.0	1.0	1.0	1.0	1.0	1.0	1.0	1.0	1.0
0.9900455669604952	1.116177621182772	0.20657774114070798	1.8001246555258912	0.3795995109816393	1.0	1.0	1.0	1.0	1.0	1.0	1.0	1.0	1.0	1.0	1.0	1.0	1.0	1.0	1.0
0.9854451203016615	1.1436739402179625	0.20593926222615574	1.9244442385490692	0.43647857804259965	1.0	1.0	1.0	1.0	1.0	1.0	1.0	1.0	1.0	1.0	1.0	1.0	1.0	0.0	1.0
1.0239581673560039	1.0723519826684325	0.1715910389307349	1.877811245848609	0.39274417301629694	1.0	1.0	1.0	1.0	1.0	1.0	1.0	1.0	1.0	1.0	1.0	1.0	1.0	1.0	1.0
1.0072603075144932	1.051793526890958	0.21686839790266632	1.815416359349734	0.4377327565029647	1.0	1.0	1.0	1.0	1.0	1.0	1.0	1.0	1.0	1.0	1.0	1.0	1.0	1.0	1.0
0.9799130153668868	0.8205185982625831	0.1710478428248807	1.8230358073469157	0.3912363749297064	1.0	1.0	1.0	1.0	1.0	1.0	1.0	1.0	1.0	1.0	1.0	0.0	1.0	1.0	1.0
1.0216821429309806	0.954101705137212	0.2001932634050192	1.7976590131605095	0.3942202036605814	1.0	1.0	1.0	1.0	1.0	1.0	1.0	1.0	1.0	1.0	1.0	1.0	1.0	1.0	1.0
1.0173788182971724	1.0020936049437097	0.17790667334696542	1.7759505405195235	0.3907571895005324	1.0	1.0	1.0	1.0	1.0	1.0	1.0	1.0	1.0	1.0	1.0	1.0	1.0	1.0	1.0
0.9905911444525788	0.9764941714200093	0.1790389446825765	1.874069378784496	0.3540492988619387	1.0	1.0	1.0	1.0	1.0	1.0	1.0	1.0	1.0	1.0	1.0	1.0	1.0	1.0	0.0
0.957495973804194	1.1444134444819154	0.2272066593410117	1.8717343569209748	0.41627641481255595	1.0	1.0	1.0	1.0	1.0	0.0	1.0	1.0	1.0	1.0	0.0	1.0	1.0	1.0	1.0
0.9798064393575336	1.0850316285951442	0.2384454573207655	1.8922327326045183	0.4023166194297212	1.0	1.0	1.0	1.0	1.0	1.0	1.0	1.0	1.0	1.0	1.0	1.0	1.0	1.0	1.0
1.0031369108849064	0.9830368844794227	0.18418496529347073	1.8198387693385338	0.3529626431759644	1.0	1.0	1.0	1.0	1.0	1.0	1.0	1.0	1.0	1.0	1.0	1.0	1.0	1.0	0.0
1.0160170658392307	1.1376083218498287	0.21465137228048592	1.86088798017874	0.4051241668449947	1.0	1.0	1.0	1.0	1.0	1.0	1.0	1.0	1.0	1.0	1.0	1.0	1.0	1.0	1.0
1.0047601820957182	1.197959016374016	0.21101891108759746	1.7144198624108917	0.4134349324878105	1.0	1.0	1.0	1.0	1.0	1.0	0.0	1.0	1.0	1.0	1.0	0.0	1.0	1.0	1.0
1.0156758499837881	0.8881122639996227	0.19166576740887273	1.819777363337863	0.378666321572603	1.0	1.0	1.0	1.0	1.0	1.0	1.0	1.0	1.0	1.0	1.0	1.0	1.0	1.0	1.0
0.9620846905306467	1.1225551910537106	0.22720940343423157	1.7571310836026015	0.43005523543589214	1.0	1.0	1.0	1.0	1.0	0.0	1.0	1.0	1.0	1.0	0.0	1.0	1.0	1.0	1.0
1.0164400127524684	1.0729662922100638	0.23186165273896012	1.7448814496973464	0.393428265237304	1.0	1.0	1.0	1.0	1.0	1.0	1.0	1.0	1.0	1.0	1.0	1.0	1.0	1.0	1.0
0.9855034677432519	0.9705971433098511	0.17116185875628284	1.7691750086520093	0.38876061859669436	1.0	1.0	1.0	1.0	1.0	1.0	1.0	1.0	1.0	1.0	1.0	1.0	1.0	1.0	1.0
0.9811536593370214	1.0947391747461268	0.19885394596701517	1.791067714509002	0.4304936389947567	1.0	1.0	1.0	1.0	1.0	1.0	1.0	1.0	1.0	1.0	1.0	1.0	1.0	1.0	1.0
1.0003401831671126	1.004347109795838	0.22317402984379558	1.7005968802383344	0.4114051786444439	1.0	1.0	1.0	1.0	1.0	1.0	1.0	1.0	1.0	1.0	1.0	1.0	1.0	1.0	1.0
0.9839461963884023	0.9818415658876678	0.21315968811243374	1.8190242536376813	0.408862793886645	1.0	1.0	1.0	1.0	1.0	1.0	1.0	1.0	1.0	1.0	1.0	1.0	1.0	1.0	1.0
1.021525635147415	0.8607806400900044	0.1815134520549123	1.7404684938692823	0.3649310309179253	1.0	1.0	1.0	1.0	1.0	1.0	1.0	1.0	1.0	1.0	1.0	1.0	1.0	1.0	1.0
1.0042233119339794	1.1267209467495922	0.20354063914648146	1.7491702395308675	0.3848802974110735	1.0	1.0	1.0	1.0	1.0	1.0	1.0	1.0	1.0	1.0	1.0	1.0	1.0	1.0	1.0
0.9888528022440685	0.8742939702787862	0.18581942395782103	1.876873194593672	0.39954368770457555	1.0	1.0	1.0	1.0	1.0	1.0	1.0	1.0	1.0	1.0	1.0	1.0	1.0	1.0	1.0
0.9621970094284407	1.007067200507319	0.19707825054672581	1.8261912303539416	0.35492027439942403	1.0	1.0	1.0	1.0	1.0	1.0	1.0	1.0	1.0	1.0	0.0	1.0	1.0	1.0	1.0
1.0227482355459505	1.13534431613786	0.1988758652392805	1.7295061513284635	0.42427422980975227	1.0	1.0	1.0	1.0	1.0	1.0	1.0	1.0	1.0	1.0	1.0	1.0	1.0	1.0	1.0
0.9914528883777289	0.8053755791755791	0.22831687499102826	1.7308057983606218	0.3963512060407327	1.0	1.0	1.0	1.0	1.0	1.0	1.0	1.0	1.0	1.0	1.0	0.0	1.0	1.0	1.0
0.9838397071171765	1.1191213812678542	0.20791920506929665	1.9527543219211136	0.42236046485476225	1.0	1.0	1.0	1.0	1.0	1.0	1.0	1.0	0.0	1.0	1.0	1.0	1.0	0.0	1.0
1.020511923399924	1.0586238931857694	0.20146570926820287	1.6837777273181647	0.35099870705563396	1.0	1.0	1.0	1.0	1.0	1.0	1.0	1.0	0.0	1.0	1.0	1.0	1.0	0.0	0.0
0.9740871948078995	1.0820416993068447	0.20254455548517533	1.7467398122781523	0.3936880019872206	1.0	1.0	1.0	1.0	1.0	1.0	1.0	1.0	1.0	1.0	1.0	1.0	1.0	1.0	1.0
1.0124602658972168	0.8719258592807011	0.2204456462554971	1.7667283248851133	0.4194899052059416	1.0	1.0	1.0	1.0	1.0	1.0	1.0	1.0	1.0	1.0	1.0	1.0	1.0	1.0	1.0
0.9862926582581866	1.0198049968759209	0.20448486234465674	1.7546579664214217	0.39630935384800325	1.0	1.0	1.0	1.0	1.0	1.0	1.0	1.0	1.0	1.0	1.0	1.0	1.0	1.0	1.0
0.9834857495700631	1.0161915291034718	0.18163884692475593	1.8386195671380774	0.3981266389664805	1.0	1.0	1.0	1.0	1.0	1.0	1.0	1.0	1.0	1.0	1.0	1.0	1.0	1.0	1.0
0.9792996239657792	1.0863130457289372	0.19038909006288413	1.8340390098167343	0.39496715908384644	1.0	1.0	1.0	1.0	1.0	1.0	1.0	1.0	1.0	1.0	1.0	1.0	1.0	1.0	1.0
1.0157004636568499	0.989036801653586	0.22277535376585675	1.8631722893737606	0.3940990656412493	1.0	1.0	1.0	1.0	1.0	1.0	1.0	1.0	1.0	1.0	1.0	1.0	1.0	1.0	1.0
0.970490514330753	1.088646690721729	0.22916790834576758	1.7637648070500243	0.42105753264083606	1.0	1.0	1.0	1.0	1.0	1.0	1.0	1.0	1.0	1.0	1.0	1.0	1.0	1.0	1.0
0.9810631195774547	0.9135539045997575	0.1788563795445729	1.8303819210251149	0.3725503418264457	1.0	1.0	1.0	1.0	1.0	1.0	1.0	1.0	1.0	1.0	1.0	1.0	1.0	1.0	1.0
1.0005897477908212	0.9731272379250601	0.20174934205300715	1.7884653823516454	0.4178036795949931	1.0	1.0	1.0	1.0	1.0	1.0	1.0	1.0	1.0	1.0	1.0	1.0	1.0	1.0	1.0
0.9568890515558162	1.0830991237512317	0.2146310969597035	1.9088442615371373	0.4458662158012579	0.0	1.0	1.0	1.0	1.0	0.0	1.0	1.0	1.0	0.0	0.0	1.0	1.0	1.0	0.0
1.0172174679934938	1.1248712816139315	0.21803045077755695	1.8150275709702421	0.4456292187736343	1.0	1.0	1.0	1.0	1.0	1.0	1.0	1.0	1.0	1.0	1.0	1.0	1.0	1.0	0.0
0.9882564508974894	0.897398281526027	0.17801842766324794	1.7295626772572215	0.3398013333338958	1.0	1.0	1.0	1.0	1.0	1.0	1.0	1.0	1.0	0.0	1.0	1.0	1.0	1.0	0.0
0.9871321053071017	0.9961760634604397	0.18949557311328827	1.8548295485090625	0.415626991928807	1.0	1.0	1.0	1.0	1.0	1.0	1.0	1.0	1.0	1.0	1.0	1.0	1.0	1.0	1.0
0.9782625527299271	0.9594218047636641	0.19601239612055985	1.8228540301671157	0.3975038514345077	1.0	1.0	1.0	1.0	1.0	1.0	1.0	1.0	1.0	1.0	1.0	1.0	1.0	1.0	1.0
0.9643899720371646	1.0935462522862167	0.22731868555637375	1.734475834295703	0.4394383475335637	1.0	1.0	1.0	1.0	1.0	1.0	1.0	1.0	1.0	1.0	0.0	1.0	1.0	1.0	1.0
0.9803531318490811	0.9815138512972599	0.19814011183501712	1.7855399964001037	0.40401171244577083	1.0	1.0	1.0	1.0	1.0	1.0	1.0	1.0	1.0	1.0	1.0	1.0	1.0	1.0	1.0
1.0051115326651299	1.00209440962497	0.24933269386745924	1.8280409495617866	0.4450673572768917	1.0	1.0	0.0	1.0	1.0	1.0	1.0	0.0	1.0	0.0	1.0	1.0	0.0	1.0	0.0
0.9856483414384093	0.9948821383629356	0.209126004118951	1.822935329215908	0.38927675090119024	1.0	1.0	1.0	1.0	1.0	1.0	1.0	1.0	1.0	1.0	1.0	1.0	1.0	1.0	1.0
1.0052279170315699	0.9826289685904026	0.16639731361467802	1.8554060960519907	0.3329592881698881	1.0	1.0	1.0	1.0	1.0	1.0	1.0	1.0	1.0	0.0	1.0	1.0	1.0	1.0	0.0
1.004313549185813	0.9254468108423342	0.19900430720969678	1.7969009298916772	0.38394741842200725	1.0	1.0	1.0	1.0	1.0	1.0	1.0	1.0	1.0	1.0	1.0	1.0	1.0	1.0	1.0
0.9790066049176603	1.0021292884746515	0.2205220889163008	1.8534296314155134	0.41481882862480995	1.0	1.0	1.0	1.0	1.0	1.0	1.0	1.0	1.0	1.0	1.0	1.0	1.0	1.0	1.0
0.9851908203029895	1.0677983701748635	0.19036107541619357	1.7797624107027163	0.3779139488066307	1.0	1.0	1.0	1.0	1.0	1.0	1.0	1.0	1.0	1.0	1.0	1.0	1.0	1.0	1.0
0.9957989826697118	0.9972247160615844	0.17009672843929372	1.8893028431861312	0.379245953232806	1.0	1.0	1.0	1.0	1.0	1.0	1.0	1.0	1.0	1.0	1.0	1.0	1.0	1.0	1.0
0.9885295713866635	0.9536625912005653	0.20805608621462007	1.7767092374986533	0.4253795483359975	1.0	1.0	1.0	1.0	1.0	1.0	1.0	1.0	1.0	1.0	1.0	1.0	1.0	1.0	1.0
1.0073170209011688	1.0734121476594045	0.18869883663346637	1.8767726431875578	0.4085211907907325	1.0	1.0	1.0	1.0	1.0	1.0	1.0	1.0	1.0	1.0	1.0	1.0	1.0	1.0	1.0
1.0061978818490935	1.0798746805160504	0.21127639746883997	1.7404272627885367	0.42943451184773596	1.0	1.0	1.0	1.0	1.0	1.0	1.0	1.0	1.0	1.0	1.0	1.0	1.0	1.0	1.0
1.0113126554485516	1.2685770265563607	0.20999284371515536	1.7690597627577485	0.4125339946173789	1.0	0.0	1.0	1.0	1.0	1.0	0.0	1.0	1.0	1.0	1.0	0.0	1.0	1.0	1.0
0.9918694209192573	0.9847148366091709	0.1855719169089406	1.8436724761948884	0.3763432670556553	1.0	1.0	1.0	1.0	1.0	1.0	1.0	1.0	1.0	1.0	1.0	1.0	1.0	1.0	1.0
0.9775918690179461	1.0406657858184851	0.21596751925264657	1.825371209170678	0.4229080302586282	1.0	1.0	1.0	1.0	1.0	1.0	1.0	1.0	1.0	1.0	1.0	1.0	1.0	1.0	1.0
0.9998437921556788	0.8490485177710209	0.1643747068019215	1.868630155274865	0.37378777960580384	1.0	1.0	1.0	1.0	1.0	1.0	1.0	1.0	1.0	1.0	1.0	1.0	0.0	1.0	1.0
0.9829799222973193	1.0206241288259703	0.21084096461238158	1.8367896309874625	0.4130124788762349	1.0	1.0	1.0	1.0	1.0	1.0	1.0	1.0	1.0	1.0	1.0	1.0	1.0	1.0	1.0
1.0182696415947485	1.078924654634952	0.1931151889822402	1.7636487952123094	0.41633450426445195	1.0	1.0	1.0	1.0	1.0	1.0	1.0	1.0	1.0	1.0	1.0	1.0	1.0	1.0	1.0
0.9807219981050541	0.9621664412762478	0.19167222869074335	1.8116243792392432	0.3711149493560394	1.0	1.0	1.0	1.0	1.0	1.0	1.0	1.0	1.0	1.0	1.0	1.0	1.0	1.0	1.0
0.9704645094072574	0.9244584747607357	0.16191954666357233	1.8610977381749334	0.3901506285432897	1.0	1.0	1.0	1.0	1.0	1.0	1.0	0.0	1.0	1.0	0.0	1.0	0.0	1.0	1.0
0.9966142388454818	1.0911191389527648	0.22545594538566416	1.7428143253179813	0.41542593533442324	1.0	1.0	1.0	1.0	1.0	1.0	1.0	1.0	1.0	1.0	1.0	1.0	1.0	1.0	1.0
0.9946383583043473	1.01428136354265	0.20993410107373883	1.8082576945988613	0.40848271531573926	1.0	1.0	1.0	1.0	1.0	1.0	1.0	1.0	1.0	1.0	1.0	1.0	1.0	1.0	1.0
0.9922755011005795	0.906340225091889	0.20095406495630372	1.8181842606234913	0.39480298391594376	1.0	1.0	1.0	1.0	1.0	1.0	1.0	1.0	1.0	1.0	1.0	1.0	1.0	1.0	1.0
0.9983989551084007	0.8740262940277768	0.20739964658152094	1.8053654874950247	0.4085166800552845	1.0	1.0	1.0	1.0	1.0	1.0	1.0	1.0	1.0	1.0	1.0	1.0	1.0	1.0	1.0
0.9854004611195866	1.0908723632596027	0.19237521269427824	1.8662471002770893	0.37366424497472783	1.0	1.0	1.0	1.0	1.0	1.0	1.0	1.0	1.0	1.0	1.0	1.0	1.0	1.0	1.0
0.9922675185018986	0.9054807241785756	0.19852819504803187	1.7670110416708484	0.36973960250154575	1.0	1.0	1.0	1.0	1.0	1.0	1.0	1.0	1.0	1.0	1.0	1.0	1.0	1.0	1.0
1.0088015790808857	0.9262723888053978	0.13879749660677737	1.8625535550858983	0.35002335047021677	1.0	1.0	0.0	1.0	1.0	1.0	1.0	0.0	1.0	0.0	1.0	1.0	0.0	1.0	0.0
1.0257669216603194	0.8786134102383724	0.1963198953869503	1.7599421746006891	0.4016760734474142	1.0	1.0	1.0	1.0	1.0	1.0	1.0	1.0	1.0	1.0	1.0	1.0	1.0	1.0	1.0
0.9661508731386024	0.9916401484970138	0.19753656843689804	1.747627913305796	0.4280096082516338	1.0	1.0	1.0	1.0	1.0	1.0	1.0	1.0	1.0	1.0	0.0	1.0	1.0	1.0	1.0
0.9828561798632556	1.070156461657401	0.21801913186969235	1.872126977591069	0.3993992388568834	1.0	1.0	1.0	1.0	1.0	1.0	1.0	1.0	1.0	1.0	1.0	1.0	1.0	1.0	1.0
1.0076775818695431	0.9724751226533667	0.2411388140452619	1.8239015352448904	0.48131781344568	1.0	1.0	1.0	1.0	0.0	1.0	1.0	0.0	1.0	0.0	1.0	1.0	0.0	1.0	0.0
1.0046950959604555	0.8837559436577016	0.16818683577288285	1.7818518399675416	0.37152218890089744	1.0	1.0	1.0	1.0	1.0	1.0	1.0	1.0	1.0	1.0	1.0	1.0	1.0	1.0	1.0
1.0309952685977495	1.2512333253415224	0.18236530574086438	1.799265658454545	0.3904538645448805	1.0	0.0	1.0	1.0	1.0	1.0	0.0	1.0	1.0	1.0	1.0	0.0	1.0	1.0	1.0
0.9820841221205036	1.031869114993503	0.21329336583386557	1.8595728305322194	0.4243170573097732	1.0	1.0	1.0	1.0	1.0	1.0	1.0	1.0	1.0	1.0	1.0	1.0	1.0	1.0	1.0
1.0134162625722574	1.0436700858415304	0.1738188508296107	1.9366266695038612	0.3982771558099793	1.0	1.0	1.0	1.0	1.0	1.0	1.0	1.0	0.0	1.0	1.0	1.0	1.0	0.0	1.0
1.0430638774428291	0.9916945547839101	0.15438928529338555	1.78441989040125	0.3330854160661624	1.0	1.0	1.0	1.0	0.0	1.0	1.0	1.0	1.0	0.0	1.0	1.0	0.0	1.0	0.0
1.0046675114154169	0.9403397091584479	0.20614141050245816	1.908719510101535	0.41213036018513266	1.0	1.0	1.0	1.0	1.0	1.0	1.0	1.0	1.0	1.0	1.0	1.0	1.0	1.0	1.0
0.9916204982337211	1.127386067019752	0.19409048042436866	1.7050061394304072	0.42934881442626266	1.0	1.0	1.0	1.0	1.0	1.0	1.0	1.0	1.0	1.0	1.0	1.0	1.0	1.0	1.0
0.9932975200223704	1.1191787954748786	0.21440074540898282	1.8330703739491214	0.4115137148646559	1.0	1.0	1.0	1.0	1.0	1.0	1.0	1.0	1.0	1.0	1.0	1.0	1.0	1.0	1.0
1.0007606386255987	1.147762719269409	0.20202185044322338	1.9083484212449773	0.4040788319799333	1.0	1.0	1.0	1.0	1.0	1.0	1.0	1.0	1.0	1.0	1.0	1.0	1.0	1.0	1.0
0.9789069444746238	1.0386079814746256	0.2326052634529694	1.8147128999447646	0.4113557881937306	1.0	1.0	1.0	1.0	1.0	1.0	1.0	1.0	1.0	1.0	1.0	1.0	0.0	1.0	1.0
1.0003554748939019	1.024474483557537	0.19007966515396904	1.991701616007675	0.3912404511804486	1.0	1.0	1.0	0.0	1.0	1.0	1.0	1.0	0.0	1.0	1.0	1.0	1.0	0.0	1.0
1.0314517311729634	0.9181309246620847	0.2047675599331304	1.7010130472869882	0.355406174887789	1.0	1.0	1.0	1.0	1.0	1.0	1.0	1.0	1.0	1.0	1.0	1.0	1.0	1.0	1.0
1.0244099011648882	1.1373690375256402	0.22850373276443114	1.7790361580980556	0.42276386560176743	1.0	1.0	1.0	1.0	1.0	1.0	1.0	1.0	1.0	1.0	1.0	1.0	1.0	1.0	1.0
0.998697385379601	1.018092556437373	0.23921517592449518	1.841791657403332	0.40298113167624566	1.0	1.0	1.0	1.0	1.0	1.0	1.0	1.0	1.0	1.0	1.0	1.0	0.0	1.0	1.0
1.012909611760902	1.011370093056799	0.18902928358852233	1.7847758376697977	0.3975532659350087	1.0	1.0	1.0	1.0	1.0	1.0	1.0	1.0	1.0	1.0	1.0	1.0	1.0	1.0	1.0
1.0203948842729595	1.0994860414341536	0.20304663036065151	1.7799112881953507	0.4315385135877479	1.0	1.0	1.0	1.0	1.0	1.0	1.0	1.0	1.0	1.0	1.0	1.0	1.0	1.0	1.0
0.9748095213479803	0.8683081370047505	0.20870957111375305	1.9211205128270339	0.4078203188590469	1.0	1.0	1.0	1.0	1.0	1.0	1.0	1.0	1.0	1.0	1.0	1.0	1.0	1.0	1.0
0.9863102278428847	0.986615765579449	0.2173190749616846	1.8466627319391773	0.3911572073594476	1.0	1.0	1.0	1.0	1.0	1.0	1.0	1.0	1.0	1.0	1.0	1.0	1.0	1.0	1.0
0.9738975777850608	0.8168500660211077	0.21516571280238717	1.875411557654612	0.3952029628247509	1.0	1.0	1.0	1.0	1.0	1.0	1.0	1.0	1.0	1.0	1.0	0.0	1.0	1.0	1.0
0.9977795515745335	0.9929076146007777	0.21870110921345995	1.786639181742989	0.3981746503938343	1.0	1.0	1.0	1.0	1.0	1.0	1.0	1.0	1.0	1.0	1.0	1.0	1.0	1.0	1.0
0.9997906781094756	0.8883195451038235	0.24637369262379258	1.9560465062478267	0.41879886019263285	1.0	1.0	1.0	1.0	1.0	1.0	1.0	0.0	0.0	1.0	1.0	1.0	0.0	0.0	1.0
1.0059821474588082	1.1555344071009692	0.19456669095637738	1.8679841951208735	0.3762711697497647	1.0	1.0	1.0	1.0	1.0	1.0	1.0	1.0	1.0	1.0	1.0	1.0	1.0	1.0	1.0
0.9926050043906486	0.9957647685187343	0.23810674725230074	1.7316127653345943	0.4575481000338419	1.0	1.0	1.0	1.0	1.0	1.0	1.0	0.0	1.0	0.0	1.0	1.0	0.0	1.0	0.0
1.0015288224561143	0.8658262639417545	0.23093483126785014	1.7569251811262216	0.42196901982056295	1.0	1.0	1.0	1.0	1.0	1.0	1.0	1.0	1.0	1.0	1.0	1.0	1.0	1.0	1.0
0.98885123334243	0.8831352815419555	0.21310854335112436	1.7768356674598191	0.4415906470262645	1.0	1.0	1.0	1.0	1.0	1.0	1.0	1.0	1.0	1.0	1.0	1.0	1.0	1.0	0.0
1.0178850195123803	0.9927251045796651	0.17502281473721773	1.7507182448957825	0.38504568475581713	1.0	1.0	1.0	1.0	1.0	1.0	1.0	1.0	1.0	1.0	1.0	1.0	1.0	1.0	1.0
1.0048952893706629	0.905913349283899	0.2098610193480553	1.8088239558392438	0.3797963167455851	1.0	1.0	1.0	1.0	1.0	1.0	1.0	1.0	1.0	1.0	1.0	1.0	1.0	1.0	1.0
1.004441911649724	1.1390099951463253	0.19421131902382882	1.8663748181372402	0.4137445906820074	1.0	1.0	1.0	1.0	1.0	1.0	1.0	1.0	1.0	1.0	1.0	1.0	1.0	1.0	1.0
0.976453633566456	0.8278685782569766	0.1879208286285448	1.8895073409626468	0.40347193502004414	1.0	1.0	1.0	1.0	1.0	1.0	1.0	1.0	1.0	1.0	1.0	0.0	1.0	1.0	1.0
0.9743025454000132	0.8694667150677713	0.19681298279130002	1.7409524660982083	0.4107357479232418	1.0	1.0	1.0	1.0	1.0	1.0	1.0	1.0	1.0	1.0	1.0	1.0	1.0	1.0	1.0
1.0107345347738574	0.9093843322495697	0.2326105558342433	1.9625165095389063	0.40233120111140913	1.0	1.0	1.0	1.0	1.0	1.0	1.0	1.0	0.0	1.0	1.0	1.0	1.0	0.0	1.0
0.9716323534192421	0.998236706427507	0.21749129045578516	1.816283886895975	0.3989285329650365	1.0	1.0	1.0	1.0	1.0	1.0	1.0	1.0	1.0	1.0	1.0	1.0	1.0	1.0	1.0
1.025217608581	0.9754599681753312	0.20600520153554347	1.7135996660074524	0.38648380275377764	1.0	1.0	1.0	1.0	1.0	1.0	1.0	1.0	1.0	1.0	1.0	1.0	1.0	1.0	1.0
0.9673460360118011	0.8628359699800844	0.22052185463038596	1.825524497471602	0.39542434771446555	1.0	1.0	1.0	1.0	1.0	1.0	1.0	1.0	1.0	1.0	1.0	1.0	1.0	1.0	1.0
0.9946147315778903	0.927169531552978	0.20663665493341715	1.7922079534457873	0.4375872950998813	1.0	1.0	1.0	1.0	1.0	1.0	1.0	1.0	1.0	1.0	1.0	1.0	1.0	1.0	1.0
1.012298064930599	0.9629580558229953	0.19321052666311242	1.8223394250477774	0.3727773319634623	1.0	1.0	1.0	1.0	1.0	1.0	1.0	1.0	1.0	1.0	1.0	1.0	1.0	1.0	1.0
1.016872701622077	1.0821029878583728	0.20028435366874914	1.8453549630858044	0.39760746366609967	1.0	1.0	1.0	1.0	1.0	1.0	1.0	1.0	1.0	1.0	1.0	1.0	1.0	1.0	1.0
0.9871305316564456	0.9796125676027244	0.19696417448068773	1.8188831337308882	0.4177042090673334	1.0	1.0	1.0	1.0	1.0	1.0	1.0	1.0	1.0	1.0	1.0	1.0	1.0	1.0	1.0
0.9954617355087121	1.0517080780164612	0.18331468127503261	1.7307394832902283	0.3809889070914927	1.0	1.0	1.0	1.0	1.0	1.0	1.0	1.0	1.0	1.0	1.0	1.0	1.0	1.0	1.0
0.9861779683817608	1.0355648308550298	0.1905690550802369	1.7427775991386814	0.3675266935853833	1.0	1.0	1.0	1.0	1.0	1.0	1.0	1.0	1.0	1.0	1.0	1.0	1.0	1.0	1.0
1.0018359924984617	0.8889505700399414	0.21200434107569682	1.802312177757269	0.3980693633235962	1.0	1.0	1.0	1.0	1.0	1.0	1.0	1.0	1.0	1.0	1.0	1.0	1.0	1.0	1.0
0.9859647887683312	0.8445933675686506	0.181656519945075	1.7473537782886193	0.3769187048472224	1.0	1.0	1.0	1.0	1.0	1.0	1.0	1.0	1.0	1.0	1.0	1.0	1.0	1.0	1.0
1.0196252720755739	0.9956788191913666	0.24202416609916655	1.6945489155953073	0.3982789768585917	1.0	1.0	1.0	1.0	1.0	1.0	1.0	0.0	1.0	1.0	1.0	1.0	0.0	1.0	1.0
1.0064464775984618	0.9822920770840011	0.1957126553315051	1.7698284688838506	0.40478470849257076	1.0	1.0	1.0	1.0	1.0	1.0	1.0	1.0	1.0	1.0	1.0	1.0	1.0	1.0	1.0
0.9746527075387045	1.0233396327363766	0.19279868006723058	1.830925344443578	0.3774757756178845	1.0	1.0	1.0	1.0	1.0	1.0	1.0	1.0	1.0	1.0	1.0	1.0	1.0	1.0	1.0
0.9718375273167361	0.9388625954480413	0.18539959366142786	1.811102421361437	0.4053206024945397	1.0	1.0	1.0	1.0	1.0	1.0	1.0	1.0	1.0	1.0	1.0	1.0	1.0	1.0	1.0
0.9793202295798379	0.9677071299055722	0.20732390259467606	1.7733635922251898	0.42850800929231025	1.0	1.0	1.0	1.0	1.0	1.0	1.0	1.0	1.0	1.0	1.0	1.0	1.0	1.0	1.0
0.9918130867964475	1.1815167692276651	0.22498850666697554	1.6961383920617108	0.4001059717767509	1.0	1.0	1.0	1.0	1.0	1.0	0.0	1.0	1.0	1.0	1.0	0.0	1.0	0.0	1.0
1.0155260055387596	0.9509623006146665	0.2047511603284956	1.7890024841877203	0.3988021769315738	1.0	1.0	1.0	1.0	1.0	1.0	1.0	1.0	1.0	1.0	1.0	1.0	1.0	1.0	1.0
0.9964781469277688	0.9487546145055566	0.20807816407132676	1.7863239505438193	0.41019060025477455	1.0	1.0	1.0	1.0	1.0	1.0	1.0	1.0	1.0	1.0	1.0	1.0	1.0	1.0	1.0
0.9835118217214937	1.0308210905198303	0.213774626557398	1.7771443489973935	0.3937201896053459	1.0	1.0	1.0	1.0	1.0	1.0	1.0	1.0	1.0	1.0	1.0	1.0	1.0	1.0	1.0
1.0094420645210125	0.9684000329350594	0.21020454799228427	1.7292448627400234	0.38878466657113847	1.0	1.0	1.0	1.0	1.0	1.0	1.0	1.0	1.0	1.0	1.0	1.0	1.0	1.0	1.0
1.022979048919478	1.042279291591583	0.19158097638393068	1.857168533008071	0.39892459691596927	1.0	1.0	1.0	1.0	1.0	1.0	1.0	1.0	1.0	1.0	1.0	1.0	1.0	1.0	1.0
1.0092312053969381	0.9333236159729502	0.17711565018179046	1.7601459819078518	0.39965950260839084	1.0	1.0	1.0	1.0	1.0	1.0	1.0	1.0	1.0	1.0	1.0	1.0	1.0	1.0	1.0
0.9884743166074115	1.072542935341395	0.19594979383233913	1.7346477963482698	0.4159011658230011	1.0	1.0	1.0	1.0	1.0	1.0	1.0	1.0	1.0	1.0	1.0	1.0	1.0	1.0	1.0
1.0363023616128482	1.1131814920968166	0.20281647385960258	1.819709425558949	0.38708339298287203	1.0	1.0	1.0	1.0	1.0	1.0	1.0	1.0	1.0	1.0	0.0	1.0	1.0	1.0	1.0
0.994091301651076	0.9352829022599101	0.19644452616631292	1.7631007257605746	0.364870945544368	1.0	1.0	1.0	1.0	1.0	1.0	1.0	1.0	1.0	1.0	1.0	1.0	1.0	1.0	1.0
1.0230807440682088	0.9114652449398971	0.19403151131806495	1.8008534985906597	0.3750757464846399	1.0	1.0	1.0	1.0	1.0	1.0	1.0	1.0	1.0	1.0	1.0	1.0	1.0	1.0	1.0
1.0185045639073116	1.0653174279587438	0.2124449169468853	1.836811664216507	0.4350993065651848	1.0	1.0	1.0	1.0	1.0	1.0	1.0	1.0	1.0	1.0	1.0	1.0	1.0	1.0	1.0
1.019549879932866	0.9079134934250198	0.21184999982882674	1.7639795636000606	0.40139094397745784	1.0	1.0	1.0	1.0	1.0	1.0	1.0	1.0	1.0	1.0	1.0	1.0	1.0	1.0	1.0
1.013600837384586	0.9773648377591675	0.20755368338720603	1.866650788261784	0.3776898165994062	1.0	1.0	1.0	1.0	1.0	1.0	1.0	1.0	1.0	1.0	1.0	1.0	1.0	1.0	1.0
0.9779062136849812	1.0118166785873233	0.2084948683606785	1.9403964205461133	0.4180686861130458	1.0	1.0	1.0	1.0	1.0	1.0	1.0	1.0	0.0	1.0	1.0	1.0	1.0	0.0	1.0
1.0033682827328845	1.1489028269640296	0.22750647933100118	1.7201180661741906	0.4459609754764768	1.0	1.0	1.0	1.0	1.0	1.0	1.0	1.0	1.0	1.0	1.0	1.0	1.0	1.0	0.0
1.000845863895368	1.055235782084874	0.22714825751870812	1.9139394399324938	0.4227001113883271	1.0	1.0	1.0	1.0	1.0	1.0	1.0	1.0	1.0	1.0	1.0	1.0	1.0	1.0	1.0
0.9871962069323348	1.0048232918765614	0.20244698217412774	1.788502226694207	0.3861168207113665	1.0	1.0	1.0	1.0	1.0	1.0	1.0	1.0	1.0	1.0	1.0	1.0	1.0	1.0	1.0
0.9955158950819983	1.095568358503071	0.21071579128717466	1.7956724135725532	0.4213437776982301	1.0	1.0	1.0	1.0	1.0	1.0	1.0	1.0	1.0	1.0	1.0	1.0	1.0	1.0	1.0
0.9721074676495451	1.051008802719583	0.169100535921502	1.8059301081170236	0.3642987947490123	1.0	1.0	1.0	1.0	1.0	1.0	1.0	1.0	1.0	1.0	1.0	1.0	1.0	1.0	1.0
0.9824775589519912	1.0554306464794048	0.20258679166004415	1.8629389832385514	0.4025792567905493	1.0	1.0	1.0	1.0	1.0	1.0	1.0	1.0	1.0	1.0	1.0	1.0	1.0	1.0	1.0
0.9986215861066923	0.9850870928980847	0.2043763994603887	1.8075457764127452	0.4010756236016704	1.0	1.0	1.0	1.0	1.0	1.0	1.0	1.0	1.0	1.0	1.0	1.0	1.0	1.0	1.0
1.0110601717840462	0.8402620951421254	0.19307745970037365	1.7511880913751823	0.3906336372980051	1.0	1.0	1.0	1.0	1.0	1.0	1.0	1.0	1.0	1.0	1.0	0.0	1.0	1.0	1.0
1.0103407658135288	1.0127440466034245	0.18298689022115114	1.7496878218954952	0.3798789095246902	1.0	1.0	1.0	1.0	1.0	1.0	1.0	1.0	1.0	1.0	1.0	1.0	1.0	1.0	1.0
