0.9953841684995752	0.910928274924081	0.21432167948488282	1.7488691700680363	0.4021424578993129	1.0	1.0	1.0	1.0	1.0	1.0	1.0	1.0	1.0	1.0	1.0	1.0	1.0	1.0	1.0
0.9994441591141476	1.002679394431365	0.20465154053844792	1.951709825774705	0.4158336520782128	1.0	1.0	1.0	1.0	1.0	1.0	1.0	1.0	0.0	1.0	1.0	1.0	1.0	0.0	1.0
0.958744301050114	0.9605058057461964	0.18950206188509974	1.790766544340436	0.3910913947584893	1.0	1.0	1.0	1.0	1.0	0.0	1.0	1.0	1.0	1.0	0.0	1.0	1.0	1.0	1.0
1.0056085169400526	0.9926012286271544	0.1995525428264818	1.7403561062058568	0.4030135067464608	1.0	1.0	1.0	1.0	1.0	1.0	1.0	1.0	1.0	1.0	1.0	1.0	1.0	1.0	1.0
0.986155797945034	1.14249527601279	0.2133969835750796	1.759010922464889	0.42323544369627464	1.0	1.0	1.0	1.0	1.0	1.0	1.0	1.0	1.0	1.0	1.0	1.0	1.0	1.0	1.0
1.040572881029085	1.003788222520332	0.18463070549209057	1.7706739432690826	0.40763430111770316	1.0	1.0	1.0	1.0	1.0	0.0	1.0	1.0	1.0	1.0	0.0	1.0	1.0	1.0	1.0
1.02361965330264	1.1840663839931933	0.18996191286057415	1.7458160858987903	0.39464853300596625	1.0	1.0	1.0	1.0	1.0	1.0	1.0	1.0	1.0	1.0	1.0	1.0	1.0	1.0	1.0
0.9886638206181094	1.1179694250871046	0.20479958311960175	1.887824663062088	0.4498240939511528	1.0	1.0	1.0	1.0	1.0	1.0	1.0	1.0	1.0	1.0	1.0	1.0	1.0	1.0	0.0
1.0331471298088608	1.0635767662399034	0.1890640930902942	1.8172862166935255	0.37553937183825004	1.0	1.0	1.0	1.0	1.0	1.0	1.0	1.0	1.0	1.0	0.0	1.0	1.0	1.0	1.0
1.0150566462711035	1.0050970022677905	0.1702879558426896	1.875443976578115	0.3966519216824631	1.0	1.0	1.0	1.0	1.0	1.0	1.0	1.0	1.0	1.0	1.0	1.0	1.0	1.0	1.0
0.9784960480919673	1.0896732807542293	0.22455993294766027	1.845928983245428	0.42775657413012197	1.0	1.0	1.0	1.0	1.0	1.0	1.0	1.0	1.0	1.0	1.0	1.0	1.0	1.0	1.0
1.015693537338323	0.9923403999766528	0.19209686045133945	1.842519450162774	0.40701250030454766	1.0	1.0	1.0	1.0	1.0	1.0	1.0	1.0	1.0	1.0	1.0	1.0	1.0	1.0	1.0
1.024555875134724	0.9526210746919164	0.21243135531195467	1.7385465905782833	0.3873178345658599	1.0	1.0	1.0	1.0	1.0	1.0	1.0	1.0	1.0	1.0	1.0	1.0	1.0	1.0	1.0
1.0131263553544536	0.9152142168787699	0.20138343391446434	1.871062102732792	0.40827608039013424	1.0	1.0	1.0	1.0	1.0	1.0	1.0	1.0	1.0	1.0	1.0	1.0	1.0	1.0	1.0
0.9948996240309654	1.0366906597601908	0.1901869667522501	1.814933679683388	0.43353694745045906	1.0	1.0	1.0	1.0	1.0	1.0	1.0	1.0	1.0	1.0	1.0	1.0	1.0	1.0	1.0
0.996188222859953	1.0030028108054296	0.2023153421383029	1.8210044817018318	0.40804474114078937	1.0	1.0	1.0	1.0	1.0	1.0	1.0	1.0	1.0	1.0	1.0	1.0	1.0	1.0	1.0
1.0200855414474987	0.8238970260517301	0.18228121926311389	1.7500893931351373	0.3771033663820819	1.0	1.0	1.0	1.0	1.0	1.0	1.0	1.0	1.0	1.0	1.0	0.0	1.0	1.0	1.0
1.002580406995697	1.0002476211241045	0.20570508071614685	1.809245842321311	0.38574696955640825	1.0	1.0	1.0	1.0	1.0	1.0	1.0	1.0	1.0	1.0	1.0	1.0	1.0	1.0	1.0
0.9887292458355575	0.9579970237460802	0.18159559781207063	1.9130113193993274	0.3931425912260963	1.0	1.0	1.0	1.0	1.0	1.0	1.0	1.0	1.0	1.0	1.0	1.0	1.0	0.0	1.0
1.0011895458750897	1.0964257356330804	0.1754532146649908	1.6728512893452658	0.3979751895040572	1.0	1.0	1.0	1.0	1.0	1.0	1.0	1.0	0.0	1.0	1.0	1.0	1.0	0.0	1.0
0.976720738347047	1.1246582797392526	0.20448051490201186	1.7068976127284545	0.42909127374488	1.0	1.0	1.0	1.0	1.0	1.0	1.0	1.0	1.0	1.0	1.0	1.0	1.0	1.0	1.0
0.9976403185219388	0.9530743585618991	0.19937355273138765	1.8555427745988748	0.4167029803232561	1.0	1.0	1.0	1.0	1.0	1.0	1.0	1.0	1.0	1.0	1.0	1.0	1.0	1.0	1.0
1.0296113347454525	0.9577515036000155	0.20058995379336889	1.8857166761886546	0.4043634621742911	1.0	1.0	1.0	1.0	1.0	1.0	1.0	1.0	1.0	1.0	0.0	1.0	1.0	1.0	1.0
1.0276650334296933	1.0550102500019647	0.1973671981298852	1.81479829304968	0.426028990720848	1.0	1.0	1.0	1.0	1.0	1.0	1.0	1.0	1.0	1.0	1.0	1.0	1.0	1.0	1.0
1.016505907296623	1.0081291413889972	0.22317299315967093	1.8431226141879125	0.3978911166626323	1.0	1.0	1.0	1.0	1.0	1.0	1.0	1.0	1.0	1.0	1.0	1.0	1.0	1.0	1.0
0.9779866384343193	0.9635598320467137	0.20950092469033826	1.7776138721925956	0.42782626611224606	1.0	1.0	1.0	1.0	1.0	1.0	1.0	1.0	1.0	1.0	1.0	1.0	1.0	1.0	1.0
1.0061005982414408	0.9797859327182047	0.18585980377083186	1.8110306967390621	0.43179271395892926	1.0	1.0	1.0	1.0	1.0	1.0	1.0	1.0	1.0	1.0	1.0	1.0	1.0	1.0	1.0
0.9898613478577705	1.017037142290717	0.21523146138679466	1.8169769298031326	0.39381025434201655	1.0	1.0	1.0	1.0	1.0	1.0	1.0	1.0	1.0	1.0	1.0	1.0	1.0	1.0	1.0
1.0422236630615243	1.125676704592007	0.17651048078506698	1.7932101223947892	0.3896590338979555	1.0	1.0	1.0	1.0	1.0	0.0	1.0	1.0	1.0	1.0	0.0	1.0	1.0	1.0	1.0
1.0336880391530088	1.0267038551495846	0.18178269841365388	1.7307499569351152	0.3838128234446204	1.0	1.0	1.0	1.0	1.0	1.0	1.0	1.0	1.0	1.0	1.0	1.0	1.0	1.0	1.0
0.9969670641716515	0.904328021759529	0.21182780920490776	1.734162367552194	0.37243294419656703	1.0	1.0	1.0	1.0	1.0	1.0	1.0	1.0	1.0	1.0	1.0	1.0	1.0	1.0	1.0
0.9837228963933742	0.8741162177319944	0.19102342332647623	1.828228036806218	0.39075212926192515	1.0	1.0	1.0	1.0	1.0	1.0	1.0	1.0	1.0	1.0	1.0	1.0	1.0	1.0	1.0
0.9805842146970435	1.1786380118580302	0.20927391723900654	1.7911786965713903	0.4386087653643878	1.0	1.0	1.0	1.0	1.0	1.0	1.0	1.0	1.0	1.0	1.0	1.0	1.0	1.0	1.0
1.0278805014408117	0.8909604467461443	0.18799453409442884	1.8032525282389775	0.3758982465579942	1.0	1.0	1.0	1.0	1.0	1.0	1.0	1.0	1.0	1.0	1.0	1.0	1.0	1.0	1.0
1.001111914937416	0.9678275577930555	0.20967754336379849	1.7801912957417898	0.4212929495371844	1.0	1.0	1.0	1.0	1.0	1.0	1.0	1.0	1.0	1.0	1.0	1.0	1.0	1.0	1.0
0.9803509645876551	0.9773679561861447	0.20862974838626225	1.749550602423973	0.3808484398899776	1.0	1.0	1.0	1.0	1.0	1.0	1.0	1.0	1.0	1.0	1.0	1.0	1.0	1.0	1.0
1.0168777616414748	0.9107923801457407	0.20031054334683585	1.7133223570523828	0.36978862842621396	1.0	1.0	1.0	1.0	1.0	1.0	1.0	1.0	1.0	1.0	1.0	1.0	1.0	1.0	1.0
1.0246208682222153	0.8850851297810793	0.16473781401666923	1.7397683135198905	0.3476465524067443	1.0	1.0	1.0	1.0	1.0	1.0	1.0	1.0	1.0	0.0	1.0	1.0	1.0	1.0	0.0
1.0172627991135679	0.9378872255831402	0.20636867868457784	1.848402663289426	0.43602011268381113	1.0	1.0	1.0	1.0	1.0	1.0	1.0	1.0	1.0	1.0	1.0	1.0	1.0	1.0	1.0
0.9857889948385095	1.0047907125378184	0.19085380317494374	1.7339645973217164	0.3802510047346607	1.0	1.0	1.0	1.0	1.0	1.0	1.0	1.0	1.0	1.0	1.0	1.0	1.0	1.0	1.0
0.990673971240432	0.8844444803265078	0.1999099305038015	1.8154388136305082	0.38504508603372123	1.0	1.0	1.0	1.0	1.0	1.0	1.0	1.0	1.0	1.0	1.0	1.0	1.0	1.0	1.0
0.9973365232747299	0.8805990427878944	0.17867860773651909	1.8557730440140237	0.39555607268752274	1.0	1.0	1.0	1.0	1.0	1.0	1.0	1.0	1.0	1.0	1.0	1.0	1.0	1.0	1.0
0.9957246309542792	1.0629781955745488	0.220109032969718	1.8324618188738437	0.44870297478436005	1.0	1.0	1.0	1.0	1.0	1.0	1.0	1.0	1.0	0.0	1.0	1.0	1.0	1.0	0.0
0.984121669683799	0.9204538086174443	0.17817459046782025	1.844867122671012	0.3557596274277219	1.0	1.0	1.0	1.0	1.0	1.0	1.0	1.0	1.0	1.0	1.0	1.0	1.0	1.0	0.0
1.0118871102214564	1.0586415934343323	0.1786552778231664	1.786958431984474	0.4016894207499673	1.0	1.0	1.0	1.0	1.0	1.0	1.0	1.0	1.0	1.0	1.0	1.0	1.0	1.0	1.0
0.9969029385838276	1.0254200598789145	0.19867850424481928	1.8515561375841993	0.40901170180480895	1.0	1.0	1.0	1.0	1.0	1.0	1.0	1.0	1.0	1.0	1.0	1.0	1.0	1.0	1.0
1.0135779057313454	1.0602703353539629	0.18993508754635474	1.7658367364708447	0.3795975676060953	1.0	1.0	1.0	1.0	1.0	1.0	1.0	1.0	1.0	1.0	1.0	1.0	1.0	1.0	1.0
0.9979262773222101	1.0372246936594915	0.18901943117286973	1.7736973577235822	0.36467724023259834	1.0	1.0	1.0	1.0	1.0	1.0	1.0	1.0	1.0	1.0	1.0	1.0	1.0	1.0	1.0
1.0036603756045606	1.0018049373167024	0.23999809176744005	1.8570433360657437	0.4193233248715131	1.0	1.0	1.0	1.0	1.0	1.0	1.0	1.0	1.0	1.0	1.0	1.0	0.0	1.0	1.0
1.0111914476911934	1.036428551414826	0.22018704903572953	1.8439936860287947	0.40473945044438364	1.0	1.0	1.0	1.0	1.0	1.0	1.0	1.0	1.0	1.0	1.0	1.0	1.0	1.0	1.0
1.0070234846724233	1.0048669683718534	0.20556165501415075	1.7911379334422222	0.4338595058697576	1.0	1.0	1.0	1.0	1.0	1.0	1.0	1.0	1.0	1.0	1.0	1.0	1.0	1.0	1.0
0.992680431926902	1.1037689247234432	0.18276246950827027	1.8139678819340694	0.40076741497186674	1.0	1.0	1.0	1.0	1.0	1.0	1.0	1.0	1.0	1.0	1.0	1.0	1.0	1.0	1.0
0.9811026488684733	0.8014338132126317	0.19679496362831272	1.7592154731810916	0.361615831240374	1.0	1.0	1.0	1.0	1.0	1.0	0.0	1.0	1.0	1.0	1.0	0.0	1.0	1.0	1.0
0.9865806447912197	1.0657177940229412	0.22061187531766072	1.7970325812758456	0.3998369682581474	1.0	1.0	1.0	1.0	1.0	1.0	1.0	1.0	1.0	1.0	1.0	1.0	1.0	1.0	1.0
1.003512627476903	1.0183569755843582	0.18802345020975936	1.8961309352922457	0.38215009542651796	1.0	1.0	1.0	1.0	1.0	1.0	1.0	1.0	1.0	1.0	1.0	1.0	1.0	1.0	1.0
1.0122479820588348	1.0159482367962271	0.1615697677498578	1.841527836941501	0.39337842676257695	1.0	1.0	1.0	1.0	1.0	1.0	1.0	0.0	1.0	1.0	1.0	1.0	0.0	1.0	1.0
0.9675578370040999	0.9961809669352704	0.18419907082569656	1.8063388042979338	0.38659383746357934	1.0	1.0	1.0	1.0	1.0	1.0	1.0	1.0	1.0	1.0	0.0	1.0	1.0	1.0	1.0
0.9930454193625053	1.1906340590120066	0.22764278539595625	1.852165673595309	0.41230789455502764	1.0	1.0	1.0	1.0	1.0	1.0	1.0	1.0	1.0	1.0	1.0	0.0	1.0	1.0	1.0
0.9896986166253028	1.1205372002994645	0.21135244850604532	1.8530588443662375	0.39506080494756424	1.0	1.0	1.0	1.0	1.0	1.0	1.0	1.0	1.0	1.0	1.0	1.0	1.0	1.0	1.0
0.9996349203339405	0.9787274176513326	0.20891600867513516	1.829286576698949	0.39058734189202604	1.0	1.0	1.0	1.0	1.0	1.0	1.0	1.0	1.0	1.0	1.0	1.0	1.0	1.0	1.0
1.0097701346652446	1.166563507301129	0.21315264568127018	1.806467154711336	0.39269083108992553	1.0	1.0	1.0	1.0	1.0	1.0	1.0	1.0	1.0	1.0	1.0	0.0	1.0	1.0	1.0
1.0171771956981306	0.8576711982791508	0.1585273564408126	1.8505788357953035	0.32541703673975353	1.0	1.0	1.0	1.0	0.0	1.0	1.0	1.0	1.0	0.0	1.0	1.0	1.0	1.0	0.0
1.0188882194416187	1.0065693979802468	0.1959402615805208	1.796633448939515	0.38166633443720055	1.0	1.0	1.0	1.0	1.0	1.0	1.0	1.0	1.0	1.0	1.0	1.0	1.0	1.0	1.0
1.039311188806141	1.0894718148746483	0.1874204577614175	1.6941462756709726	0.38189098570835933	1.0	1.0	1.0	1.0	1.0	0.0	1.0	1.0	1.0	1.0	0.0	1.0	1.0	1.0	1.0
0.9859323566037412	1.1333032459081205	0.22484197747108536	1.750066682067476	0.4091935520121975	1.0	1.0	1.0	1.0	1.0	1.0	1.0	1.0	1.0	1.0	1.0	1.0	1.0	1.0	1.0
1.0133186755215928	0.9963363510410808	0.18807596080990435	1.8185318789982425	0.3709523729312944	1.0	1.0	1.0	1.0	1.0	1.0	1.0	1.0	1.0	1.0	1.0	1.0	1.0	1.0	1.0
1.007928435123891	0.979819927583892	0.19514100640250098	1.817007395302776	0.40815634131451645	1.0	1.0	1.0	1.0	1.0	1.0	1.0	1.0	1.0	1.0	1.0	1.0	1.0	1.0	1.0
1.014265325602872	0.9683162186522896	0.20455747254072568	1.7173251869287451	0.4175948322852557	1.0	1.0	1.0	1.0	1.0	1.0	1.0	1.0	1.0	1.0	1.0	1.0	1.0	1.0	1.0
1.0099249075236614	1.0992838500929774	0.20360903136163258	1.8086995239702877	0.3962163841180634	1.0	1.0	1.0	1.0	1.0	1.0	1.0	1.0	1.0	1.0	1.0	1.0	1.0	1.0	1.0
1.0286567957281225	1.065031210436733	0.18225561684744948	1.7851334030209087	0.3667485619069319	1.0	1.0	1.0	1.0	1.0	1.0	1.0	1.0	1.0	1.0	1.0	1.0	1.0	1.0	1.0
0.9503380681302016	0.8449483861710269	0.19893504337270865	1.8562820080395694	0.40903622591327965	0.0	1.0	1.0	1.0	1.0	0.0	1.0	1.0	1.0	1.0	0.0	1.0	1.0	1.0	1.0
1.0062821594153524	0.9825219584334299	0.1964077321630858	1.8425058406410852	0.41305467469152163	1.0	1.0	1.0	1.0	1.0	1.0	1.0	1.0	1.0	1.0	1.0	1.0	1.0	1.0	1.0
1.00956857634266	0.9760508379843909	0.21823018362464755	1.835890165048521	0.396236229089974	1.0	1.0	1.0	1.0	1.0	1.0	1.0	1.0	1.0	1.0	1.0	1.0	1.0	1.0	1.0
1.0138210965848815	1.068903307801111	0.16704589287534163	1.8315435743531143	0.3733488803534615	1.0	1.0	1.0	1.0	1.0	1.0	1.0	1.0	1.0	1.0	1.0	1.0	1.0	1.0	1.0
0.9930303164918766	0.9314219835405431	0.19890030246845491	1.828482774874277	0.39794886180551037	1.0	1.0	1.0	1.0	1.0	1.0	1.0	1.0	1.0	1.0	1.0	1.0	1.0	1.0	1.0
0.9931188748265904	0.9187813833969114	0.21480490711537223	1.8222140127160404	0.4026480330494643	1.0	1.0	1.0	1.0	1.0	1.0	1.0	1.0	1.0	1.0	1.0	1.0	1.0	1.0	1.0
0.9850266595623197	0.9835172384438196	0.18137719323603335	1.834203953870339	0.3783806881685661	1.0	1.0	1.0	1.0	1.0	1.0	1.0	1.0	1.0	1.0	1.0	1.0	1.0	1.0	1.0
1.0129665102355276	0.9985846898622877	0.1914059634780646	1.8123176764578646	0.380730487285267	1.0	1.0	1.0	1.0	1.0	1.0	1.0	1.0	1.0	1.0	1.0	1.0	1.0	1.0	1.0
0.9834008104324774	1.0880654101635336	0.2089748717335437	1.838131169196979	0.390644516058923	1.0	1.0	1.0	1.0	1.0	1.0	1.0	1.0	1.0	1.0	1.0	1.0	1.0	1.0	1.0
0.9660026162826855	0.9442267567300281	0.15331935826126208	1.811409630027982	0.4013593302237363	1.0	1.0	0.0	1.0	1.0	1.0	1.0	0.0	1.0	1.0	0.0	1.0	0.0	1.0	1.0
1.0198207230966185	0.9644909523700526	0.17779683674015548	1.8333469968704514	0.37701130276869693	1.0	1.0	1.0	1.0	1.0	1.0	1.0	1.0	1.0	1.0	1.0	1.0	1.0	1.0	1.0
0.9952935994045838	1.0053548855503502	0.2072690711902548	1.8610717186863592	0.4381425141635609	1.0	1.0	1.0	1.0	1.0	1.0	1.0	1.0	1.0	1.0	1.0	1.0	1.0	1.0	1.0
1.0091716993174116	1.1578570580407577	0.2009233068578086	1.9524023050954677	0.4234784929834501	1.0	1.0	1.0	1.0	1.0	1.0	1.0	1.0	0.0	1.0	1.0	1.0	1.0	0.0	1.0
1.0136833647366512	1.0004839286368141	0.20870547881600632	1.7442231147380873	0.4248171714973814	1.0	1.0	1.0	1.0	1.0	1.0	1.0	1.0	1.0	1.0	1.0	1.0	1.0	1.0	1.0
1.0354810422591665	0.9932460609892747	0.18447932023879907	1.889858158197727	0.38607769018101806	1.0	1.0	1.0	1.0	1.0	1.0	1.0	1.0	1.0	1.0	0.0	1.0	1.0	1.0	1.0
1.0119732094319231	1.0429306944766796	0.20446832512255628	1.8281918716056977	0.40138626668875066	1.0	1.0	1.0	1.0	1.0	1.0	1.0	1.0	1.0	1.0	1.0	1.0	1.0	1.0	1.0
1.029134715668743	0.9380421516535278	0.14775342432730415	1.7761378405658659	0.34132659391276304	1.0	1.0	1.0	1.0	1.0	1.0	1.0	0.0	1.0	0.0	1.0	1.0	0.0	1.0	0.0
0.9990978801784469	1.0302589559629927	0.17862545278405523	1.8496423876974915	0.39271547346520436	1.0	1.0	1.0	1.0	1.0	1.0	1.0	1.0	1.0	1.0	1.0	1.0	1.0	1.0	1.0
1.0159063827862267	0.9642069796244579	0.1959600585592262	1.7706333724426913	0.4110516749382225	1.0	1.0	1.0	1.0	1.0	1.0	1.0	1.0	1.0	1.0	1.0	1.0	1.0	1.0	1.0
0.9954346234808847	1.0712184522504355	0.22951357963726096	1.7502038817162757	0.4173107046399249	1.0	1.0	1.0	1.0	1.0	1.0	1.0	1.0	1.0	1.0	1.0	1.0	1.0	1.0	1.0
1.0027966542820508	1.0671757542731055	0.21010746347500134	1.8384875038721387	0.3828019726445471	1.0	1.0	1.0	1.0	1.0	1.0	1.0	1.0	1.0	1.0	1.0	1.0	1.0	1.0	1.0
1.01692074170466	1.134455510335132	0.1929404140944802	1.747801671197085	0.3967664376287702	1.0	1.0	1.0	1.0	1.0	1.0	1.0	1.0	1.0	1.0	1.0	1.0	1.0	1.0	1.0
0.9969271966589276	1.016554212866741	0.1985651033094948	1.873365678372269	0.39905559864251827	1.0	1.0	1.0	1.0	1.0	1.0	1.0	1.0	1.0	1.0	1.0	1.0	1.0	1.0	1.0
0.98335798413376	0.9552932969419756	0.17393062972162818	1.845821156564341	0.38032553753799514	1.0	1.0	1.0	1.0	1.0	1.0	1.0	1.0	1.0	1.0	1.0	1.0	1.0	1.0	1.0
1.0158119622011197	0.996409407882026	0.1744362865863647	1.782243064151704	0.38625993140408055	1.0	1.0	1.0	1.0	1.0	1.0	1.0	1.0	1.0	1.0	1.0	1.0	1.0	1.0	1.0
1.0389135190856804	1.0813459537462529	0.2046800429907199	1.7292158746116517	0.3923259244480477	1.0	1.0	1.0	1.0	1.0	1.0	1.0	1.0	1.0	1.0	1.0	1.0	1.0	1.0	1.0
1.0067141194285694	1.0826824498350278	0.1890132511255294	1.765373033278525	0.41245746735027006	1.0	1.0	1.0	1.0	1.0	1.0	1.0	1.0	1.0	1.0	1.0	1.0	1.0	1.0	1.0
1.0099954326736187	0.9617279849270595	0.1797562636812221	1.6903740892042358	0.40577511182649384	1.0	1.0	1.0	1.0	1.0	1.0	1.0	1.0	1.0	1.0	1.0	1.0	1.0	1.0	1.0
1.009205639197372	0.9946833184285714	0.2075865305106655	1.7913995574292298	0.41584917673535826	1.0	1.0	1.0	1.0	1.0	1.0	1.0	1.0	1.0	1.0	1.0	1.0	1.0	1.0	1.0
1.0187204618126937	1.0599155909009463	0.18194110183252027	1.8455623494061928	0.3834680634955897	1.0	1.0	1.0	1.0	1.0	1.0	1.0	1.0	1.0	1.0	1.0	1.0	1.0	1.0	1.0
1.0184658630276038	0.9409047029109125	0.15983810188838035	1.8582027016500644	0.3541398823719812	1.0	1.0	1.0	1.0	1.0	1.0	1.0	1.0	1.0	1.0	1.0	1.0	1.0	1.0	0.0
1.0281068994085723	1.1694532348277364	0.1721220729241461	1.7276117546596415	0.4000054009776458	1.0	1.0	1.0	1.0	1.0	1.0	1.0	1.0	1.0	1.0	1.0	0.0	1.0	1.0	1.0
1.0101809479286312	0.9559386603563724	0.1893047475457285	1.9059895158547864	0.40300003515654487	1.0	1.0	1.0	1.0	1.0	1.0	1.0	1.0	1.0	1.0	1.0	1.0	1.0	1.0	1.0
1.0058054394730027	0.8995498444556277	0.19731211894804798	1.653875940937022	0.36056107337595356	1.0	1.0	1.0	1.0	1.0	1.0	1.0	1.0	0.0	1.0	1.0	1.0	1.0	0.0	1.0
1.0409787623678757	1.0979339078492882	0.16939532499761234	1.7697787586383342	0.38393755212411007	1.0	1.0	1.0	1.0	1.0	0.0	1.0	1.0	1.0	1.0	0.0	1.0	0.0	1.0	1.0
1.027474600549199	1.1357606619699157	0.21280008208256676	1.8447945798759042	0.3941261012278456	1.0	1.0	1.0	1.0	1.0	1.0	1.0	1.0	1.0	1.0	1.0	1.0	1.0	1.0	1.0
1.016815338193528	1.0001360493103646	0.20124553499202216	1.85936623772118	0.44129517872750545	1.0	1.0	1.0	1.0	1.0	1.0	1.0	1.0	1.0	1.0	1.0	1.0	1.0	1.0	1.0
1.006197729237183	1.112659114343355	0.21005130313540885	1.8338189533154083	0.4155229317314008	1.0	1.0	1.0	1.0	1.0	1.0	1.0	1.0	1.0	1.0	1.0	1.0	1.0	1.0	1.0
0.9951432770011664	0.9272377385511507	0.21992881114948842	1.8385305742717908	0.41332680772703345	1.0	1.0	1.0	1.0	1.0	1.0	1.0	1.0	1.0	1.0	1.0	1.0	1.0	1.0	1.0
1.0165026836071236	0.954820874566674	0.15588159346981825	1.841127447015719	0.37734500241115704	1.0	1.0	1.0	1.0	1.0	1.0	1.0	0.0	1.0	1.0	1.0	1.0	0.0	1.0	1.0
0.9676932407872842	0.8784330019371082	0.20071826761917183	1.8523525253650202	0.3864302299529014	1.0	1.0	1.0	1.0	1.0	1.0	1.0	1.0	1.0	1.0	0.0	1.0	1.0	1.0	1.0
0.9847520817057075	0.9990276674562146	0.20516097494930963	1.8005723371300628	0.382062064160341	1.0	1.0	1.0	1.0	1.0	1.0	1.0	1.0	1.0	1.0	1.0	1.0	1.0	1.0	1.0
1.029020504037375	0.9566308486799863	0.16583732414588057	1.790283278129591	0.36179862036474086	1.0	1.0	1.0	1.0	1.0	1.0	1.0	1.0	1.0	1.0	1.0	1.0	1.0	1.0	1.0
1.018059420563212	1.1105373429168215	0.18181018098250726	1.8843565621573908	0.3711528439153868	1.0	1.0	1.0	1.0	1.0	1.0	1.0	1.0	1.0	1.0	1.0	1.0	1.0	1.0	1.0
0.9852995926560792	1.0037676092615777	0.19266120939882625	1.7159487121411336	0.37462617488634203	1.0	1.0	1.0	1.0	1.0	1.0	1.0	1.0	1.0	1.0	1.0	1.0	1.0	1.0	1.0
0.9991829323816109	0.986750557956906	0.1842826602870247	1.7926051252164055	0.3941444053956558	1.0	1.0	1.0	1.0	1.0	1.0	1.0	1.0	1.0	1.0	1.0	1.0	1.0	1.0	1.0
1.0119032675203057	0.995469054275443	0.22495858005421757	1.7976949634014157	0.4377494909529732	1.0	1.0	1.0	1.0	1.0	1.0	1.0	1.0	1.0	1.0	1.0	1.0	1.0	1.0	1.0
1.0177831751936723	0.9568893462578384	0.20393141339464327	1.8039326172165238	0.3868725999186137	1.0	1.0	1.0	1.0	1.0	1.0	1.0	1.0	1.0	1.0	1.0	1.0	1.0	1.0	1.0
1.023769281102638	1.1134984133836914	0.1847156686693474	1.8248216001811095	0.3710381640546769	1.0	1.0	1.0	1.0	1.0	1.0	1.0	1.0	1.0	1.0	1.0	1.0	1.0	1.0	1.0
1.013637563504162	0.9957390519944999	0.20588018406336597	1.8007319016380308	0.3967235005696927	1.0	1.0	1.0	1.0	1.0	1.0	1.0	1.0	1.0	1.0	1.0	1.0	1.0	1.0	1.0
1.0094818700839416	0.9445988021167461	0.17965798302516423	1.713354459808881	0.3820917955474178	1.0	1.0	1.0	1.0	1.0	1.0	1.0	1.0	1.0	1.0	1.0	1.0	1.0	1.0	1.0
1.0104614115322037	0.9125492535992534	0.19184772493751476	1.710718928453986	0.37741983469204754	1.0	1.0	1.0	1.0	1.0	1.0	1.0	1.0	1.0	1.0	1.0	1.0	1.0	1.0	1.0
1.0129807060077793	0.9576810619543805	0.19810278753156743	1.8124554779649544	0.4016345715452311	1.0	1.0	1.0	1.0	1.0	1.0	1.0	1.0	1.0	1.0	1.0	1.0	1.0	1.0	1.0
1.0045771129056402	0.9944120218453186	0.19256629966536365	1.8230532103792496	0.43712559316743743	1.0	1.0	1.0	1.0	1.0	1.0	1.0	1.0	1.0	1.0	1.0	1.0	1.0	1.0	1.0
1.0177818921894606	0.987458664766658	0.18650922294035108	1.6867219241283278	0.3636307551336459	1.0	1.0	1.0	1.0	1.0	1.0	1.0	1.0	1.0	1.0	1.0	1.0	1.0	1.0	1.0
0.9984452733691065	0.9001174804335176	0.22299493591478822	1.848406884088028	0.3852731180393516	1.0	1.0	1.0	1.0	1.0	1.0	1.0	1.0	1.0	1.0	1.0	1.0	1.0	1.0	1.0
1.0063695353457986	0.8383287848144568	0.19187655750723695	1.8278694319395334	0.3990909915063894	1.0	1.0	1.0	1.0	1.0	1.0	1.0	1.0	1.0	1.0	1.0	1.0	1.0	1.0	1.0
0.9902477237042137	1.1568982566829566	0.20331394881177153	1.7721059525170617	0.441621106580032	1.0	1.0	1.0	1.0	1.0	1.0	1.0	1.0	1.0	1.0	1.0	1.0	1.0	1.0	1.0
0.9763379985306099	0.9072206971220778	0.20988247354399756	1.8781844392741895	0.38224734656694703	1.0	1.0	1.0	1.0	1.0	1.0	1.0	1.0	1.0	1.0	1.0	1.0	1.0	1.0	1.0
0.9920571514865747	0.9843115025410761	0.21649040990316162	1.748166367223479	0.4104039920023045	1.0	1.0	1.0	1.0	1.0	1.0	1.0	1.0	1.0	1.0	1.0	1.0	1.0	1.0	1.0
1.0138309340884206	1.0309429030759876	0.19116925290376552	1.7759084865221841	0.39380499615210346	1.0	1.0	1.0	1.0	1.0	1.0	1.0	1.0	1.0	1.0	1.0	1.0	1.0	1.0	1.0
1.005232946498899	0.9669625220579227	0.17958476531554066	1.8206581370778288	0.3987042175716037	1.0	1.0	1.0	1.0	1.0	1.0	1.0	1.0	1.0	1.0	1.0	1.0	1.0	1.0	1.0
1.063154287596035	0.9036148672515941	0.15224454718056105	1.8947754400857477	0.36429949224610864	0.0	1.0	1.0	1.0	1.0	0.0	1.0	0.0	1.0	1.0	0.0	1.0	0.0	1.0	1.0
1.0022249339308615	1.0299283987291663	0.19946823967577312	1.8772696453480247	0.42587804196172957	1.0	1.0	1.0	1.0	1.0	1.0	1.0	1.0	1.0	1.0	1.0	1.0	1.0	1.0	1.0
0.9998362679272723	1.0361656242305952	0.1701299529682358	1.7567432817013313	0.3840374772757726	1.0	1.0	1.0	1.0	1.0	1.0	1.0	1.0	1.0	1.0	1.0	1.0	0.0	1.0	1.0
1.0194541122440186	1.1559820318800138	0.20811160269298562	1.7874888820122266	0.42335948508685994	1.0	1.0	1.0	1.0	1.0	1.0	1.0	1.0	1.0	1.0	1.0	0.0	1.0	1.0	1.0
1.0105168350435647	0.8742155957932115	0.2169743931523164	1.7553841907264585	0.41061912284833835	1.0	1.0	1.0	1.0	1.0	1.0	1.0	1.0	1.0	1.0	1.0	1.0	1.0	1.0	1.0
1.0237666964827579	0.849301463268127	0.19814321607073013	1.737506479978482	0.3638105128150107	1.0	1.0	1.0	1.0	1.0	1.0	1.0	1.0	1.0	1.0	1.0	1.0	1.0	1.0	1.0
1.0144951214770441	0.7629552143601761	0.19688708251708995	1.6620468321607496	0.3582711875252628	1.0	0.0	1.0	1.0	1.0	1.0	0.0	1.0	0.0	1.0	1.0	0.0	1.0	0.0	1.0
1.004065228003548	1.0508320999968008	0.22258677267136281	1.9443031132584823	0.43482115577979147	1.0	1.0	1.0	1.0	1.0	1.0	1.0	1.0	1.0	1.0	1.0	1.0	1.0	0.0	1.0
0.9726245350959516	1.1427913802206986	0.1965184166639419	1.8408335620207836	0.40043558764223364	1.0	1.0	1.0	1.0	1.0	1.0	1.0	1.0	1.0	1.0	1.0	1.0	1.0	1.0	1.0
1.0265832138607103	1.045538954810549	0.18398364795761812	1.838325993825036	0.3976531329811327	1.0	1.0	1.0	1.0	1.0	1.0	1.0	1.0	1.0	1.0	1.0	1.0	1.0	1.0	1.0
0.9854140488793488	1.04438001720069	0.21467268539434173	1.787070881328774	0.4306869083266153	1.0	1.0	1.0	1.0	1.0	1.0	1.0	1.0	1.0	1.0	1.0	1.0	1.0	1.0	1.0
0.9792472390523053	0.8518863262394035	0.19874111726416757	1.8035702284618012	0.3831415746135859	1.0	1.0	1.0	1.0	1.0	1.0	1.0	1.0	1.0	1.0	1.0	1.0	1.0	1.0	1.0
1.0159725359130498	0.9380103889583488	0.16161334571011252	1.7294528748211104	0.37863748534156233	1.0	1.0	1.0	1.0	1.0	1.0	1.0	1.0	1.0	1.0	1.0	1.0	0.0	1.0	1.0
0.9976073396484828	0.9042569118336377	0.19418772382632643	1.7821312034372727	0.4087366136992565	1.0	1.0	1.0	1.0	1.0	1.0	1.0	1.0	1.0	1.0	1.0	1.0	1.0	1.0	1.0
1.0165950877308352	0.9283359193231725	0.16319051625632702	1.7674063599850234	0.39197525999596244	1.0	1.0	1.0	1.0	1.0	1.0	1.0	1.0	1.0	1.0	1.0	1.0	0.0	1.0	1.0
1.018880347085738	1.0827791119088623	0.17079328727847823	1.847475991512258	0.3948027460776682	1.0	1.0	1.0	1.0	1.0	1.0	1.0	1.0	1.0	1.0	1.0	1.0	1.0	1.0	1.0
1.014313017870085	1.1279007613769638	0.21842259337073355	1.6966763494490225	0.43857076441168863	1.0	1.0	1.0	1.0	1.0	1.0	1.0	1.0	1.0	1.0	1.0	1.0	1.0	0.0	1.0
1.04481354064604	0.9675263120104717	0.19693789302641587	1.8300812028480145	0.37229791425370307	1.0	1.0	1.0	1.0	1.0	0.0	1.0	1.0	1.0	1.0	0.0	1.0	1.0	1.0	1.0
1.0105439782781762	1.0906289214878073	0.22492317429319586	1.8717065792168215	0.45241202696375277	1.0	1.0	1.0	1.0	1.0	1.0	1.0	1.0	1.0	0.0	1.0	1.0	1.0	1.0	0.0
1.0312074674657816	1.0368446030652256	0.2087510335223831	1.8513189313791263	0.3905988122985602	1.0	1.0	1.0	1.0	1.0	1.0	1.0	1.0	1.0	1.0	1.0	1.0	1.0	1.0	1.0
1.0177430870191493	1.129226898926523	0.20119553624198075	1.7458429218020304	0.39664361974566725	1.0	1.0	1.0	1.0	1.0	1.0	1.0	1.0	1.0	1.0	1.0	1.0	1.0	1.0	1.0
1.0225585310505	1.0383832192670404	0.18080044503967055	1.788955061837284	0.3736291591310164	1.0	1.0	1.0	1.0	1.0	1.0	1.0	1.0	1.0	1.0	1.0	1.0	1.0	1.0	1.0
0.9777958724920067	0.9028901915156308	0.13465599336297113	1.7732964692121018	0.3599579063734974	1.0	1.0	0.0	1.0	1.0	1.0	1.0	0.0	1.0	1.0	1.0	1.0	0.0	1.0	1.0
1.0112272614185829	0.9259874732040778	0.18970252546327884	1.7890483411096845	0.40649205459691284	1.0	1.0	1.0	1.0	1.0	1.0	1.0	1.0	1.0	1.0	1.0	1.0	1.0	1.0	1.0
1.0154753899266051	0.9347207340225797	0.14055695159963383	1.78622017756544	0.3441902845422132	1.0	1.0	1.0	1.0	1.0	1.0	1.0	0.0	1.0	0.0	1.0	1.0	0.0	1.0	0.0
0.9768627666039702	1.0319622752670343	0.20568682894801232	1.8822483350048478	0.3769579519542549	1.0	1.0	1.0	1.0	1.0	1.0	1.0	1.0	1.0	1.0	1.0	1.0	1.0	1.0	1.0
1.0101256223507418	1.1434095930902892	0.21207330930229204	1.8098180644206936	0.45345428503937185	1.0	1.0	1.0	1.0	1.0	1.0	1.0	1.0	1.0	0.0	1.0	1.0	1.0	1.0	0.0
0.9825335817949417	1.0346727829126954	0.21974578067488218	1.813808537230891	0.4246200280485211	1.0	1.0	1.0	1.0	1.0	1.0	1.0	1.0	1.0	1.0	1.0	1.0	1.0	1.0	1.0
0.9771341343367338	1.029474796853807	0.20909540076995523	1.853743488623012	0.4157084032724124	1.0	1.0	1.0	1.0	1.0	1.0	1.0	1.0	1.0	1.0	1.0	1.0	1.0	1.0	1.0
0.9938123172086832	1.0731454911665566	0.23862928383533186	1.9330925343166634	0.39862748799674846	1.0	1.0	1.0	1.0	1.0	1.0	1.0	1.0	1.0	1.0	1.0	1.0	1.0	0.0	1.0
0.9774442667156437	0.9464859329867762	0.22756325628157256	1.7995128496021104	0.43982814962134725	1.0	1.0	1.0	1.0	1.0	1.0	1.0	1.0	1.0	1.0	1.0	1.0	1.0	1.0	1.0
1.0151654715944287	1.0055967927164355	0.2032975539828352	1.79681864561935	0.4036885322581515	1.0	1.0	1.0	1.0	1.0	1.0	1.0	1.0	1.0	1.0	1.0	1.0	1.0	1.0	1.0
0.9982409786302394	0.8375801545284594	0.1748633048266339	1.839096952928971	0.37811085872889677	1.0	1.0	1.0	1.0	1.0	1.0	1.0	1.0	1.0	1.0	1.0	0.0	1.0	1.0	1.0
1.0031049836465846	0.9327471860484795	0.19722617104378784	1.6645029494193684	0.3610584745354969	1.0	1.0	1.0	1.0	1.0	1.0	1.0	1.0	0.0	1.0	1.0	1.0	1.0	0.0	1.0
1.0059160625689496	0.8814736018391836	0.2102585727977006	1.7711633113149732	0.40004588192193224	1.0	1.0	1.0	1.0	1.0	1.0	1.0	1.0	1.0	1.0	1.0	1.0	1.0	1.0	1.0
0.9971157275107307	1.117716641857062	0.21622531291756267	1.7869434935675819	0.3978264477083942	1.0	1.0	1.0	1.0	1.0	1.0	1.0	1.0	1.0	1.0	1.0	1.0	1.0	1.0	1.0
1.0233819714186385	1.0109467450878495	0.19700041502337304	1.8336143060885384	0.40564209744407526	1.0	1.0	1.0	1.0	1.0	1.0	1.0	1.0	1.0	1.0	1.0	1.0	1.0	1.0	1.0
0.9479854135619411	1.113418800371714	0.19781479134852392	1.8264619717701047	0.42484832293224917	0.0	1.0	1.0	1.0	1.0	0.0	1.0	1.0	1.0	1.0	0.0	1.0	1.0	1.0	1.0
1.0058450090640165	1.0049959610340147	0.18855496581074557	1.7517628649321133	0.39181731184136753	1.0	1.0	1.0	1.0	1.0	1.0	1.0	1.0	1.0	1.0	1.0	1.0	1.0	1.0	1.0
1.0033081356989124	0.875391260482265	0.20473112053320192	1.9142825545976572	0.4037169876374859	1.0	1.0	1.0	1.0	1.0	1.0	1.0	1.0	1.0	1.0	1.0	1.0	1.0	1.0	1.0
1.0011740132807236	0.9684891278594677	0.19488604252941386	1.8078761794690807	0.3579958809064078	1.0	1.0	1.0	1.0	1.0	1.0	1.0	1.0	1.0	1.0	1.0	1.0	1.0	1.0	1.0
1.0008909640752948	1.0420437983695938	0.17211682859322708	1.7728768942823567	0.38610348758053015	1.0	1.0	1.0	1.0	1.0	1.0	1.0	1.0	1.0	1.0	1.0	1.0	1.0	1.0	1.0
1.008221768889153	1.0173664026323779	0.22768968749459773	1.808673308289003	0.38015711238234506	1.0	1.0	1.0	1.0	1.0	1.0	1.0	1.0	1.0	1.0	1.0	1.0	1.0	1.0	1.0
0.9859656985214802	0.9390525046685437	0.20762048238689718	1.8003384038056618	0.36853442884288534	1.0	1.0	1.0	1.0	1.0	1.0	1.0	1.0	1.0	1.0	1.0	1.0	1.0	1.0	1.0
0.998836266734331	0.9313833548580253	0.15856577162041322	1.7614217614860224	0.36920649944077677	1.0	1.0	1.0	1.0	1.0	1.0	1.0	0.0	1.0	1.0	1.0	1.0	0.0	1.0	1.0
1.001084083327817	1.1104429435319438	0.1882967728564628	1.8376042341730685	0.38872921873399985	1.0	1.0	1.0	1.0	1.0	1.0	1.0	1.0	1.0	1.0	1.0	1.0	1.0	1.0	1.0
0.9983613858303293	0.9357734993768758	0.21280353915094938	1.7052426481459686	0.3763580105048991	1.0	1.0	1.0	1.0	1.0	1.0	1.0	1.0	1.0	1.0	1.0	1.0	1.0	1.0	1.0
0.9958532970608459	0.9345901481711586	0.1936866115321429	1.7639188165118371	0.3755863613592486	1.0	1.0	1.0	1.0	1.0	1.0	1.0	1.0	1.0	1.0	1.0	1.0	1.0	1.0	1.0
1.0284884674808106	0.8863282345452275	0.2090744109413236	1.8040741122534463	0.3906701404699871	1.0	1.0	1.0	1.0	1.0	1.0	1.0	1.0	1.0	1.0	1.0	1.0	1.0	1.0	1.0
1.0183898489080465	0.8551183851470978	0.18012087717732753	1.7239023950661643	0.36652172407683614	1.0	1.0	1.0	1.0	1.0	1.0	1.0	1.0	1.0	1.0	1.0	1.0	1.0	1.0	1.0
0.9936035794115858	1.1188285209006534	0.1961309716530291	1.7855848920383266	0.39690246969358556	1.0	1.0	1.0	1.0	1.0	1.0	1.0	1.0	1.0	1.0	1.0	1.0	1.0	1.0	1.0
1.012517348656771	1.0240800147962283	0.20460298649749906	1.7608485898552848	0.41042766439693695	1.0	1.0	1.0	1.0	1.0	1.0	1.0	1.0	1.0	1.0	1.0	1.0	1.0	1.0	1.0
1.0236630398521898	1.0621006138325033	0.19635230109570748	1.7953884901220765	0.36465477558998655	1.0	1.0	1.0	1.0	1.0	1.0	1.0	1.0	1.0	1.0	1.0	1.0	1.0	1.0	1.0
0.9823348299704839	1.137031227889245	0.18372775403904534	1.8707510278340274	0.38893700165942613	1.0	1.0	1.0	1.0	1.0	1.0	1.0	1.0	1.0	1.0	1.0	1.0	1.0	1.0	1.0
1.0073380317996663	1.0557276697223548	0.20294782460729172	1.8187412418962994	0.38549309522097647	1.0	1.0	1.0	1.0	1.0	1.0	1.0	1.0	1.0	1.0	1.0	1.0	1.0	1.0	1.0
1.0048800873138657	1.0021355760760844	0.2183881805579802	1.8561686096518428	0.42151490249662565	1.0	1.0	1.0	1.0	1.0	1.0	1.0	1.0	1.0	1.0	1.0	1.0	1.0	1.0	1.0
0.9985163073374115	1.06782682079898	0.15827063429181257	1.8521056564139218	0.3722878566117878	1.0	1.0	1.0	1.0	1.0	1.0	1.0	0.0	1.0	1.0	1.0	1.0	0.0	1.0	1.0
1.0187665594565631	0.8668922472835802	0.19454660969173102	1.852928668162614	0.3866664508561382	1.0	1.0	1.0	1.0	1.0	1.0	1.0	1.0	1.0	1.0	1.0	1.0	1.0	1.0	1.0
1.0035332500894327	0.989486382548829	0.18859781751768884	1.8774040575569153	0.406404166614717	1.0	1.0	1.0	1.0	1.0	1.0	1.0	1.0	1.0	1.0	1.0	1.0	1.0	1.0	1.0
1.011053713046233	1.1113756339454115	0.18471211282162978	1.7240660799010057	0.38284353374406443	1.0	1.0	1.0	1.0	1.0	1.0	1.0	1.0	1.0	1.0	1.0	1.0	1.0	1.0	1.0
0.9834743848824797	0.8261909873752434	0.20575044355199942	1.7144252957085482	0.42617470322129386	1.0	1.0	1.0	1.0	1.0	1.0	1.0	1.0	1.0	1.0	1.0	0.0	1.0	1.0	1.0
0.9804998286223178	1.1132932594453446	0.22176302500084508	1.8516209951693694	0.4462124535087842	1.0	1.0	1.0	1.0	1.0	1.0	1.0	1.0	1.0	1.0	1.0	1.0	1.0	1.0	0.0
1.0240487770322835	0.7799251560233451	0.23038935440774708	1.8230942338827132	0.41908874598568846	1.0	1.0	1.0	1.0	1.0	1.0	1.0	1.0	1.0	1.0	1.0	0.0	1.0	1.0	1.0
1.0018400174519977	1.0565225924225836	0.22261770139363343	1.8397168474251049	0.3993226928876478	1.0	1.0	1.0	1.0	1.0	1.0	1.0	1.0	1.0	1.0	1.0	1.0	1.0	1.0	1.0
1.00592882780688	0.9478911833653376	0.18681684882668406	1.7834502459911317	0.40453605304526025	1.0	1.0	1.0	1.0	1.0	1.0	1.0	1.0	1.0	1.0	1.0	1.0	1.0	1.0	1.0
1.0048988424679353	1.0868711258655943	0.2173443777052375	1.7549680295596124	0.43753313061759197	1.0	1.0	1.0	1.0	1.0	1.0	1.0	1.0	1.0	1.0	1.0	1.0	1.0	1.0	1.0
0.9921618771030589	1.101308185946583	0.2032463975500398	1.7067373202248763	0.42405914507418946	1.0	1.0	1.0	1.0	1.0	1.0	1.0	1.0	1.0	1.0	1.0	1.0	1.0	1.0	1.0
0.9891605002487555	0.9879517209837956	0.19459510451910214	1.8252179746415342	0.3681955817419741	1.0	1.0	1.0	1.0	1.0	1.0	1.0	1.0	1.0	1.0	1.0	1.0	1.0	1.0	1.0
1.0086037297709174	0.8822660269436575	0.1544256707834122	1.7102937404259042	0.373956137073682	1.0	1.0	1.0	1.0	1.0	1.0	1.0	0.0	1.0	1.0	1.0	1.0	0.0	1.0	1.0
0.9995521939948787	0.9558236108951642	0.18828237987329008	1.7848969165886637	0.36396481709759354	1.0	1.0	1.0	1.0	1.0	1.0	1.0	1.0	1.0	1.0	1.0	1.0	1.0	1.0	1.0
1.0033704645761035	1.0344063773858334	0.19262473742981087	1.7450693493288345	0.3933769395394556	1.0	1.0	1.0	1.0	1.0	1.0	1.0	1.0	1.0	1.0	1.0	1.0	1.0	1.0	1.0
0.9941181789522511	0.962809398978744	0.19691638589224866	1.8014803869393619	0.37518312736138143	1.0	1.0	1.0	1.0	1.0	1.0	1.0	1.0	1.0	1.0	1.0	1.0	1.0	1.0	1.0
1.0235749484685157	1.1920514768161132	0.1900519672052019	1.8044748807299071	0.3973275300067073	1.0	1.0	1.0	1.0	1.0	1.0	1.0	1.0	1.0	1.0	1.0	0.0	1.0	1.0	1.0
1.0003820737940419	1.0167518115316863	0.1892433207863078	1.9377280116797202	0.38638821773057236	1.0	1.0	1.0	1.0	1.0	1.0	1.0	1.0	1.0	1.0	1.0	1.0	1.0	0.0	1.0
1.0098710578414674	1.0476772546087776	0.18526951019676907	1.7783932048011426	0.40316693341517806	1.0	1.0	1.0	1.0	1.0	1.0	1.0	1.0	1.0	1.0	1.0	1.0	1.0	1.0	1.0
0.9955296997013756	0.9536377041773487	0.17118251434850001	1.9073000484629083	0.37803535320665144	1.0	1.0	1.0	1.0	1.0	1.0	1.0	1.0	1.0	1.0	1.0	1.0	1.0	1.0	1.0
1.0041290877767992	0.8791854560333164	0.21912169793562675	1.799439043263088	0.3938531265463427	1.0	1.0	1.0	1.0	1.0	1.0	1.0	1.0	1.0	1.0	1.0	1.0	1.0	1.0	1.0
1.048366985215306	0.8658028857482067	0.20129426993327143	1.7302383863433402	0.3728415716745354	1.0	1.0	1.0	1.0	1.0	0.0	1.0	1.0	1.0	1.0	0.0	1.0	1.0	1.0	1.0
0.9777275340459346	0.9659141729446096	0.2110351644024614	1.8379184617546944	0.41714116934211953	1.0	1.0	1.0	1.0	1.0	1.0	1.0	1.0	1.0	1.0	1.0	1.0	1.0	1.0	1.0
1.0163742343123372	1.050491110316919	0.16378465214819796	1.6798403636870316	0.3627159599981592	1.0	1.0	1.0	1.0	1.0	1.0	1.0	1.0	0.0	1.0	1.0	1.0	0.0	0.0	1.0
1.0027271414481504	0.9451562451907328	0.197719224985006	1.7610422486911557	0.44539905362302307	1.0	1.0	1.0	1.0	1.0	1.0	1.0	1.0	1.0	1.0	1.0	1.0	1.0	1.0	1.0
0.9853827421849531	0.9506637151034735	0.21680306324220575	1.8699591976886514	0.4088520638457747	1.0	1.0	1.0	1.0	1.0	1.0	1.0	1.0	1.0	1.0	1.0	1.0	1.0	1.0	1.0
1.0346444969940811	1.197154061925532	0.174423267581625	1.7010999381912355	0.3761042922807382	1.0	1.0	1.0	1.0	1.0	1.0	0.0	1.0	1.0	1.0	0.0	0.0	1.0	0.0	1.0
0.9806670559866126	1.0505866742347754	0.18700794266118345	1.857452996785043	0.4057430952760678	1.0	1.0	1.0	1.0	1.0	1.0	1.0	1.0	1.0	1.0	1.0	1.0	1.0	1.0	1.0
1.0177956438074633	0.9443897314851493	0.18410280855844507	2.0245509145683416	0.36699725591660554	1.0	1.0	1.0	0.0	1.0	1.0	1.0	1.0	0.0	1.0	1.0	1.0	1.0	0.0	1.0
0.9809435355688685	1.0311871446696421	0.22915035867477018	1.813690748054126	0.4111177467451862	1.0	1.0	1.0	1.0	1.0	1.0	1.0	1.0	1.0	1.0	1.0	1.0	1.0	1.0	1.0
0.9609274324825843	0.8155192359262768	0.15620247281621313	1.7945956511672458	0.38252781868516383	1.0	1.0	1.0	1.0	1.0	0.0	0.0	0.0	1.0	1.0	0.0	0.0	0.0	1.0	1.0
1.0200001616056693	1.0353340980436714	0.17777131903681045	1.7195843349316593	0.3678621997186972	1.0	1.0	1.0	1.0	1.0	1.0	1.0	1.0	1.0	1.0	1.0	1.0	1.0	1.0	1.0
0.992671595913298	1.0185210479558082	0.22082250070814197	1.8610758815320239	0.4104124065385372	1.0	1.0	1.0	1.0	1.0	1.0	1.0	1.0	1.0	1.0	1.0	1.0	1.0	1.0	1.0
1.0438884438248948	0.9415026844651042	0.14576017781542888	1.7664025090318631	0.3769111334618993	0.0	1.0	1.0	1.0	1.0	0.0	1.0	0.0	1.0	1.0	0.0	1.0	0.0	1.0	1.0
1.0016632800725371	1.0839750492217153	0.22863304325279124	1.8515497333747903	0.4140644740994551	1.0	1.0	1.0	1.0	1.0	1.0	1.0	1.0	1.0	1.0	1.0	1.0	1.0	1.0	1.0
1.0064986908234554	0.8434046975783583	0.2102694241619135	1.7848334728963455	0.3621501937414238	1.0	1.0	1.0	1.0	1.0	1.0	1.0	1.0	1.0	1.0	1.0	0.0	1.0	1.0	1.0
0.9798972083954995	1.0254749793209121	0.18147366626252595	1.8733712993696805	0.3728539194081581	1.0	1.0	1.0	1.0	1.0	1.0	1.0	1.0	1.0	1.0	1.0	1.0	1.0	1.0	1.0
1.0194555073519451	1.0685956174145956	0.18147432992083448	1.8591529094777426	0.3713733677561536	1.0	1.0	1.0	1.0	1.0	1.0	1.0	1.0	1.0	1.0	1.0	1.0	1.0	1.0	1.0
1.000616128332695	0.9369808550723187	0.21118662704393554	1.723694698536913	0.3756670435772858	1.0	1.0	1.0	1.0	1.0	1.0	1.0	1.0	1.0	1.0	1.0	1.0	1.0	1.0	1.0
0.9892075654642031	0.9944388768569106	0.19008718761271276	1.717400510083382	0.39006704777369733	1.0	1.0	1.0	1.0	1.0	1.0	1.0	1.0	1.0	1.0	1.0	1.0	1.0	1.0	1.0
0.9868568547673668	1.0905034720021716	0.1978758352656455	1.7039546745645042	0.4089317884504824	1.0	1.0	1.0	1.0	1.0	1.0	1.0	1.0	1.0	1.0	1.0	1.0	1.0	1.0	1.0
1.0022446905955475	0.9656845438906927	0.19916126330654246	1.8540025465939354	0.40598288257541504	1.0	1.0	1.0	1.0	1.0	1.0	1.0	1.0	1.0	1.0	1.0	1.0	1.0	1.0	1.0
0.9782654117831058	1.0870178693343489	0.22317031484931169	1.8610861727151786	0.39954617613083027	1.0	1.0	1.0	1.0	1.0	1.0	1.0	1.0	1.0	1.0	1.0	1.0	1.0	1.0	1.0
0.9943865071341487	1.0826967521981088	0.2095825770869873	1.8811397726693024	0.4474614873048272	1.0	1.0	1.0	1.0	1.0	1.0	1.0	1.0	1.0	1.0	1.0	1.0	1.0	1.0	0.0
1.0315995871411408	1.0415562639621476	0.18809032569752027	1.8229487676145006	0.39451651235756396	1.0	1.0	1.0	1.0	1.0	1.0	1.0	1.0	1.0	1.0	0.0	1.0	1.0	1.0	1.0
1.017001354011512	0.9504156623810857	0.19843103382858696	1.8884569536172178	0.4183312747072915	1.0	1.0	1.0	1.0	1.0	1.0	1.0	1.0	1.0	1.0	1.0	1.0	1.0	1.0	1.0
1.0173047012610887	0.9571964450056807	0.19541232968835048	1.8807547637456352	0.4097300497268713	1.0	1.0	1.0	1.0	1.0	1.0	1.0	1.0	1.0	1.0	1.0	1.0	1.0	1.0	1.0
0.9988257336383082	1.048656572998923	0.19340958583493195	2.0009572605215493	0.43025912894436114	1.0	1.0	1.0	0.0	1.0	1.0	1.0	1.0	0.0	1.0	1.0	1.0	1.0	0.0	1.0
0.9948630904574555	0.9040255844130776	0.23767160067673768	1.7809499245400857	0.4092414365385121	1.0	1.0	1.0	1.0	1.0	1.0	1.0	1.0	1.0	1.0	1.0	1.0	0.0	1.0	1.0
1.0335819202160446	1.0227090479439662	0.20348941022321074	1.8098544915179748	0.38345313332827236	1.0	1.0	1.0	1.0	1.0	1.0	1.0	1.0	1.0	1.0	1.0	1.0	1.0	1.0	1.0
1.0192358706270321	1.0804671417164489	0.19162469349521427	1.7580293439147674	0.4096067926650581	1.0	1.0	1.0	1.0	1.0	1.0	1.0	1.0	1.0	1.0	1.0	1.0	1.0	1.0	1.0
0.9863306631354172	1.0431536924300515	0.21233262044120166	1.7300264981047069	0.41891374210387694	1.0	1.0	1.0	1.0	1.0	1.0	1.0	1.0	1.0	1.0	1.0	1.0	1.0	1.0	1.0
0.9768757140066465	0.8598454545247277	0.17395036527595595	1.8639406525748232	0.40574970550628603	1.0	1.0	1.0	1.0	1.0	1.0	1.0	1.0	1.0	1.0	1.0	1.0	1.0	1.0	1.0
1.0286150255060864	0.9209910909268678	0.20486446306436137	1.6059985290260061	0.41148158096523657	1.0	1.0	1.0	0.0	1.0	1.0	1.0	1.0	0.0	1.0	1.0	1.0	1.0	0.0	1.0
0.9890923808290024	1.0217760730260013	0.18102407349008148	1.8435247460570008	0.4231929420511753	1.0	1.0	1.0	1.0	1.0	1.0	1.0	1.0	1.0	1.0	1.0	1.0	1.0	1.0	1.0
1.001532513316657	0.9463943121454735	0.16014231151031416	1.8164695004941946	0.36523372896645123	1.0	1.0	1.0	1.0	1.0	1.0	1.0	0.0	1.0	1.0	1.0	1.0	0.0	1.0	1.0
0.989724139424857	1.0431063666581788	0.20510304158701712	1.9718853326712735	0.43299202252595115	1.0	1.0	1.0	1.0	1.0	1.0	1.0	1.0	0.0	1.0	1.0	1.0	1.0	0.0	1.0
0.9908852287433525	0.8160480304399275	0.16138535731590892	1.8889204771547967	0.36329148261668004	1.0	1.0	1.0	1.0	1.0	1.0	0.0	1.0	1.0	1.0	1.0	0.0	0.0	1.0	1.0
1.0146811656985144	0.8204031157794652	0.17698780785804116	1.8134891852215547	0.3817163955253212	1.0	1.0	1.0	1.0	1.0	1.0	1.0	1.0	1.0	1.0	1.0	0.0	1.0	1.0	1.0
1.0282030899045562	0.8159436038117601	0.2164459395412414	1.6655384682861194	0.44163263606586045	1.0	1.0	1.0	1.0	1.0	1.0	1.0	1.0	1.0	1.0	0.0	0.0	1.0	0.0	1.0
0.9797159827909673	1.0951722646718272	0.19915308475969504	1.851362097738933	0.39264921507984774	1.0	1.0	1.0	1.0	1.0	1.0	1.0	1.0	1.0	1.0	1.0	1.0	1.0	1.0	1.0
0.9967176955449791	0.9774891312322823	0.22098474179528993	1.821260434147285	0.37890518169957105	1.0	1.0	1.0	1.0	1.0	1.0	1.0	1.0	1.0	1.0	1.0	1.0	1.0	1.0	1.0
0.9782050861827621	1.0260554904426027	0.19863147718899568	1.867455302895109	0.3849165351626554	1.0	1.0	1.0	1.0	1.0	1.0	1.0	1.0	1.0	1.0	1.0	1.0	1.0	1.0	1.0
1.0109064582374028	1.0429430059191265	0.18487805780713487	1.800998909907171	0.40856094588635394	1.0	1.0	1.0	1.0	1.0	1.0	1.0	1.0	1.0	1.0	1.0	1.0	1.0	1.0	1.0
0.9877195063960469	0.9715604933362647	0.2156265357796111	1.9584121502414353	0.4070776419598194	1.0	1.0	1.0	1.0	1.0	1.0	1.0	1.0	0.0	1.0	1.0	1.0	1.0	0.0	1.0
1.0052193231707878	1.0540623422754338	0.20337598889250197	1.8392097690627147	0.43743328024121203	1.0	1.0	1.0	1.0	1.0	1.0	1.0	1.0	1.0	1.0	1.0	1.0	1.0	1.0	1.0
0.9852581611459096	1.0393965099437303	0.20127736718617747	1.7443003286731225	0.4001980491316008	1.0	1.0	1.0	1.0	1.0	1.0	1.0	1.0	1.0	1.0	1.0	1.0	1.0	1.0	1.0
1.0166575912154556	1.0222460423609792	0.19638012074009625	1.8281882170980448	0.4008861742278158	1.0	1.0	1.0	1.0	1.0	1.0	1.0	1.0	1.0	1.0	1.0	1.0	1.0	1.0	1.0
1.0241366503364564	0.8820796328176944	0.2022289764707657	1.8429258169209433	0.3759770414794807	1.0	1.0	1.0	1.0	1.0	1.0	1.0	1.0	1.0	1.0	1.0	1.0	1.0	1.0	1.0
1.0150767970260752	0.8219659457177512	0.20310561153348658	1.7882781863891637	0.4317828082562752	1.0	1.0	1.0	1.0	1.0	1.0	1.0	1.0	1.0	1.0	1.0	0.0	1.0	1.0	1.0
1.00988034550195	0.9112790929201509	0.17110042310147047	1.78198607094716	0.35496684085956187	1.0	1.0	1.0	1.0	1.0	1.0	1.0	1.0	1.0	1.0	1.0	1.0	1.0	1.0	0.0
0.985219009257494	1.061187508243796	0.20463251557845655	1.7855905405930137	0.41030926638155835	1.0	1.0	1.0	1.0	1.0	1.0	1.0	1.0	1.0	1.0	1.0	1.0	1.0	1.0	1.0
0.9797014194442143	1.0006332299693637	0.17663776727310457	1.7840874614664073	0.4418746277167127	1.0	1.0	1.0	1.0	1.0	1.0	1.0	1.0	1.0	1.0	1.0	1.0	1.0	1.0	0.0
1.030135650083375	1.0150029853986142	0.15098510539596072	1.8461607868773837	0.3715817961943435	1.0	1.0	1.0	1.0	1.0	1.0	1.0	0.0	1.0	1.0	1.0	1.0	0.0	1.0	1.0
0.9906666205704587	0.9737112797222428	0.2007940651081403	1.7009640700876232	0.4115784948231196	1.0	1.0	1.0	1.0	1.0	1.0	1.0	1.0	1.0	1.0	1.0	1.0	1.0	1.0	1.0
0.9979505499623152	0.9767306403237717	0.21720088973919982	1.8822322367649476	0.41371683234868945	1.0	1.0	1.0	1.0	1.0	1.0	1.0	1.0	1.0	1.0	1.0	1.0	1.0	1.0	1.0
1.0099680909184534	1.183567109494904	0.18537513889870583	1.8009927782229738	0.4169032899169234	1.0	1.0	1.0	1.0	1.0	1.0	1.0	1.0	1.0	1.0	1.0	0.0	1.0	1.0	1.0
1.0280311558167647	1.070532566053682	0.17523904308260024	1.8119487822133469	0.36639484446905674	1.0	1.0	1.0	1.0	1.0	1.0	1.0	1.0	1.0	1.0	1.0	1.0	1.0	1.0	1.0
0.9969580426976922	1.0783708849044487	0.17167675997388682	1.8937238302846493	0.40006664291535976	1.0	1.0	1.0	1.0	1.0	1.0	1.0	1.0	1.0	1.0	1.0	1.0	1.0	1.0	1.0
1.0322111447761948	1.0086192002085024	0.19923820725695607	1.854636967476647	0.4041676306878431	1.0	1.0	1.0	1.0	1.0	1.0	1.0	1.0	1.0	1.0	0.0	1.0	1.0	1.0	1.0
0.9848836638633246	1.062694058327401	0.21649694248104334	1.7226713802436342	0.33300339730538875	1.0	1.0	1.0	1.0	1.0	1.0	1.0	1.0	1.0	0.0	1.0	1.0	1.0	1.0	0.0
1.011388265933884	1.0629328179659185	0.20966729322778707	1.7992146898577333	0.38652431992578506	1.0	1.0	1.0	1.0	1.0	1.0	1.0	1.0	1.0	1.0	1.0	1.0	1.0	1.0	1.0
1.019065578843008	0.9251775735688003	0.17246134075827535	1.7389462178885162	0.40149308297794517	1.0	1.0	1.0	1.0	1.0	1.0	1.0	1.0	1.0	1.0	1.0	1.0	1.0	1.0	1.0
0.9859292003637323	0.9511622446282149	0.19122444442353106	1.8044893531638484	0.4168220075241887	1.0	1.0	1.0	1.0	1.0	1.0	1.0	1.0	1.0	1.0	1.0	1.0	1.0	1.0	1.0
0.988628858527135	1.0262695799006918	0.20427800654505435	1.7118355506832799	0.35255368581830715	1.0	1.0	1.0	1.0	1.0	1.0	1.0	1.0	1.0	1.0	1.0	1.0	1.0	1.0	0.0
1.026143261297412	1.03261980639271	0.18878581118466967	1.6972586199951916	0.4197023659568913	1.0	1.0	1.0	1.0	1.0	1.0	1.0	1.0	1.0	1.0	1.0	1.0	1.0	1.0	1.0
1.0019219025507131	1.044010668735659	0.2047391294668843	1.7356017955749568	0.40930643584361326	1.0	1.0	1.0	1.0	1.0	1.0	1.0	1.0	1.0	1.0	1.0	1.0	1.0	1.0	1.0
1.0454059145628225	0.9634681848105691	0.18049363133139565	1.809386251930819	0.3534862309887112	1.0	1.0	1.0	1.0	1.0	0.0	1.0	1.0	1.0	1.0	0.0	1.0	1.0	1.0	0.0
1.002269898784791	0.8971164684745944	0.21787621569661006	1.8175924755287667	0.4250595610494689	1.0	1.0	1.0	1.0	1.0	1.0	1.0	1.0	1.0	1.0	1.0	1.0	1.0	1.0	1.0
0.9956084015488009	0.9454315029315022	0.21401949557526495	1.6838339487972667	0.4156701482330114	1.0	1.0	1.0	1.0	1.0	1.0	1.0	1.0	1.0	1.0	1.0	1.0	1.0	0.0	1.0
0.991040153360159	0.8132762224633123	0.2049515740911169	1.8400941454924664	0.38957711418217095	1.0	1.0	1.0	1.0	1.0	1.0	0.0	1.0	1.0	1.0	1.0	0.0	1.0	1.0	1.0
0.9908058939763558	1.0223038599939172	0.18692173084635788	1.7000978040681105	0.4156176671078369	1.0	1.0	1.0	1.0	1.0	1.0	1.0	1.0	1.0	1.0	1.0	1.0	1.0	1.0	1.0
1.0103213981900458	1.1570648205038663	0.22218490645755784	1.776423066975751	0.41505288832721726	1.0	1.0	1.0	1.0	1.0	1.0	1.0	1.0	1.0	1.0	1.0	1.0	1.0	1.0	1.0
1.0286715987903436	0.9699407912736983	0.20943847294573834	1.7503275382517633	0.4209323308338964	1.0	1.0	1.0	1.0	1.0	1.0	1.0	1.0	1.0	1.0	1.0	1.0	1.0	1.0	1.0
0.9776960047936971	0.9702473315587957	0.20003080941497442	1.7093167553382278	0.40673976339889056	1.0	1.0	1.0	1.0	1.0	1.0	1.0	1.0	1.0	1.0	1.0	1.0	1.0	1.0	1.0
0.9728386173557545	0.9520474291462866	0.21383818179982794	1.8094432083033087	0.41105734826912993	1.0	1.0	1.0	1.0	1.0	1.0	1.0	1.0	1.0	1.0	1.0	1.0	1.0	1.0	1.0
0.9949222803500044	0.8803494467959712	0.17669463278784656	1.7579866577396417	0.39505471053098956	1.0	1.0	1.0	1.0	1.0	1.0	1.0	1.0	1.0	1.0	1.0	1.0	1.0	1.0	1.0
1.0172914244685696	1.0564719900374115	0.18456117969591188	1.9754236903923141	0.39808764607035585	1.0	1.0	1.0	1.0	1.0	1.0	1.0	1.0	0.0	1.0	1.0	1.0	1.0	0.0	1.0
0.983202427918165	1.0091630343978533	0.17741758917444586	1.7790808904722064	0.38091053862652197	1.0	1.0	1.0	1.0	1.0	1.0	1.0	1.0	1.0	1.0	1.0	1.0	1.0	1.0	1.0
0.9810612031755039	1.1739864308759762	0.2357964748708435	1.7299063021171297	0.4372910220469904	1.0	1.0	1.0	1.0	1.0	1.0	1.0	1.0	1.0	1.0	1.0	1.0	0.0	1.0	1.0
1.0154838442483936	1.017943391550443	0.10806912585144267	1.8275116146290493	0.3459404629247848	1.0	1.0	0.0	1.0	1.0	1.0	1.0	0.0	1.0	0.0	1.0	1.0	0.0	1.0	0.0
0.9985565983281416	1.1636371185112788	0.2157373780538781	1.8356342915490473	0.41515996120874027	1.0	1.0	1.0	1.0	1.0	1.0	1.0	1.0	1.0	1.0	1.0	1.0	1.0	1.0	1.0
1.0079145510602383	1.0155155988870266	0.19115864965844137	1.7080094502874053	0.37321062178156733	1.0	1.0	1.0	1.0	1.0	1.0	1.0	1.0	1.0	1.0	1.0	1.0	1.0	1.0	1.0
1.0081850909241667	1.0062784462192118	0.19494623306865388	1.8587029985477566	0.39794271871697	1.0	1.0	1.0	1.0	1.0	1.0	1.0	1.0	1.0	1.0	1.0	1.0	1.0	1.0	1.0
1.0157975954331069	1.0571443103984153	0.25735272822175365	1.8639254241807675	0.4588627892585923	1.0	1.0	0.0	1.0	1.0	1.0	1.0	0.0	1.0	0.0	1.0	1.0	0.0	1.0	0.0
0.9902937151615478	1.1300849897937044	0.19859918913016059	1.736487462116842	0.38827071704545035	1.0	1.0	1.0	1.0	1.0	1.0	1.0	1.0	1.0	1.0	1.0	1.0	1.0	1.0	1.0
1.0140020325330494	1.0216512966627067	0.1792598263923573	1.7474292275043444	0.37537247957489706	1.0	1.0	1.0	1.0	1.0	1.0	1.0	1.0	1.0	1.0	1.0	1.0	1.0	1.0	1.0
1.0203114840203955	1.1074241698749916	0.20016101908260622	1.8488802595900238	0.3952075128677353	1.0	1.0	1.0	1.0	1.0	1.0	1.0	1.0	1.0	1.0	1.0	1.0	1.0	1.0	1.0
1.017652772094404	1.0390615684848745	0.159756559091333	1.8185755936594683	0.3933328116565574	1.0	1.0	1.0	1.0	1.0	1.0	1.0	0.0	1.0	1.0	1.0	1.0	0.0	1.0	1.0
0.9784675366056357	0.988339200699945	0.1921741836238787	1.9010957614088126	0.3855048328120691	1.0	1.0	1.0	1.0	1.0	1.0	1.0	1.0	1.0	1.0	1.0	1.0	1.0	1.0	1.0
1.0139919014967524	0.9858858638031633	0.2036450923973705	1.8302559136187615	0.39496455065039116	1.0	1.0	1.0	1.0	1.0	1.0	1.0	1.0	1.0	1.0	1.0	1.0	1.0	1.0	1.0
1.0098714201582202	0.8784364133267871	0.19041726837466502	1.7204251638320063	0.3895276349134542	1.0	1.0	1.0	1.0	1.0	1.0	1.0	1.0	1.0	1.0	1.0	1.0	1.0	1.0	1.0
0.9723348737360596	0.9042474940358998	0.17266105240687185	1.8253316511232158	0.37782734096917225	1.0	1.0	1.0	1.0	1.0	1.0	1.0	1.0	1.0	1.0	1.0	1.0	1.0	1.0	1.0
0.9598860952689685	0.9574840334581178	0.21204643650006227	1.8842044923302304	0.3816063977507044	1.0	1.0	1.0	1.0	1.0	1.0	1.0	1.0	1.0	1.0	0.0	1.0	1.0	1.0	1.0
1.0346870488956068	0.9207962077409871	0.1609151456415296	1.8097367183442825	0.3730284802399144	1.0	1.0	1.0	1.0	1.0	1.0	1.0	0.0	1.0	1.0	0.0	1.0	0.0	1.0	1.0
0.9993326101064333	0.9296849407139384	0.1876209034570431	1.7865880483717584	0.4033525825090919	1.0	1.0	1.0	1.0	1.0	1.0	1.0	1.0	1.0	1.0	1.0	1.0	1.0	1.0	1.0
1.012279777416222	0.9316954937162267	0.18263811100643174	1.8655230614958989	0.40809838701868456	1.0	1.0	1.0	1.0	1.0	1.0	1.0	1.0	1.0	1.0	1.0	1.0	1.0	1.0	1.0
0.9871754208630981	0.8976146202310745	0.19180319837837786	1.8064614072820633	0.38981583357639643	1.0	1.0	1.0	1.0	1.0	1.0	1.0	1.0	1.0	1.0	1.0	1.0	1.0	1.0	1.0
0.9741703546469002	0.8889011237368277	0.22654031826505722	1.7278808842642175	0.38230803184324985	1.0	1.0	1.0	1.0	1.0	1.0	1.0	1.0	1.0	1.0	1.0	1.0	1.0	1.0	1.0
0.9875111158442973	0.9322208745158527	0.18996887368903725	1.8482225880893521	0.3558382040725931	1.0	1.0	1.0	1.0	1.0	1.0	1.0	1.0	1.0	1.0	1.0	1.0	1.0	1.0	0.0
0.9855032967734082	0.9050505526520838	0.2167335383920944	1.8232825147343859	0.399728724705255	1.0	1.0	1.0	1.0	1.0	1.0	1.0	1.0	1.0	1.0	1.0	1.0	1.0	1.0	1.0
1.006753445992041	0.9531446741515736	0.1612911744412796	1.838701121868488	0.3387274227007241	1.0	1.0	1.0	1.0	1.0	1.0	1.0	1.0	1.0	0.0	1.0	1.0	1.0	1.0	0.0
1.0185488792630297	1.2616703183602411	0.218335694772755	1.7442473916969619	0.42902296503018694	1.0	1.0	1.0	1.0	1.0	1.0	0.0	1.0	1.0	1.0	1.0	0.0	1.0	1.0	1.0
1.0188562507534549	1.075983555353641	0.24445247892917246	1.70157464122956	0.4219817181762277	1.0	1.0	1.0	1.0	1.0	1.0	1.0	0.0	1.0	1.0	1.0	1.0	0.0	1.0	1.0
1.0180583060140598	0.9040825362346091	0.16118030176299394	1.8048939909549313	0.38573920484053076	1.0	1.0	1.0	1.0	1.0	1.0	1.0	0.0	1.0	1.0	1.0	1.0	0.0	1.0	1.0
1.0146527960685714	1.188832084109485	0.21334107563829813	1.817824162303551	0.4421074753373044	1.0	1.0	1.0	1.0	1.0	1.0	1.0	1.0	1.0	1.0	1.0	0.0	1.0	1.0	0.0
0.9967733156957612	0.841420447186981	0.18822360688232315	1.7795602308938483	0.3816691222842967	1.0	1.0	1.0	1.0	1.0	1.0	1.0	1.0	1.0	1.0	1.0	0.0	1.0	1.0	1.0
1.0281014429224158	0.9990892917635807	0.18439980112959697	1.6579298125133726	0.3956244690995717	1.0	1.0	1.0	1.0	1.0	1.0	1.0	1.0	0.0	1.0	1.0	1.0	1.0	0.0	1.0
1.0188668285142837	0.9828665300628155	0.16164769595054077	1.6890456792394597	0.37033305938356326	1.0	1.0	1.0	1.0	1.0	1.0	1.0	1.0	0.0	1.0	1.0	1.0	0.0	0.0	1.0
1.0014613153491645	0.9048198360265669	0.18276184916581875	1.7927383600241755	0.3993604445107633	1.0	1.0	1.0	1.0	1.0	1.0	1.0	1.0	1.0	1.0	1.0	1.0	1.0	1.0	1.0
1.0143287992144945	0.9708407007016961	0.16287738676425778	1.8416722302057476	0.37640291351944805	1.0	1.0	1.0	1.0	1.0	1.0	1.0	1.0	1.0	1.0	1.0	1.0	0.0	1.0	1.0
1.022030288196474	0.9170198517092566	0.1999560089220761	1.6905880616295907	0.3660711878566365	1.0	1.0	1.0	1.0	1.0	1.0	1.0	1.0	1.0	1.0	1.0	1.0	1.0	0.0	1.0
0.9642920830108694	0.9874210071147367	0.20298094326140298	1.750938681323786	0.3972996049655283	1.0	1.0	1.0	1.0	1.0	1.0	1.0	1.0	1.0	1.0	0.0	1.0	1.0	1.0	1.0
0.9888100375676943	0.8161904876944694	0.12100431040789929	1.7721708885110188	0.3195823346946458	1.0	1.0	0.0	1.0	0.0	1.0	0.0	0.0	1.0	0.0	1.0	0.0	0.0	1.0	0.0
1.0209548534036894	1.0507896636850098	0.2072200124201311	1.801855329253833	0.41722430448843517	1.0	1.0	1.0	1.0	1.0	1.0	1.0	1.0	1.0	1.0	1.0	1.0	1.0	1.0	1.0
0.9852326377237319	1.1036429061470876	0.18695738637988202	1.7565271471207882	0.3958057189184652	1.0	1.0	1.0	1.0	1.0	1.0	1.0	1.0	1.0	1.0	1.0	1.0	1.0	1.0	1.0
1.045421515233925	1.0603603542363085	0.16228169192286312	1.8834181431446133	0.37158206799417237	1.0	1.0	1.0	1.0	1.0	0.0	1.0	1.0	1.0	1.0	0.0	1.0	0.0	1.0	1.0
0.989877282056342	1.0164787052638655	0.19779011652738532	1.7011014805453502	0.4083498839270415	1.0	1.0	1.0	1.0	1.0	1.0	1.0	1.0	1.0	1.0	1.0	1.0	1.0	1.0	1.0
1.0219840638709905	1.0161427842793023	0.2105118144604642	1.8168330324153452	0.39022377805702096	1.0	1.0	1.0	1.0	1.0	1.0	1.0	1.0	1.0	1.0	1.0	1.0	1.0	1.0	1.0
0.9792027147752409	0.8484177122932182	0.18887836174661946	1.8551386259618918	0.37313617853708836	1.0	1.0	1.0	1.0	1.0	1.0	1.0	1.0	1.0	1.0	1.0	1.0	1.0	1.0	1.0
0.9981376469874311	0.900023255711475	0.2526752463890886	1.7354896486924045	0.42587181875384555	1.0	1.0	0.0	1.0	1.0	1.0	1.0	0.0	1.0	1.0	1.0	1.0	0.0	1.0	1.0
1.028668291306207	1.2279082733788678	0.1926575451912523	1.7824930915317834	0.3990299409639945	1.0	1.0	1.0	1.0	1.0	1.0	0.0	1.0	1.0	1.0	1.0	0.0	1.0	1.0	1.0
0.9870592323608933	0.9454422346778032	0.19861759377044558	1.7448818009303788	0.3775782826242111	1.0	1.0	1.0	1.0	1.0	1.0	1.0	1.0	1.0	1.0	1.0	1.0	1.0	1.0	1.0
1.0069861597208143	1.1246300769519166	0.1795445026708986	1.8591515256329407	0.40047905830931946	1.0	1.0	1.0	1.0	1.0	1.0	1.0	1.0	1.0	1.0	1.0	1.0	1.0	1.0	1.0
1.020587904713269	0.9873643217656574	0.17859078588120597	1.8402744001315638	0.39004275313103093	1.0	1.0	1.0	1.0	1.0	1.0	1.0	1.0	1.0	1.0	1.0	1.0	1.0	1.0	1.0
0.9825770789450587	1.0069833774002674	0.20994465902951287	1.8157393896445202	0.42077196520666094	1.0	1.0	1.0	1.0	1.0	1.0	1.0	1.0	1.0	1.0	1.0	1.0	1.0	1.0	1.0
0.9958798220886762	0.826530249485282	0.18489295689700758	1.8432062087008336	0.3677771705712427	1.0	1.0	1.0	1.0	1.0	1.0	1.0	1.0	1.0	1.0	1.0	0.0	1.0	1.0	1.0
1.0226595522454212	0.9857081991127907	0.18029186826060378	1.788669721281164	0.3872899396604561	1.0	1.0	1.0	1.0	1.0	1.0	1.0	1.0	1.0	1.0	1.0	1.0	1.0	1.0	1.0
0.9615313337353513	1.0243456293313153	0.1796171982982463	1.8157608408414747	0.36971967409675216	1.0	1.0	1.0	1.0	1.0	1.0	1.0	1.0	1.0	1.0	0.0	1.0	1.0	1.0	1.0
1.0254104491290843	1.0282565077992967	0.2015924061094712	1.8419732611308914	0.38930855606304404	1.0	1.0	1.0	1.0	1.0	1.0	1.0	1.0	1.0	1.0	1.0	1.0	1.0	1.0	1.0
0.9707941092646015	1.0656110758784445	0.236790913952167	1.926353291605936	0.4077737880016805	1.0	1.0	1.0	1.0	1.0	1.0	1.0	1.0	1.0	1.0	1.0	1.0	1.0	1.0	1.0
1.0284593196172602	1.0361794782382312	0.21032705096397147	1.7465835222319714	0.4056416884631671	1.0	1.0	1.0	1.0	1.0	1.0	1.0	1.0	1.0	1.0	1.0	1.0	1.0	1.0	1.0
1.0090782645182221	1.0339206451779075	0.18882219640042736	1.8354070578578685	0.39206168789934	1.0	1.0	1.0	1.0	1.0	1.0	1.0	1.0	1.0	1.0	1.0	1.0	1.0	1.0	1.0
0.9961730528590069	1.0318871465347277	0.18171030747181235	1.9467702827671263	0.3809475147930828	1.0	1.0	1.0	1.0	1.0	1.0	1.0	1.0	1.0	1.0	1.0	1.0	1.0	0.0	1.0
0.996030192521408	0.9066282647914086	0.19387161843253614	1.8073847512033379	0.3759122688698342	1.0	1.0	1.0	1.0	1.0	1.0	1.0	1.0	1.0	1.0	1.0	1.0	1.0	1.0	1.0
1.008741837938705	0.837564491974282	0.17770805375497284	1.775356226349678	0.3784534756577172	1.0	1.0	1.0	1.0	1.0	1.0	1.0	1.0	1.0	1.0	1.0	0.0	1.0	1.0	1.0
1.0331408884696516	0.9570666228320203	0.16954021993944934	1.7854787212809096	0.3474481942014387	1.0	1.0	1.0	1.0	1.0	1.0	1.0	1.0	1.0	1.0	1.0	1.0	1.0	1.0	0.0
0.9920516821470912	0.9222651409040518	0.20346715592458914	1.8408994030617147	0.42738537734204546	1.0	1.0	1.0	1.0	1.0	1.0	1.0	1.0	1.0	1.0	1.0	1.0	1.0	1.0	1.0
1.0087821815003004	0.9857991946313639	0.19219097089972434	1.7819186231905504	0.4079176556306141	1.0	1.0	1.0	1.0	1.0	1.0	1.0	1.0	1.0	1.0	1.0	1.0	1.0	1.0	1.0
1.0209499391852586	0.9490112569445739	0.16505404285193384	1.8292507872669652	0.3475217906854736	1.0	1.0	1.0	1.0	1.0	1.0	1.0	1.0	1.0	0.0	1.0	1.0	1.0	1.0	0.0
0.9891912245742165	0.9107688824088589	0.21470999327078272	1.8249441100587698	0.41532011453475953	1.0	1.0	1.0	1.0	1.0	1.0	1.0	1.0	1.0	1.0	1.0	1.0	1.0	1.0	1.0
1.0139272761361793	1.0892397805101908	0.17488021518152014	1.756265176486205	0.40145312993513627	1.0	1.0	1.0	1.0	1.0	1.0	1.0	1.0	1.0	1.0	1.0	1.0	1.0	1.0	1.0
1.0027467863236816	0.962787523692806	0.1877506576361695	1.8212464375652044	0.43406536094892884	1.0	1.0	1.0	1.0	1.0	1.0	1.0	1.0	1.0	1.0	1.0	1.0	1.0	1.0	1.0
1.020519761373932	1.0055271904366925	0.20055712682040797	1.7485831311805733	0.3588033150075899	1.0	1.0	1.0	1.0	1.0	1.0	1.0	1.0	1.0	1.0	1.0	1.0	1.0	1.0	1.0
0.9996202833910421	0.8766898153965591	0.1912703849728795	1.9012353240971116	0.4020767196592969	1.0	1.0	1.0	1.0	1.0	1.0	1.0	1.0	1.0	1.0	1.0	1.0	1.0	1.0	1.0
0.9762886110683463	0.9859681245894623	0.20127784313220293	1.8405951120019957	0.38761509961322577	1.0	1.0	1.0	1.0	1.0	1.0	1.0	1.0	1.0	1.0	1.0	1.0	1.0	1.0	1.0
0.9978602750527878	0.8962509067522673	0.16518812964243743	1.7783844046916464	0.36156453475523775	1.0	1.0	1.0	1.0	1.0	1.0	1.0	1.0	1.0	1.0	1.0	1.0	1.0	1.0	1.0
0.9972962977780145	0.9323044110219324	0.20813187423074622	1.8009930027436702	0.42681658041803494	1.0	1.0	1.0	1.0	1.0	1.0	1.0	1.0	1.0	1.0	1.0	1.0	1.0	1.0	1.0
1.0011380179137317	1.1630371237707893	0.22591816994388073	1.7675023292903198	0.3989470702493776	1.0	1.0	1.0	1.0	1.0	1.0	1.0	1.0	1.0	1.0	1.0	1.0	1.0	1.0	1.0
0.9816836607985493	0.8134179542108253	0.19772629138623238	1.7106418528899128	0.41585353636526134	1.0	1.0	1.0	1.0	1.0	1.0	1.0	1.0	1.0	1.0	1.0	0.0	1.0	1.0	1.0
1.0020567032990872	1.101404886832829	0.18929906127576657	1.7758494276093897	0.4081089875184201	1.0	1.0	1.0	1.0	1.0	1.0	1.0	1.0	1.0	1.0	1.0	1.0	1.0	1.0	1.0
0.9884599024183391	0.9048243361141296	0.17879209663713366	1.8016551373187755	0.4088475087691556	1.0	1.0	1.0	1.0	1.0	1.0	1.0	1.0	1.0	1.0	1.0	1.0	1.0	1.0	1.0
0.9830106250633455	0.9211766154956856	0.19488959780838855	1.6782196082377676	0.37041363446646947	1.0	1.0	1.0	1.0	1.0	1.0	1.0	1.0	1.0	1.0	1.0	1.0	1.0	0.0	1.0
0.9939417171923287	0.9174982306544011	0.19842856793620894	1.8549702172737526	0.3867096070932258	1.0	1.0	1.0	1.0	1.0	1.0	1.0	1.0	1.0	1.0	1.0	1.0	1.0	1.0	1.0
1.028687583349881	1.2305249911719753	0.19221355423244127	1.7427818905097732	0.4011440721118934	1.0	1.0	1.0	1.0	1.0	1.0	0.0	1.0	1.0	1.0	1.0	0.0	1.0	1.0	1.0
1.021207581990838	1.0769911807642876	0.21684346472334254	1.7906022044051773	0.4234593262750832	1.0	1.0	1.0	1.0	1.0	1.0	1.0	1.0	1.0	1.0	1.0	1.0	1.0	1.0	1.0
0.9900114931959306	0.8739132734607061	0.1892732898352622	1.8048197680779514	0.35729182407723686	1.0	1.0	1.0	1.0	1.0	1.0	1.0	1.0	1.0	0.0	1.0	1.0	1.0	1.0	0.0
1.0086614285136424	1.0204685534907223	0.2150601096048589	1.6655879489209267	0.40156483678873317	1.0	1.0	1.0	1.0	1.0	1.0	1.0	1.0	1.0	1.0	1.0	1.0	1.0	0.0	1.0
0.9790343193152071	0.9671246276376835	0.20958090001076016	1.821510437242016	0.4127630701067503	1.0	1.0	1.0	1.0	1.0	1.0	1.0	1.0	1.0	1.0	1.0	1.0	1.0	1.0	1.0
0.9904245412292472	0.9909042682753463	0.1707622046517619	1.8325053774701352	0.402949757372599	1.0	1.0	1.0	1.0	1.0	1.0	1.0	1.0	1.0	1.0	1.0	1.0	1.0	1.0	1.0
0.9876795736957822	0.9594199328060796	0.14867073181423443	1.798647394864643	0.370800397107688	1.0	1.0	1.0	1.0	1.0	1.0	1.0	0.0	1.0	1.0	1.0	1.0	0.0	1.0	1.0
0.980857876300822	1.0032540369773297	0.20000342535636634	1.7787509579256446	0.3939782579472867	1.0	1.0	1.0	1.0	1.0	1.0	1.0	1.0	1.0	1.0	1.0	1.0	1.0	1.0	1.0
0.9999585269994606	1.014713312626257	0.20323346420505764	1.694016140304652	0.37946760005008245	1.0	1.0	1.0	1.0	1.0	1.0	1.0	1.0	1.0	1.0	1.0	1.0	1.0	1.0	1.0
1.045107090769401	0.8118460326593596	0.19616850922532322	1.7247572808475655	0.3583684466244949	1.0	1.0	1.0	1.0	1.0	0.0	0.0	1.0	1.0	1.0	0.0	0.0	1.0	1.0	1.0
1.0008103503524242	1.0369276601994963	0.21230762721452656	1.8938844561669845	0.41534396002171453	1.0	1.0	1.0	1.0	1.0	1.0	1.0	1.0	1.0	1.0	1.0	1.0	1.0	1.0	1.0
1.0216713153099777	1.0910230053914127	0.2167455987671454	1.8393994912673866	0.40406402342327785	1.0	1.0	1.0	1.0	1.0	1.0	1.0	1.0	1.0	1.0	1.0	1.0	1.0	1.0	1.0
0.9964080907405263	1.15590139689847	0.1743867320049136	1.8214885474993683	0.37765729298408257	1.0	1.0	1.0	1.0	1.0	1.0	1.0	1.0	1.0	1.0	1.0	1.0	1.0	1.0	1.0
0.9790448231071248	0.8241834661906616	0.1769044457285818	1.8389513263939563	0.3482101955135394	1.0	1.0	1.0	1.0	1.0	1.0	1.0	1.0	1.0	0.0	1.0	0.0	1.0	1.0	0.0
1.0456114033854178	1.0796062442870122	0.19077281790587966	1.773571839184578	0.37433156201501044	1.0	1.0	1.0	1.0	1.0	0.0	1.0	1.0	1.0	1.0	0.0	1.0	1.0	1.0	1.0
0.9953436882233299	0.9611540041237538	0.18537140798740853	1.9121641559324256	0.4076347410524595	1.0	1.0	1.0	1.0	1.0	1.0	1.0	1.0	1.0	1.0	1.0	1.0	1.0	1.0	1.0
0.993143336059984	0.934101185649579	0.22593688610715243	1.8206376171219278	0.4264280848683565	1.0	1.0	1.0	1.0	1.0	1.0	1.0	1.0	1.0	1.0	1.0	1.0	1.0	1.0	1.0
1.0050190839831856	0.8664800250346274	0.22984036851369816	1.7483512024749914	0.40581672646066225	1.0	1.0	1.0	1.0	1.0	1.0	1.0	1.0	1.0	1.0	1.0	1.0	1.0	1.0	1.0
0.9974772305953771	0.9576467221421979	0.21397801385357898	1.793997891541403	0.41415545354137295	1.0	1.0	1.0	1.0	1.0	1.0	1.0	1.0	1.0	1.0	1.0	1.0	1.0	1.0	1.0
0.9882183941639753	1.0722220958712974	0.2085770729175968	1.8320183533106624	0.4160195926707825	1.0	1.0	1.0	1.0	1.0	1.0	1.0	1.0	1.0	1.0	1.0	1.0	1.0	1.0	1.0
0.9948884700957278	1.146543030804189	0.22057167390304758	1.8419066166931422	0.4395824031812779	1.0	1.0	1.0	1.0	1.0	1.0	1.0	1.0	1.0	1.0	1.0	1.0	1.0	1.0	1.0
1.0313355117612726	0.9397871019230338	0.17980371655766475	1.796059272145222	0.3935014489912719	1.0	1.0	1.0	1.0	1.0	1.0	1.0	1.0	1.0	1.0	1.0	1.0	1.0	1.0	1.0
0.9940475178546662	0.9361992270132611	0.20259906650449422	1.997495091019146	0.4126083800075652	1.0	1.0	1.0	0.0	1.0	1.0	1.0	1.0	0.0	1.0	1.0	1.0	1.0	0.0	1.0
0.9855443876343953	1.0769195759405887	0.2030129817886002	1.8445668991300452	0.4443125014678115	1.0	1.0	1.0	1.0	1.0	1.0	1.0	1.0	1.0	1.0	1.0	1.0	1.0	1.0	1.0
1.0185709296003638	0.8316220902377348	0.19031292231844277	1.6874302751380041	0.3795965349383998	1.0	1.0	1.0	1.0	1.0	1.0	1.0	1.0	1.0	1.0	1.0	0.0	1.0	1.0	1.0
1.0046046950606862	1.0860831318290716	0.20603882079551608	1.7099259044676407	0.4066190682329909	1.0	1.0	1.0	1.0	1.0	1.0	1.0	1.0	1.0	1.0	1.0	1.0	1.0	1.0	1.0
0.9904643004949321	0.8694951188868371	0.2009897141356058	1.7923357002369187	0.39453806276870573	1.0	1.0	1.0	1.0	1.0	1.0	1.0	1.0	1.0	1.0	1.0	1.0	1.0	1.0	1.0
1.0056310629417031	1.0014490709082655	0.20924084634841164	1.8350396098255568	0.4024547337667076	1.0	1.0	1.0	1.0	1.0	1.0	1.0	1.0	1.0	1.0	1.0	1.0	1.0	1.0	1.0
0.9966946371967813	1.0543258054590294	0.23889282231336806	1.7685301090529295	0.41679439234807014	1.0	1.0	1.0	1.0	1.0	1.0	1.0	1.0	1.0	1.0	1.0	1.0	0.0	1.0	1.0
0.9897470640670334	1.075540102713833	0.24057301664891476	1.9468851420173168	0.47633925485335804	1.0	1.0	1.0	1.0	1.0	1.0	1.0	0.0	1.0	0.0	1.0	1.0	0.0	0.0	0.0
1.055371871493075	1.0003346927742915	0.15778462793181275	1.7530424209275188	0.35739121030012516	1.0	1.0	1.0	1.0	1.0	0.0	1.0	1.0	1.0	1.0	0.0	1.0	0.0	1.0	0.0
1.0280528421046937	0.8782548927304277	0.18515527994702785	1.753425738478877	0.36977961808037435	1.0	1.0	1.0	1.0	1.0	1.0	1.0	1.0	1.0	1.0	1.0	1.0	1.0	1.0	1.0
1.017608430592716	1.0049720809614537	0.18361724005065075	1.7777798937025828	0.39673984572661014	1.0	1.0	1.0	1.0	1.0	1.0	1.0	1.0	1.0	1.0	1.0	1.0	1.0	1.0	1.0
0.990738886387425	0.9016031973511243	0.18845875918811972	1.8404893970966718	0.4067994148244204	1.0	1.0	1.0	1.0	1.0	1.0	1.0	1.0	1.0	1.0	1.0	1.0	1.0	1.0	1.0
1.0145044827625014	1.133928883364403	0.1987823937638316	1.8491766804376986	0.3916018339121605	1.0	1.0	1.0	1.0	1.0	1.0	1.0	1.0	1.0	1.0	1.0	1.0	1.0	1.0	1.0
1.0134846966407705	0.993556867163459	0.18034603865553836	1.8691174745280732	0.3629991898256152	1.0	1.0	1.0	1.0	1.0	1.0	1.0	1.0	1.0	1.0	1.0	1.0	1.0	1.0	1.0
0.9888632541704563	1.0425919582349408	0.21188684639688818	1.9196573391556864	0.373933337647569	1.0	1.0	1.0	1.0	1.0	1.0	1.0	1.0	1.0	1.0	1.0	1.0	1.0	1.0	1.0
1.0056554033916487	1.1085670496755076	0.18543493347279957	1.7749392127836152	0.3818326243734246	1.0	1.0	1.0	1.0	1.0	1.0	1.0	1.0	1.0	1.0	1.0	1.0	1.0	1.0	1.0
0.9891833388798387	1.032033932502879	0.20813033872016248	1.860784529876901	0.34314814087206025	1.0	1.0	1.0	1.0	1.0	1.0	1.0	1.0	1.0	0.0	1.0	1.0	1.0	1.0	0.0
0.9814153284459728	0.9719637327577529	0.1794779066309938	1.7872718614445948	0.37808342924531935	1.0	1.0	1.0	1.0	1.0	1.0	1.0	1.0	1.0	1.0	1.0	1.0	1.0	1.0	1.0
0.997055936315448	1.0530064390028906	0.19962731806357437	1.899423037228173	0.38447708385291063	1.0	1.0	1.0	1.0	1.0	1.0	1.0	1.0	1.0	1.0	1.0	1.0	1.0	1.0	1.0
0.9916296416482848	0.9989779285110151	0.22491860870445848	1.7146112475560702	0.41009253712686866	1.0	1.0	1.0	1.0	1.0	1.0	1.0	1.0	1.0	1.0	1.0	1.0	1.0	1.0	1.0
1.0035807960068748	1.0749728305094275	0.17613101316503035	1.814570161223558	0.37997789336294724	1.0	1.0	1.0	1.0	1.0	1.0	1.0	1.0	1.0	1.0	1.0	1.0	1.0	1.0	1.0
1.0276555106070766	0.948536105667853	0.19895525468512618	1.7241689429336362	0.3946666153100337	1.0	1.0	1.0	1.0	1.0	1.0	1.0	1.0	1.0	1.0	1.0	1.0	1.0	1.0	1.0
1.014366313909457	0.939473870316278	0.19414723413746873	1.8596974637130257	0.37839999231776755	1.0	1.0	1.0	1.0	1.0	1.0	1.0	1.0	1.0	1.0	1.0	1.0	1.0	1.0	1.0
1.0026461029595939	0.9128690894381231	0.17845699736230236	1.8557704407157762	0.3842820090401821	1.0	1.0	1.0	1.0	1.0	1.0	1.0	1.0	1.0	1.0	1.0	1.0	1.0	1.0	1.0
1.0151785974081877	0.8560536420318938	0.23575166229082906	1.724615324450372	0.40797208940962026	1.0	1.0	1.0	1.0	1.0	1.0	1.0	1.0	1.0	1.0	1.0	1.0	0.0	1.0	1.0
1.011182562103984	0.9634944908649798	0.22378155874420871	1.8729930416379397	0.42430679762411	1.0	1.0	1.0	1.0	1.0	1.0	1.0	1.0	1.0	1.0	1.0	1.0	1.0	1.0	1.0
1.0495170300909828	1.0282072002591474	0.16207146337603437	1.7180874418644791	0.37587214494462057	0.0	1.0	1.0	1.0	1.0	0.0	1.0	0.0	1.0	1.0	0.0	1.0	0.0	1.0	1.0
0.9944580253164389	1.0852310671717664	0.23264198948842127	1.8980535943251962	0.413648758475372	1.0	1.0	1.0	1.0	1.0	1.0	1.0	1.0	1.0	1.0	1.0	1.0	1.0	1.0	1.0
1.0272995582462368	1.004366535294741	0.18620999557933315	1.8819518784260638	0.3848930196290611	1.0	1.0	1.0	1.0	1.0	1.0	1.0	1.0	1.0	1.0	1.0	1.0	1.0	1.0	1.0
1.0256871507104492	0.9915557725565235	0.20900676718936034	1.856445657723536	0.41586434681250684	1.0	1.0	1.0	1.0	1.0	1.0	1.0	1.0	1.0	1.0	1.0	1.0	1.0	1.0	1.0
1.0078196691235488	0.9024811385042801	0.17503561754885874	1.776243022462406	0.4033139497724167	1.0	1.0	1.0	1.0	1.0	1.0	1.0	1.0	1.0	1.0	1.0	1.0	1.0	1.0	1.0
0.982152926839039	0.9727041748682992	0.18179858249766007	1.8798698262691664	0.38898180043213726	1.0	1.0	1.0	1.0	1.0	1.0	1.0	1.0	1.0	1.0	1.0	1.0	1.0	1.0	1.0
1.0059942212024018	1.0242840973042784	0.16865525331098336	1.782019635536395	0.3387150036382557	1.0	1.0	1.0	1.0	1.0	1.0	1.0	1.0	1.0	0.0	1.0	1.0	1.0	1.0	0.0
1.0039689450928082	0.9392884513906709	0.22494881098706024	1.7014252774735807	0.39846441962732315	1.0	1.0	1.0	1.0	1.0	1.0	1.0	1.0	1.0	1.0	1.0	1.0	1.0	1.0	1.0
1.0110879170901972	1.0405579303355068	0.19947048393500266	1.821284930132085	0.4136750990631753	1.0	1.0	1.0	1.0	1.0	1.0	1.0	1.0	1.0	1.0	1.0	1.0	1.0	1.0	1.0
0.9789679424926176	0.9826021742506182	0.22987560956354572	1.789123090157611	0.40193817942914223	1.0	1.0	1.0	1.0	1.0	1.0	1.0	1.0	1.0	1.0	1.0	1.0	1.0	1.0	1.0
1.0166715116859173	0.9993353325030643	0.1806436722970502	1.8394863783828266	0.3826814746679771	1.0	1.0	1.0	1.0	1.0	1.0	1.0	1.0	1.0	1.0	1.0	1.0	1.0	1.0	1.0
0.9928011317961732	0.9185216228269015	0.18525885703876052	1.86224133529863	0.4126186782786324	1.0	1.0	1.0	1.0	1.0	1.0	1.0	1.0	1.0	1.0	1.0	1.0	1.0	1.0	1.0
1.0200993765496302	1.0675312784649178	0.17603034024597514	1.888721134353696	0.3926337603689035	1.0	1.0	1.0	1.0	1.0	1.0	1.0	1.0	1.0	1.0	1.0	1.0	1.0	1.0	1.0
0.9974207215826094	1.0441447334102762	0.1898686540741891	1.7333688304418473	0.40795880115836747	1.0	1.0	1.0	1.0	1.0	1.0	1.0	1.0	1.0	1.0	1.0	1.0	1.0	1.0	1.0
1.0068499706539056	0.9779873939773098	0.2021235948170816	1.8113626884698941	0.40223164892797975	1.0	1.0	1.0	1.0	1.0	1.0	1.0	1.0	1.0	1.0	1.0	1.0	1.0	1.0	1.0
1.0035894915245935	1.002799228787379	0.18327981158769024	1.7950054840605003	0.40563252248039855	1.0	1.0	1.0	1.0	1.0	1.0	1.0	1.0	1.0	1.0	1.0	1.0	1.0	1.0	1.0
0.9846051300618296	0.9412027425099241	0.19443775624333035	1.7948183730217029	0.39030728331798903	1.0	1.0	1.0	1.0	1.0	1.0	1.0	1.0	1.0	1.0	1.0	1.0	1.0	1.0	1.0
1.0024758405791983	0.9693860874070204	0.19675466947966053	1.85914435750302	0.38770765058232687	1.0	1.0	1.0	1.0	1.0	1.0	1.0	1.0	1.0	1.0	1.0	1.0	1.0	1.0	1.0
0.9782553890592799	0.9798130030451506	0.2303612197121836	1.8343894915580292	0.3971929608559235	1.0	1.0	1.0	1.0	1.0	1.0	1.0	1.0	1.0	1.0	1.0	1.0	1.0	1.0	1.0
1.0285006832356638	1.0190835851809525	0.2614516988064176	1.809232046261387	0.4336055951945069	1.0	1.0	0.0	1.0	1.0	1.0	1.0	0.0	1.0	1.0	1.0	1.0	0.0	1.0	1.0
0.9769872626014672	1.0706981172797105	0.20508319073216144	1.841429070076497	0.42292206424580253	1.0	1.0	1.0	1.0	1.0	1.0	1.0	1.0	1.0	1.0	1.0	1.0	1.0	1.0	1.0
1.0134749849216735	1.01332081603536	0.18285854642632543	1.8003925148508286	0.40916792605147195	1.0	1.0	1.0	1.0	1.0	1.0	1.0	1.0	1.0	1.0	1.0	1.0	1.0	1.0	1.0
1.0330501956189873	0.995613826382566	0.20300526623589002	1.8063391271305234	0.3818328775120817	1.0	1.0	1.0	1.0	1.0	1.0	1.0	1.0	1.0	1.0	1.0	1.0	1.0	1.0	1.0
1.0273827821849921	1.2429407295020265	0.18233363815085385	1.7497163887658076	0.3942312852374478	1.0	0.0	1.0	1.0	1.0	1.0	0.0	1.0	1.0	1.0	1.0	0.0	1.0	1.0	1.0
1.0218014724147084	0.8994599299343852	0.19781543900498832	1.8040688888009442	0.36844766621498104	1.0	1.0	1.0	1.0	1.0	1.0	1.0	1.0	1.0	1.0	1.0	1.0	1.0	1.0	1.0
1.0146910496194488	0.9279600691855203	0.19992186181703206	1.8692425366591714	0.4487651929365082	1.0	1.0	1.0	1.0	1.0	1.0	1.0	1.0	1.0	1.0	1.0	1.0	1.0	1.0	0.0
0.9603434904630893	1.0132303166136913	0.2061995419160724	1.9207926252185903	0.3908675422352385	1.0	1.0	1.0	1.0	1.0	1.0	1.0	1.0	1.0	1.0	0.0	1.0	1.0	1.0	1.0
0.9984383066209724	0.894672705795589	0.20006614318989074	1.747504274853123	0.39301519910960825	1.0	1.0	1.0	1.0	1.0	1.0	1.0	1.0	1.0	1.0	1.0	1.0	1.0	1.0	1.0
1.0048334032993218	1.0560498718097489	0.2091028934966348	1.7144935253980176	0.4021393995898961	1.0	1.0	1.0	1.0	1.0	1.0	1.0	1.0	1.0	1.0	1.0	1.0	1.0	1.0	1.0
0.9926064576028817	0.9320713810752491	0.18816380178536884	1.6657218097733046	0.3798665011745754	1.0	1.0	1.0	1.0	1.0	1.0	1.0	1.0	0.0	1.0	1.0	1.0	1.0	0.0	1.0
1.0268057211245578	0.9687780026196622	0.15000259518553385	1.8823547142491364	0.35578755416593766	1.0	1.0	1.0	1.0	1.0	1.0	1.0	0.0	1.0	1.0	1.0	1.0	0.0	1.0	1.0
1.008424957941704	1.0509707221318882	0.1904003305444552	1.8397361659625988	0.44271783920870256	1.0	1.0	1.0	1.0	1.0	1.0	1.0	1.0	1.0	1.0	1.0	1.0	1.0	1.0	0.0
0.9929724839179075	0.9459154723687576	0.20561224137104256	1.8342763873837484	0.42699435698961713	1.0	1.0	1.0	1.0	1.0	1.0	1.0	1.0	1.0	1.0	1.0	1.0	1.0	1.0	1.0
0.9843550012130287	0.9070736058242914	0.19812146569010203	1.750873734134081	0.38974286241209477	1.0	1.0	1.0	1.0	1.0	1.0	1.0	1.0	1.0	1.0	1.0	1.0	1.0	1.0	1.0
1.0308354161220425	0.9646391625231748	0.1991082700226374	1.8029777850309046	0.3990604263500494	1.0	1.0	1.0	1.0	1.0	1.0	1.0	1.0	1.0	1.0	1.0	1.0	1.0	1.0	1.0
0.9994871160597242	1.151883207834589	0.22210294569811703	1.7775400782219735	0.400335636093802	1.0	1.0	1.0	1.0	1.0	1.0	1.0	1.0	1.0	1.0	1.0	1.0	1.0	1.0	1.0
0.9754579470901245	0.9249725431699247	0.2262255975205062	1.7494252531772363	0.4120855789897807	1.0	1.0	1.0	1.0	1.0	1.0	1.0	1.0	1.0	1.0	1.0	1.0	1.0	1.0	1.0
0.9818427476699894	0.9344324868043709	0.1769854826134976	1.7916548338472247	0.4111247443675664	1.0	1.0	1.0	1.0	1.0	1.0	1.0	1.0	1.0	1.0	1.0	1.0	1.0	1.0	1.0
0.9854172720398957	1.043376499512798	0.20538270055952598	1.7844299030502497	0.4182622912759909	1.0	1.0	1.0	1.0	1.0	1.0	1.0	1.0	1.0	1.0	1.0	1.0	1.0	1.0	1.0
1.0026853158721176	1.115207602291724	0.2110999566940012	1.8518535512894443	0.44966812340203033	1.0	1.0	1.0	1.0	1.0	1.0	1.0	1.0	1.0	1.0	1.0	1.0	1.0	1.0	0.0
0.9904039267478946	0.9649197254814027	0.18232714965810226	1.8449122531599456	0.386236782051919	1.0	1.0	1.0	1.0	1.0	1.0	1.0	1.0	1.0	1.0	1.0	1.0	1.0	1.0	1.0
1.0048298491301317	1.0760534636945394	0.19996036737477316	1.8834058119683723	0.4111096415959755	1.0	1.0	1.0	1.0	1.0	1.0	1.0	1.0	1.0	1.0	1.0	1.0	1.0	1.0	1.0
0.9933528912767219	0.9554336755235959	0.19060453832317067	1.7842769212389882	0.3758400002146943	1.0	1.0	1.0	1.0	1.0	1.0	1.0	1.0	1.0	1.0	1.0	1.0	1.0	1.0	1.0
1.037957199735786	0.9941978989219404	0.17942053451270182	1.7561540681141214	0.3739348892376536	1.0	1.0	1.0	1.0	1.0	0.0	1.0	1.0	1.0	1.0	0.0	1.0	1.0	1.0	1.0
0.9920696268749017	0.8731497247489187	0.1865402259385421	1.712799827289152	0.3869228667365981	1.0	1.0	1.0	1.0	1.0	1.0	1.0	1.0	1.0	1.0	1.0	1.0	1.0	1.0	1.0
0.9913296312644126	0.9721508966469812	0.20515063206858644	1.8524319156387101	0.38401962572933906	1.0	1.0	1.0	1.0	1.0	1.0	1.0	1.0	1.0	1.0	1.0	1.0	1.0	1.0	1.0
1.0468488285588544	0.9694649509295665	0.18521902816669736	1.7458394190486364	0.37786700200445467	1.0	1.0	1.0	1.0	1.0	0.0	1.0	1.0	1.0	1.0	0.0	1.0	1.0	1.0	1.0
1.0042948935192497	1.0755400433981634	0.18073978009528563	1.823436115705821	0.3906343522324407	1.0	1.0	1.0	1.0	1.0	1.0	1.0	1.0	1.0	1.0	1.0	1.0	1.0	1.0	1.0
1.0015008688463765	1.0549572273126262	0.22835732702773984	1.9425721053238612	0.44449313736093043	1.0	1.0	1.0	1.0	1.0	1.0	1.0	1.0	1.0	1.0	1.0	1.0	1.0	0.0	1.0
0.9922759672579181	1.0614618133173248	0.20925244978222962	1.7253465023926735	0.4032522268794851	1.0	1.0	1.0	1.0	1.0	1.0	1.0	1.0	1.0	1.0	1.0	1.0	1.0	1.0	1.0
0.9859276810326885	1.012154986830825	0.1944939761612644	1.8456922298197707	0.36344689661715335	1.0	1.0	1.0	1.0	1.0	1.0	1.0	1.0	1.0	1.0	1.0	1.0	1.0	1.0	1.0
1.0394563239543586	0.9722991870363515	0.1817918628801995	1.9084931216772212	0.381701615535787	1.0	1.0	1.0	1.0	1.0	0.0	1.0	1.0	1.0	1.0	0.0	1.0	1.0	1.0	1.0
0.9912094021268353	0.9658016447953798	0.17666152523390025	1.8186003319757598	0.41300000399911485	1.0	1.0	1.0	1.0	1.0	1.0	1.0	1.0	1.0	1.0	1.0	1.0	1.0	1.0	1.0
0.9871389262134619	1.1107122127635771	0.2071149908406399	1.8430002901115472	0.40066553969521035	1.0	1.0	1.0	1.0	1.0	1.0	1.0	1.0	1.0	1.0	1.0	1.0	1.0	1.0	1.0
0.9747897897058617	0.9898012988897766	0.18622588139853824	1.8700506890391189	0.39454916269635526	1.0	1.0	1.0	1.0	1.0	1.0	1.0	1.0	1.0	1.0	1.0	1.0	1.0	1.0	1.0
0.984615746574213	0.9297196768262025	0.17986197999634607	1.8709098203813679	0.38168688835067777	1.0	1.0	1.0	1.0	1.0	1.0	1.0	1.0	1.0	1.0	1.0	1.0	1.0	1.0	1.0
1.0220854483545387	0.9841192592639727	0.19175199972147328	1.756822518517665	0.42871589678192124	1.0	1.0	1.0	1.0	1.0	1.0	1.0	1.0	1.0	1.0	1.0	1.0	1.0	1.0	1.0
0.9932902822357024	1.0409734174558134	0.2003507690719718	1.8499623270697094	0.39367220360684835	1.0	1.0	1.0	1.0	1.0	1.0	1.0	1.0	1.0	1.0	1.0	1.0	1.0	1.0	1.0
1.0115438195281263	0.8643252721761153	0.1797058443443626	1.8588333573654443	0.3983928134376178	1.0	1.0	1.0	1.0	1.0	1.0	1.0	1.0	1.0	1.0	1.0	1.0	1.0	1.0	1.0
1.0231936841079659	0.9840118505853277	0.200812444814731	1.786731980950704	0.40077848530802923	1.0	1.0	1.0	1.0	1.0	1.0	1.0	1.0	1.0	1.0	1.0	1.0	1.0	1.0	1.0
0.9857371562859447	0.9431767812543341	0.21727094002886407	1.9025242646876683	0.44478045125322785	1.0	1.0	1.0	1.0	1.0	1.0	1.0	1.0	1.0	1.0	1.0	1.0	1.0	1.0	0.0
1.008931520881739	0.8898201444246246	0.17173397143587238	1.8755267581623236	0.38551980214332104	1.0	1.0	1.0	1.0	1.0	1.0	1.0	1.0	1.0	1.0	1.0	1.0	1.0	1.0	1.0
0.9882916734916196	1.0422138050556733	0.2238922594324602	1.8752194192992513	0.43884179231889536	1.0	1.0	1.0	1.0	1.0	1.0	1.0	1.0	1.0	1.0	1.0	1.0	1.0	1.0	1.0
0.974934750081542	1.118456067643827	0.2408528588125201	1.8905701584113173	0.4475215699436509	1.0	1.0	1.0	1.0	1.0	1.0	1.0	0.0	1.0	1.0	1.0	1.0	0.0	1.0	0.0
0.9903897210224223	1.124526790930084	0.1967556746217607	1.970929286097104	0.45546889898039555	1.0	1.0	1.0	1.0	1.0	1.0	1.0	1.0	0.0	0.0	1.0	1.0	1.0	0.0	0.0
1.031140075986765	1.1646403834540677	0.20994244167722517	1.8727960189820216	0.36078171528183883	1.0	1.0	1.0	1.0	1.0	1.0	1.0	1.0	1.0	1.0	1.0	1.0	1.0	1.0	1.0
1.0394888571721024	1.0724795994185239	0.16911837816206193	1.7398973402009401	0.3611298927512428	1.0	1.0	1.0	1.0	1.0	1.0	1.0	1.0	1.0	1.0	1.0	1.0	1.0	1.0	1.0
1.0353918581985866	1.0083241139500883	0.22926092122016084	1.845707301615051	0.42468088587631475	1.0	1.0	1.0	1.0	1.0	1.0	1.0	1.0	1.0	1.0	0.0	1.0	1.0	1.0	1.0
0.9647056027939259	1.1004505077223798	0.22871696542837003	1.892095210164895	0.4272700409285907	1.0	1.0	1.0	1.0	1.0	1.0	1.0	1.0	1.0	1.0	0.0	1.0	1.0	1.0	1.0
1.019282201741653	1.1469371372499864	0.21723056697263982	1.8630384351499465	0.4715476741837607	1.0	1.0	1.0	1.0	1.0	1.0	1.0	1.0	1.0	0.0	1.0	1.0	1.0	1.0	0.0
1.021794641382649	1.165766349209619	0.2008394363498386	1.7967277446505912	0.42238343953000423	1.0	1.0	1.0	1.0	1.0	1.0	1.0	1.0	1.0	1.0	1.0	1.0	1.0	1.0	1.0
1.0029744699310372	0.9781278169448935	0.16306482474316844	1.7680504366523753	0.370672592678617	1.0	1.0	1.0	1.0	1.0	1.0	1.0	1.0	1.0	1.0	1.0	1.0	0.0	1.0	1.0
1.029104588197297	0.9455179968637752	0.202216582059258	1.7430452519273378	0.39114841356856184	1.0	1.0	1.0	1.0	1.0	1.0	1.0	1.0	1.0	1.0	1.0	1.0	1.0	1.0	1.0
0.9969413715630757	0.9595368322579437	0.16650618955909827	1.8482502003121322	0.4002966737853444	1.0	1.0	1.0	1.0	1.0	1.0	1.0	1.0	1.0	1.0	1.0	1.0	0.0	1.0	1.0
1.0020204833919493	1.0385043808460486	0.19310484285139776	1.8565045440699888	0.40805519151289105	1.0	1.0	1.0	1.0	1.0	1.0	1.0	1.0	1.0	1.0	1.0	1.0	1.0	1.0	1.0
0.9932345358906542	1.011887517676814	0.186258964259783	1.9358494810114086	0.412406041974425	1.0	1.0	1.0	1.0	1.0	1.0	1.0	1.0	1.0	1.0	1.0	1.0	1.0	0.0	1.0
1.0117319857692602	1.1428985790189439	0.19354283199416786	1.8071113650535306	0.4075516158318785	1.0	1.0	1.0	1.0	1.0	1.0	1.0	1.0	1.0	1.0	1.0	1.0	1.0	1.0	1.0
1.0222839530922003	1.0078382063271984	0.18736440293831919	1.8582638650135745	0.4274862517056154	1.0	1.0	1.0	1.0	1.0	1.0	1.0	1.0	1.0	1.0	1.0	1.0	1.0	1.0	1.0
0.9945878645537792	0.9457841081936452	0.16667035032805003	1.8317577381206174	0.38398231505192987	1.0	1.0	1.0	1.0	1.0	1.0	1.0	1.0	1.0	1.0	1.0	1.0	0.0	1.0	1.0
1.010553716937138	1.0162184521377493	0.18598295238496698	1.8837160594446192	0.4076739085132636	1.0	1.0	1.0	1.0	1.0	1.0	1.0	1.0	1.0	1.0	1.0	1.0	1.0	1.0	1.0
1.0382492154903873	1.0056988581034425	0.18227768689768956	1.7660383916791027	0.39133732141401745	1.0	1.0	1.0	1.0	1.0	0.0	1.0	1.0	1.0	1.0	0.0	1.0	1.0	1.0	1.0
1.019485019912765	0.9798114805154641	0.18366260064663373	1.789598526525368	0.39678799457223574	1.0	1.0	1.0	1.0	1.0	1.0	1.0	1.0	1.0	1.0	1.0	1.0	1.0	1.0	1.0
1.0049805759145283	0.9375037439449159	0.20795614492844983	1.7107856676498028	0.35637108634219883	1.0	1.0	1.0	1.0	1.0	1.0	1.0	1.0	1.0	1.0	1.0	1.0	1.0	1.0	0.0
1.0122996607865093	0.9194019170336847	0.20496306069886763	1.8924107641335035	0.41387552681165696	1.0	1.0	1.0	1.0	1.0	1.0	1.0	1.0	1.0	1.0	1.0	1.0	1.0	1.0	1.0
1.0146197667253047	1.0415667385169451	0.211254261087747	1.8188564446100013	0.39530778343767387	1.0	1.0	1.0	1.0	1.0	1.0	1.0	1.0	1.0	1.0	1.0	1.0	1.0	1.0	1.0
1.0212610979625556	1.041734215237293	0.20321894161741375	1.7542786436995903	0.3792357415229799	1.0	1.0	1.0	1.0	1.0	1.0	1.0	1.0	1.0	1.0	1.0	1.0	1.0	1.0	1.0
0.9975534227327724	1.0064603223145991	0.20183169800192927	1.8784154552722978	0.43383903759673903	1.0	1.0	1.0	1.0	1.0	1.0	1.0	1.0	1.0	1.0	1.0	1.0	1.0	1.0	1.0
0.9991240439590565	1.131334980003951	0.19617790428693402	1.7096611940805542	0.37456653062077006	1.0	1.0	1.0	1.0	1.0	1.0	1.0	1.0	1.0	1.0	1.0	1.0	1.0	1.0	1.0
0.9967799576318339	1.0060250104308248	0.16971416819930585	1.8962182034546473	0.39066461685815695	1.0	1.0	1.0	1.0	1.0	1.0	1.0	1.0	1.0	1.0	1.0	1.0	0.0	1.0	1.0
1.034540274306698	1.0593744611809677	0.1986793569559493	1.8059906577070433	0.40232864496573273	1.0	1.0	1.0	1.0	1.0	1.0	1.0	1.0	1.0	1.0	0.0	1.0	1.0	1.0	1.0
