0.25466875314317466	1.7785334324325568	8.51361493160311	1.0846984632374326
-0.9717327994856944	-0.0057480622141356606	0.9658583547512238	0.9880336017511455
-0.4484063197343204	-0.0002332845676390741	0.4475176803250931	0.15854560273421953
0.20924720186608173	1.4597745383228027	2.275751801124415	0.7539280804052972
0.2127585097842079	1.4827809968448058	2.4235010341360836	0.7670219714044044
-0.44881670585552436	-0.00023873512217473974	0.4472846338243842	0.1586302303033585
-0.9717654677561685	-0.005747646232693765	0.9659156882310894	0.9880401364668614
-0.5131130031843733	-0.14632362984567868	0.31135634108372634	0.3105784853468949
-0.34279244006143683	-0.003969880641322963	0.3429022407089606	0.19047712324791027
-0.296227813419816	-0.05341663212505614	0.14099269268892844	0.14090261368055307
-0.9680363418251484	-0.005670561591648264	0.9618901643629865	0.9848654644570717
-0.18246489329071472	0.1578426599115218	0.9406554545385765	0.4698864680037699
-0.8850609431657717	-0.004224637815773491	0.8603880770878968	0.2008149763927421
-0.14088547350851022	0.05406650109956482	0.8803397170109769	0.2367370133826248
