0.9840670686934309	0.5887774370522015	0.9558470641730213	0.9574571658778394	0.5410728102093113	0.9714322428897929	0.9722977749710576	0.5473112506628013	0.9647862160710388	1.0	1.0	1.0	1.0	1.0	1.0	1.0	1.0	1.0
0.9754248180120016	0.6206459264501877	1.0323305906049869	0.9394641958864454	0.5675549049370013	1.0910224432118463	0.9499523724084074	0.5697393035088285	1.0850310328534176	1.0	1.0	1.0	1.0	1.0	1.0	1.0	1.0	1.0
0.9489661346185326	0.4581146557175804	0.918265314382576	0.9248392760412782	0.4334250673049288	0.926538299633002	0.9375528044963392	0.43838367402238165	0.9258434498248764	1.0	1.0	1.0	1.0	1.0	1.0	1.0	1.0	1.0
0.952728094043456	0.5623078266514389	1.0679746740161182	0.9183509186985195	0.5103267480107594	1.1009749997671934	0.9364737040381865	0.517152929406036	1.0899684191686985	1.0	1.0	1.0	1.0	1.0	1.0	1.0	1.0	1.0
0.9737525574263216	0.6243082467876732	0.9826265860413664	0.9416384996294533	0.5713464889859161	1.0245565639160286	0.9517754185786691	0.5752079545291161	1.0224516002399389	1.0	1.0	1.0	1.0	1.0	1.0	1.0	1.0	1.0
0.9445529988043291	0.49322355208831037	1.0472136322287637	0.9171587959575155	0.44718392693997466	1.0587899446945235	0.9286478929507728	0.4540325881616835	1.05606816738343	1.0	1.0	1.0	1.0	1.0	1.0	1.0	1.0	1.0
0.9536090414231184	0.5403787793124549	1.0030728146764332	0.9307482213859143	0.515856198457708	1.0339180708080653	0.9433707909549645	0.5143124998835464	1.0249771353916997	1.0	1.0	1.0	1.0	1.0	1.0	1.0	1.0	1.0
0.9886614762140258	0.5392863711904986	0.9350435958770404	0.9248487998549374	0.44405992076434886	1.0440163944159315	0.9401007373197512	0.4484962319668297	1.0430815731202614	1.0	1.0	1.0	1.0	1.0	1.0	1.0	1.0	1.0
0.9318271550084423	0.5090278717306324	1.021723510972794	0.9085916703121941	0.4817305073299062	1.0493950979007438	0.9177369356658887	0.4841133990804506	1.0421728931782335	1.0	1.0	1.0	1.0	1.0	1.0	1.0	1.0	1.0
0.9169699524731485	0.4812952078447906	0.9875072158256898	0.9096835739716087	0.46667006441659664	1.0291631507626002	0.9170906022381966	0.46956729632289695	1.0200572790254245	1.0	1.0	1.0	1.0	1.0	1.0	1.0	1.0	1.0
0.9656517806426566	0.4274190541042105	0.8397319192459617	0.9383457577867987	0.39825870339866487	0.8667978107973839	0.9514097851544396	0.4018774723002415	0.8642939722773665	1.0	1.0	1.0	1.0	1.0	1.0	1.0	1.0	1.0
0.9843616235622588	0.5376787063050088	1.1342615792654815	0.9221598330938474	0.4367560647348176	1.240906499641432	0.9317654745632415	0.44038802497029	1.2332376050966483	1.0	1.0	1.0	1.0	1.0	0.0	1.0	1.0	0.0
0.9316958248099612	0.45919777183598287	0.8804350911818644	0.917257435960456	0.43513867352937396	0.9026446035831472	0.9273732689838987	0.4367626096699884	0.900366014110068	1.0	1.0	1.0	1.0	1.0	1.0	1.0	1.0	1.0
0.9765409010851984	0.4709150870446104	0.951594751753017	0.9408432615305636	0.41795665293246914	1.0243761492743213	0.9522339427483693	0.4235820846309815	1.0235202496338867	1.0	1.0	1.0	1.0	1.0	1.0	1.0	1.0	1.0
0.9705936051882463	0.49850070124858314	1.0664520164904607	0.9373285358373851	0.4491727165806729	1.0942369602021673	0.9481971903332883	0.45409717436822444	1.0857096478076027	1.0	1.0	1.0	1.0	1.0	1.0	1.0	1.0	1.0
0.9792505726025914	0.5108499467348872	0.9767370108302817	0.9316236098568594	0.45749914277103326	1.0158399124067001	0.9452539494976189	0.4594564604861027	1.0082581243227806	1.0	1.0	1.0	1.0	1.0	1.0	1.0	1.0	1.0
0.9521610032697572	0.533392374794763	1.0345823906448959	0.9275287917327687	0.5068300038318793	1.0457775144991184	0.9385933038833201	0.5106573169413451	1.0353734969377015	1.0	1.0	1.0	1.0	1.0	1.0	1.0	1.0	1.0
0.9303809674498336	0.47748746149369314	0.8677836355211443	0.9150281949150817	0.45939533012776185	0.8800037797414305	0.9295354690610336	0.46448676212444373	0.8799091381766184	1.0	1.0	1.0	1.0	1.0	1.0	1.0	1.0	1.0
0.9324206735540003	0.5351569331651042	0.9377988562793939	0.908633038723595	0.5156132425319937	0.9580923685351245	0.9201309752006145	0.515042519706137	0.9520912039975749	1.0	1.0	1.0	1.0	1.0	1.0	1.0	1.0	1.0
0.9349299345986405	0.4430267445726473	1.0334264594298546	0.9173964527508295	0.4059222505070659	1.0767982199252508	0.9300716948970903	0.4054363649848557	1.0716930722807723	1.0	1.0	1.0	1.0	1.0	1.0	1.0	1.0	1.0
0.9648138486430806	0.445372855291685	1.0269794931347453	0.9428008011789495	0.4216769908332601	1.0500662402237697	0.9527457493731828	0.42707883199948304	1.0540274499623181	1.0	1.0	1.0	1.0	1.0	1.0	1.0	1.0	1.0
0.8791141248765856	0.44918678179932364	0.9885424436910917	0.8473861669879462	0.40995924772880055	0.9953917099631269	0.8570080093546895	0.4173851733259937	0.9918434415793013	1.0	1.0	1.0	1.0	1.0	1.0	0.0	1.0	1.0
0.955869433357098	0.41235801235944014	0.9041324242161911	0.9282850059724915	0.38722358057292444	0.9328351678060416	0.9392763445709005	0.3920889491847269	0.9217906689334737	1.0	1.0	1.0	1.0	1.0	1.0	1.0	1.0	1.0
0.9480349547784226	0.48968382635058794	1.202442256155043	0.9266625191216694	0.47164851234161664	1.2511784819606497	0.9354407216524068	0.4748448242873783	1.2404099081712514	1.0	1.0	1.0	1.0	1.0	1.0	1.0	1.0	0.0
0.9540559201840851	0.5264635609003845	1.0262616542907157	0.9323212257673966	0.4994572670159942	1.0561851184901931	0.944322429950456	0.4976402202439462	1.0571586296762574	1.0	1.0	1.0	1.0	1.0	1.0	1.0	1.0	1.0
0.9179435560864978	0.48591586806030584	1.0222226098804932	0.9049123107457585	0.47886733006267135	1.046615350566137	0.9131581588546382	0.48327046289619824	1.043151761988875	1.0	1.0	1.0	1.0	1.0	1.0	1.0	1.0	1.0
0.9251120656466851	0.5350013476441755	0.8942586473228187	0.8932089523421599	0.5020976946045879	0.9033008322886341	0.9090463102826397	0.5025557748720368	0.8972694322673898	1.0	1.0	1.0	1.0	1.0	1.0	1.0	1.0	1.0
0.9408087455970279	0.4230344578111398	1.0647235798297605	0.9220392199573704	0.40124470827241093	1.0585161190319727	0.9300419278848626	0.4035832894686655	1.057293441429553	1.0	1.0	1.0	1.0	1.0	1.0	1.0	1.0	1.0
0.9307373337576987	0.6130388170244152	0.8618802068044503	0.8927188781075728	0.5879467409006977	0.8765499467654551	0.9101754342541581	0.5920420757909997	0.8691813345284052	1.0	1.0	1.0	1.0	1.0	1.0	1.0	1.0	1.0
0.9559740656740588	0.5000260566064735	1.021237892217853	0.9198025862411046	0.4529185691791676	1.0091958562780063	0.9345005994792998	0.45639977143279786	1.0066894524848635	1.0	1.0	1.0	1.0	1.0	1.0	1.0	1.0	1.0
0.9391078188216365	0.5619387794737539	1.093528369305578	0.9162051815600446	0.5490133190118531	1.1162397668644775	0.9326268297280473	0.551326184704594	1.1063332013977971	1.0	1.0	1.0	1.0	1.0	1.0	1.0	1.0	1.0
0.9750438210633968	0.6125646743640605	0.944186706064682	0.9385849180530799	0.5596372286448071	0.9923771691343162	0.9508499482271335	0.5625080409883869	0.9872453757496021	1.0	1.0	1.0	1.0	1.0	1.0	1.0	1.0	1.0
0.9211521187358086	0.4081674698107734	1.019551076462152	0.9126762566586211	0.4015398845678349	1.0512287706798689	0.9215072571713123	0.40474538388767023	1.048867114320712	1.0	1.0	1.0	1.0	1.0	1.0	1.0	1.0	1.0
0.970935558276089	0.5364760061021601	0.9949087127523394	0.9638943477714733	0.4973767440935195	1.045618195779893	0.9734496125578971	0.5005384257196391	1.0425958103773905	1.0	1.0	1.0	1.0	1.0	1.0	1.0	1.0	1.0
0.9595401463112518	0.6376959551291057	0.8532979399448328	0.9202878483064204	0.5777782474343524	0.8880634686165101	0.9335498438074433	0.5803185135242253	0.8829772195740442	1.0	1.0	1.0	1.0	1.0	1.0	1.0	1.0	1.0
0.9787907795909228	0.5026984024380172	0.9310232317888364	0.9620366629782761	0.45563979112367764	1.0618465994536608	0.9736520991139276	0.45470934503525196	1.0546559206052277	1.0	1.0	1.0	1.0	1.0	1.0	1.0	1.0	1.0
0.8803190018123505	0.3418348234431642	0.8509883295452042	0.8685582254417598	0.32591608534766464	0.8797998858228757	0.8711800864094263	0.323056342747708	0.8751432450216382	1.0	1.0	1.0	1.0	1.0	1.0	1.0	0.0	1.0
0.9372574196568797	0.40155566843879187	0.9676599067825953	0.9168397955895806	0.36643760037116835	0.9817241687980638	0.9311457807178851	0.3714895091177172	0.9858074764801688	1.0	1.0	1.0	1.0	1.0	1.0	1.0	1.0	1.0
0.9696647368727772	0.5146422563745566	1.0452308812696665	0.9219818275583612	0.4520605650819451	1.0878246819274426	0.9296934647763583	0.4543127786931839	1.082671927840062	1.0	1.0	1.0	1.0	1.0	1.0	1.0	1.0	1.0
0.982969604969888	0.42477343158028114	0.8912709162358348	0.9163168069598302	0.35396970586565135	0.9908298765446667	0.9265893044352437	0.35811278318318407	0.9841820583200263	1.0	1.0	1.0	1.0	1.0	1.0	1.0	0.0	1.0
0.9445002807751904	0.4200250396701133	1.1817105071288567	0.9297286565196863	0.4100940864184138	1.187149332966646	0.9438084702047514	0.41154186687220856	1.1802550535391707	1.0	1.0	1.0	1.0	1.0	1.0	1.0	1.0	1.0
0.9545246533979344	0.5224593268706189	0.8612261830363398	0.9306438096639402	0.5047849701801641	0.8846067122733435	0.9447237678798257	0.5041874067954466	0.8795484377374639	1.0	1.0	1.0	1.0	1.0	1.0	1.0	1.0	1.0
0.9802613973239509	0.45716975804641985	0.8327532595203022	0.9414097444672674	0.4149429415442924	0.9011830178825502	0.958184178537882	0.41811773883755216	0.8943073841798037	1.0	1.0	1.0	1.0	1.0	1.0	1.0	1.0	1.0
0.989199731238246	0.6072038544451355	0.937837540647736	0.9618482941394512	0.557240574408388	1.0494539041956352	0.9745401424904788	0.5644330286383106	1.0424934832063917	1.0	1.0	1.0	1.0	1.0	1.0	1.0	1.0	1.0
0.9243867121700355	0.47509763734653776	1.1297896435340251	0.9068589346779922	0.4761282250457581	1.141092131402979	0.9188272298786871	0.47963702146239573	1.1329371176031138	1.0	1.0	1.0	1.0	1.0	1.0	1.0	1.0	1.0
0.930206068546467	0.5163376200862813	1.0612261494632342	0.9138537336355188	0.498908282908556	1.0843407210775289	0.9285299028074583	0.5032591818226373	1.0775869722766018	1.0	1.0	1.0	1.0	1.0	1.0	1.0	1.0	1.0
0.89293673982672	0.4069604781010413	1.016339699675575	0.8858035769278504	0.4046888479033263	1.0461788042385414	0.8891278167925789	0.40265264773090875	1.0299309193930757	1.0	1.0	1.0	1.0	1.0	1.0	1.0	1.0	1.0
0.9421584691975766	0.42101097659738373	1.1110501458790172	0.9276615610829803	0.4100335175806556	1.1373360762102918	0.9386454771680661	0.4157226164332154	1.1377033402987027	1.0	1.0	1.0	1.0	1.0	1.0	1.0	1.0	1.0
0.9780503235869683	0.5014003690782602	0.9184221917874277	0.9278168866255244	0.43973767393452945	0.9857986121343191	0.9387338274556991	0.4421186480253756	0.9775929323792476	1.0	1.0	1.0	1.0	1.0	1.0	1.0	1.0	1.0
0.9899098706309588	0.6507069555043596	0.794694692113876	0.9480330759396377	0.5521400849161509	0.8859256489007752	0.9578005147409198	0.5553830578433361	0.8844890135787904	1.0	1.0	1.0	1.0	1.0	1.0	1.0	1.0	1.0
0.9400997936884756	0.5301966254604884	0.9439748710268813	0.9124940571662498	0.510053216826688	0.9716439030198039	0.9268317234452488	0.5123144986806853	0.962520409252971	1.0	1.0	1.0	1.0	1.0	1.0	1.0	1.0	1.0
0.9512692091906215	0.4607785895850929	0.9873626966134151	0.93206442638312	0.4357962990739392	0.9969386359510691	0.9428599418144336	0.4326259766681223	0.9944847821637004	1.0	1.0	1.0	1.0	1.0	1.0	1.0	1.0	1.0
0.8669320716960315	0.34610742833661395	0.8957179074573038	0.8445398829212891	0.33092361449572305	0.9193502129324373	0.8489831548052038	0.3309765966838055	0.9088658225205922	1.0	1.0	1.0	1.0	1.0	1.0	0.0	0.0	1.0
0.9501896003999711	0.45612805344936236	1.1086890482006344	0.9237458322292381	0.4394624901930405	1.148874005676485	0.9347319709312725	0.4405575131234902	1.1444968348204763	1.0	1.0	1.0	1.0	1.0	1.0	1.0	1.0	1.0
0.9793220604559698	0.56710572285931	0.9485822685202779	0.9702982553847171	0.5412110166635882	0.9789520992730248	0.9781027850718556	0.5448520387224693	0.9682374917155181	1.0	1.0	1.0	1.0	1.0	1.0	1.0	1.0	1.0
0.9178597329084359	0.4716891446636201	1.0996603083582315	0.8932791544255224	0.44542075079768667	1.1136394618955017	0.9023460611417048	0.4454642703559424	1.1057351864394114	1.0	1.0	1.0	1.0	1.0	1.0	1.0	1.0	1.0
0.931600255052526	0.47157258242945427	1.030705456770706	0.9177326524382294	0.4664532351319387	1.035306061106594	0.9294104111031222	0.4712631424313526	1.0329031104811377	1.0	1.0	1.0	1.0	1.0	1.0	1.0	1.0	1.0
0.9898828870094156	0.508388781684137	0.8701290853927568	0.8844987356140286	0.37502057665930894	0.9956823167901429	0.8888187044804936	0.37569106564878896	0.9886525241439941	1.0	1.0	1.0	1.0	1.0	1.0	1.0	1.0	1.0
0.9833119315662849	0.5306665738582358	0.9001794341480897	0.9475881873171541	0.47496929580982716	0.9807451436550044	0.9622948790116237	0.48055307237303785	0.979070164212486	1.0	1.0	1.0	1.0	1.0	1.0	1.0	1.0	1.0
0.9111576952987206	0.4808852651343169	0.8592681476992147	0.8967796707368209	0.45555563087878004	0.9016877689263493	0.9052716994555332	0.4595138761207188	0.8963683680497361	1.0	1.0	1.0	1.0	1.0	1.0	1.0	1.0	1.0
0.951801928765415	0.6257286259624142	0.9811064092512425	0.9217922970394336	0.5893365444904617	1.0055898277877418	0.9355419899418385	0.589830047731745	0.9960467907354262	1.0	1.0	1.0	1.0	1.0	1.0	1.0	1.0	1.0
0.9423081018421205	0.4836580170358755	1.1762509530961334	0.9266161535885855	0.4627185167621825	1.1843925531554644	0.936952983744527	0.4658437930763798	1.1720980471317082	1.0	1.0	1.0	1.0	1.0	1.0	1.0	1.0	0.0
0.9894192593894305	0.5296315532771381	0.8676552215680984	0.9643578556176746	0.5073001650988421	0.9917374208615809	0.9736046343197691	0.5095104317553304	0.9916178049195	1.0	1.0	1.0	1.0	1.0	1.0	1.0	1.0	1.0
0.929696802969546	0.548750449246655	0.9197332314129687	0.9041081855528803	0.5172179807196309	0.95346621235842	0.9166224705611961	0.5141467440400163	0.9414069262986705	1.0	1.0	1.0	1.0	1.0	1.0	1.0	1.0	1.0
0.9103181661879229	0.4011613995148294	1.0251848578767435	0.8939171063203545	0.3832964226383063	1.0334948334602887	0.8972000161694211	0.38603597879830054	1.02836065278506	1.0	1.0	1.0	1.0	1.0	1.0	1.0	1.0	1.0
0.9539092719717798	0.4598986229135164	1.041661138735192	0.9271628659000631	0.4399244640667714	1.0604428991219783	0.936791265055015	0.44073807670122045	1.0548862762958984	1.0	1.0	1.0	1.0	1.0	1.0	1.0	1.0	1.0
0.9346689543780974	0.5343445521636138	0.9908073585262558	0.9154374476363596	0.5166162020486832	1.0186745748479873	0.9295749635278088	0.5221831517398305	1.0137191603421123	1.0	1.0	1.0	1.0	1.0	1.0	1.0	1.0	1.0
0.937705307279937	0.517711018472927	0.9713941759277981	0.9167267697089115	0.49317335314231936	0.9781679381077538	0.929243210804362	0.49812525347365333	0.9736967295265856	1.0	1.0	1.0	1.0	1.0	1.0	1.0	1.0	1.0
0.9209846949667069	0.46477632329201785	0.9135730857319092	0.9070635725066601	0.4461428994049699	0.9451739963289504	0.9121688091941762	0.4464774704677962	0.9367269883373074	1.0	1.0	1.0	1.0	1.0	1.0	1.0	1.0	1.0
0.9243678942090404	0.4903813704928964	0.9562427981339652	0.9013368221338129	0.4552921578952017	0.9900685388869641	0.910593611119646	0.45450516206806046	0.9854294191919866	1.0	1.0	1.0	1.0	1.0	1.0	1.0	1.0	1.0
0.9769277455172849	0.5682903571592373	0.9877852263076203	0.9566831404415648	0.5234778615085087	1.0686374570786308	0.9723685872181773	0.5359396340251427	1.0586241053328616	1.0	1.0	1.0	1.0	1.0	1.0	1.0	1.0	1.0
0.9384656413545821	0.5247552806519248	0.9117082160815252	0.9088144394975076	0.49254014244753436	0.9270401700504154	0.9203331859622947	0.4955571400945372	0.9202007503746721	1.0	1.0	1.0	1.0	1.0	1.0	1.0	1.0	1.0
0.9483899597018751	0.5055673622031779	0.9098336247850318	0.9281868469108446	0.47453827827129985	0.9100073900564051	0.9381916275333054	0.47732979802386943	0.9045214777271438	1.0	1.0	1.0	1.0	1.0	1.0	1.0	1.0	1.0
0.9359017837373956	0.5256842106049371	1.0244156593666642	0.9187408403712012	0.5046809342649041	1.0653699193361834	0.9303154477554492	0.5054210945219422	1.0575619799895826	1.0	1.0	1.0	1.0	1.0	1.0	1.0	1.0	1.0
0.9838904395790596	0.6027624215654569	1.085798587665712	0.9551189847117254	0.5431867839684116	1.1093621377857195	0.9702845371974883	0.5508448889930244	1.0967426476153395	1.0	1.0	1.0	1.0	1.0	1.0	1.0	1.0	1.0
0.9507416959552092	0.5125893146972316	0.9759450561340696	0.9225413859024868	0.4805860571141744	1.014276909643516	0.9353585963819244	0.48423716204206163	1.0019144533718962	1.0	1.0	1.0	1.0	1.0	1.0	1.0	1.0	1.0
0.9224288389439955	0.44977455222522056	1.0002937080102177	0.90928196368449	0.44021378285280466	0.993190871911118	0.9166225592864501	0.43856025982594743	0.98340472794295	1.0	1.0	1.0	1.0	1.0	1.0	1.0	1.0	1.0
0.9426543028918404	0.501147520165887	0.8520759330238745	0.9248009890867196	0.46760452561982857	0.8665445734722674	0.9349517781674254	0.4713375058688005	0.8657906334519506	1.0	1.0	1.0	1.0	1.0	1.0	1.0	1.0	1.0
0.9400240212394022	0.5228347140266302	1.0879348486540823	0.9217589443017816	0.5123114715372614	1.117105641146626	0.9344652183827096	0.5131035590594119	1.1111686211867977	1.0	1.0	1.0	1.0	1.0	1.0	1.0	1.0	1.0
0.9889845559610574	0.4961545833259241	0.8155377809183596	0.9279167097027916	0.40178581445569583	0.9440546950453828	0.9377862428253014	0.40017891685254103	0.9404549941518832	1.0	1.0	1.0	1.0	1.0	1.0	1.0	1.0	1.0
0.9662896861018435	0.5296426047813422	0.9784315765932944	0.9244331738109229	0.4797565274946458	1.0030828891614814	0.9397527883721095	0.4874809946633494	0.9951468908231937	1.0	1.0	1.0	1.0	1.0	1.0	1.0	1.0	1.0
0.895543366700439	0.47738854663178204	0.9183029063328719	0.8729849450389601	0.46458227745525477	0.9449927331270046	0.8842437992635103	0.4657915647974317	0.9388616338992691	1.0	1.0	1.0	1.0	1.0	1.0	1.0	1.0	1.0
0.9313964714083511	0.41647521960446643	0.8669577125229837	0.9125128059087853	0.4015335407046817	0.8826174851559659	0.9204612145735226	0.4041061476989153	0.8783302061793397	1.0	1.0	1.0	1.0	1.0	1.0	1.0	1.0	1.0
0.8599845911219567	0.40164444381629566	0.9867972685771427	0.8106415854687763	0.3493711759239352	1.014153783783578	0.8294818202046627	0.3596150441635405	1.0096157098560226	1.0	1.0	1.0	0.0	1.0	1.0	0.0	0.0	1.0
0.9258818506427304	0.5225474908766999	0.8583155062017301	0.9046021861729562	0.5005752444227602	0.8891605367110097	0.9152370584810654	0.5026145567945534	0.8805100678787581	1.0	1.0	1.0	1.0	1.0	1.0	1.0	1.0	1.0
0.9284815315432833	0.4567796210238577	0.9710398428351105	0.9148702124264361	0.4411436884757196	0.9736740727435335	0.9318971954222617	0.4486037240419619	0.9676417714513877	1.0	1.0	1.0	1.0	1.0	1.0	1.0	1.0	1.0
0.9898691521476308	0.5621927609829396	0.8010754325179157	0.9414320183603987	0.5048373282608021	0.9409700713916619	0.9706504196938052	0.5246244393443036	0.9329966852900741	1.0	1.0	1.0	1.0	1.0	1.0	1.0	1.0	1.0
0.9570599941238354	0.565755197183823	0.9256427218344327	0.9193909356827444	0.5171026753587099	0.9637646935666148	0.9369082641213122	0.5231511589763161	0.9570478591102884	1.0	1.0	1.0	1.0	1.0	1.0	1.0	1.0	1.0
0.9839694415165116	0.5449931235960076	1.0966913733229906	0.9393675571639528	0.47201912019001424	1.1757419059849716	0.9604696586868033	0.477810505377003	1.1712271275122752	1.0	1.0	1.0	1.0	1.0	1.0	1.0	1.0	1.0
0.958161102667986	0.5394019010148257	0.8074464362834212	0.925807098694181	0.5013966825700585	0.8186900515868174	0.9386139356487411	0.5002225746330071	0.81275672246476	1.0	1.0	1.0	1.0	1.0	0.0	1.0	1.0	0.0
0.916918248258696	0.5102394247062481	0.8757899495889808	0.8969158336582583	0.4910649687236297	0.9011203001064431	0.9044055389819443	0.4901990978929127	0.8943471410643238	1.0	1.0	1.0	1.0	1.0	1.0	1.0	1.0	1.0
0.9887518918069783	0.5561951869008417	0.9006401366320268	0.9479934337707124	0.49061050574808523	0.9872681036316954	0.9626708143603251	0.49585787439677015	0.9807831633820653	1.0	1.0	1.0	1.0	1.0	1.0	1.0	1.0	1.0
0.9897391077583566	0.6301190811030967	0.9924551380139972	0.960740835294487	0.5771724902504647	1.108349073851275	0.9721038467714473	0.5831476431725116	1.1005284191864522	1.0	1.0	1.0	1.0	1.0	1.0	1.0	1.0	1.0
0.9604027147427815	0.7110239127448861	0.8745899172643701	0.8568345643270797	0.5859377109280985	0.8878476381823952	0.9020024511762642	0.6130351564888427	0.8781739285371319	1.0	1.0	1.0	1.0	1.0	1.0	1.0	1.0	1.0
0.903512448208564	0.5140819747265862	1.0125103400097855	0.8875602469792896	0.5017117780314972	1.03302725984087	0.9008669052133127	0.5083398862644981	1.0306555148847203	1.0	1.0	1.0	1.0	1.0	1.0	1.0	1.0	1.0
0.9020462490337201	0.5116331106226718	0.8792627284192492	0.8790114527142225	0.4939384086221261	0.8962389561892531	0.8921060690256957	0.4984425257929895	0.8908578845783446	1.0	1.0	1.0	1.0	1.0	1.0	1.0	1.0	1.0
0.9426763005666366	0.5430585829534752	1.037844635644648	0.920843771472195	0.5146370623781615	1.060661556203253	0.9338762907898592	0.5187172719572752	1.046674635269075	1.0	1.0	1.0	1.0	1.0	1.0	1.0	1.0	1.0
0.9022590156384258	0.40457615480498366	1.062432188471808	0.8892921586984398	0.3905516703374526	1.0942073673550758	0.8942503932019192	0.38902191426002886	1.0889736563457335	1.0	1.0	1.0	1.0	1.0	1.0	1.0	1.0	1.0
0.9290928448690705	0.40558240357247566	1.0433069907380206	0.9169097040953139	0.39107507862977503	1.069569607695236	0.9261099762405745	0.3918902963618543	1.0640207229339138	1.0	1.0	1.0	1.0	1.0	1.0	1.0	1.0	1.0
0.9702372215188071	0.524725407460694	0.8876604505916271	0.9332063829861762	0.4776984550709355	0.932993675415357	0.945004426108432	0.48439120115552037	0.9286781872724332	1.0	1.0	1.0	1.0	1.0	1.0	1.0	1.0	1.0
