0.9526192009405567	0.591243413525228	1.0595196078720257	0.9389539647602724	0.5618954376299192	1.1015370536584421	0.9381643621572018	0.5646946232876976	1.0951976714018574	1.0	1.0	1.0	1.0	1.0	1.0	1.0	1.0	1.0
0.9205551824458079	0.39255357887388254	0.9345806395959959	0.9271021617695461	0.4126817530126962	0.9565841331403401	0.925556713315553	0.40970457016397926	0.9477358722553405	1.0	1.0	1.0	1.0	1.0	1.0	1.0	1.0	1.0
0.9620561723578172	0.5145667339446298	1.0338013905182426	0.9700682599807411	0.5239575099028989	0.9883598938267062	0.9704105065989788	0.5241700672651596	0.9815377489768198	1.0	1.0	1.0	1.0	1.0	1.0	0.0	1.0	1.0
0.9409640316950538	0.50121310345177	0.9297600518297404	0.944545998309866	0.4950092047916962	1.0658445488393733	0.9434415895545518	0.49435389956009534	1.0639907248687233	1.0	1.0	1.0	1.0	1.0	1.0	1.0	1.0	1.0
0.9164600701797242	0.4028095457005124	0.8893006539391616	0.8991610180373835	0.38995727500603083	0.902376697291943	0.8985834693115055	0.38950330350419593	0.8998267066805938	1.0	1.0	1.0	0.0	0.0	1.0	0.0	0.0	1.0
0.8994518278872748	0.3623798821546364	0.8590166068195204	0.9005388025547207	0.3953796991234473	0.8628884344946445	0.901254750102642	0.39747016413245284	0.861483068573928	1.0	1.0	1.0	0.0	0.0	1.0	0.0	0.0	0.0
0.9759963738539248	0.496114001299854	0.998771050197761	0.9777960641317452	0.5160989493604959	1.0343666851784934	0.9790089851401506	0.5164817021190519	1.030716428650959	0.0	1.0	1.0	0.0	1.0	1.0	0.0	1.0	1.0
0.8249411653347984	0.15861783011900193	0.9801980081351248	0.8821869119485022	0.2961812687927927	0.9795286909196584	0.8841068114534959	0.30245357911514953	0.9718280804720348	0.0	0.0	1.0	0.0	0.0	1.0	0.0	0.0	1.0
0.941510131755683	0.3766615704726708	1.016434177562901	0.9532023033190951	0.36858510862173993	1.0032468237163856	0.9521935778416297	0.36856965238561606	0.9972466562550129	1.0	0.0	1.0	1.0	0.0	1.0	1.0	0.0	1.0
0.9436507773251571	0.47744094227781625	1.0965584361329468	0.92236310804523	0.4328806044043292	1.033884849290541	0.9224405953465138	0.43479001266439954	1.0277397130006953	1.0	1.0	1.0	1.0	1.0	1.0	1.0	1.0	1.0
0.9003084846253574	0.6267759101468062	1.0301159200842722	0.9179611593209887	0.637073003316259	0.9990898176079306	0.9206704397923255	0.638410422846009	1.0004606931879323	1.0	1.0	1.0	1.0	0.0	1.0	1.0	0.0	1.0
0.9429112998252513	0.38653539074650295	1.0345677461976865	0.9348967091611602	0.3760883851238329	1.0769741714390155	0.9364929435476541	0.3703431633718749	1.0585863997010772	1.0	1.0	1.0	1.0	0.0	1.0	1.0	0.0	1.0
0.9677266537729268	0.5046257984952641	1.0309964664125761	0.9613044075682392	0.4987183614675716	1.044843949026179	0.961274794657673	0.49635122079435723	1.0405280862763997	1.0	1.0	1.0	1.0	1.0	1.0	1.0	1.0	1.0
0.9474803926590287	0.5020704277794822	1.0707712100894324	0.9336864648197014	0.4446224209426293	1.0901467436331838	0.9336360219384625	0.44136663407262616	1.0871822388348087	1.0	1.0	1.0	1.0	1.0	1.0	1.0	1.0	1.0
0.895123732652659	0.4441427577009862	1.039030922429063	0.9156457025545737	0.46255789162134037	1.113289304803254	0.9159591619939951	0.46850283296188144	1.0944769598497546	1.0	1.0	1.0	1.0	1.0	1.0	0.0	1.0	1.0
0.8636137709340314	0.4124975635054905	0.9180618232759159	0.8801349719458224	0.46520922030022216	0.9714898361617412	0.876659427613384	0.4637629267347177	0.9687895238620801	1.0	1.0	1.0	1.0	1.0	1.0	0.0	1.0	1.0
0.9616177044488822	0.5010246288716725	0.9405749576888216	0.9590718684403091	0.4846974034844229	0.9733854424870418	0.9597101609894547	0.4884362334882202	0.9651378378353895	1.0	1.0	1.0	1.0	1.0	1.0	1.0	1.0	1.0
0.9410545962902304	0.40643446748608514	0.9422151971237651	0.9329563042364099	0.4296522941007449	1.012360867211354	0.931434104605252	0.4337726330109152	1.0074123315117716	1.0	1.0	1.0	1.0	1.0	1.0	1.0	1.0	1.0
0.9654711814113097	0.42561768016015983	0.6918893694839656	0.9027254147328051	0.370011991855673	0.9061454593940101	0.897999467188585	0.3701013937986443	0.8982352241007949	1.0	1.0	1.0	1.0	1.0	1.0	1.0	0.0	1.0
0.9400800884917861	0.4670105036605921	1.0518714404944363	0.9440632329576	0.49818891722378233	1.0417932537211916	0.9439540779498585	0.495633388403368	1.0422189508602697	1.0	1.0	1.0	1.0	1.0	1.0	1.0	1.0	1.0
0.9457307865293497	0.486285251620357	1.0874557284273563	0.9430963368613116	0.507211764777464	1.0739350035056023	0.94247051736242	0.5075151075703433	1.0702198978747914	1.0	1.0	1.0	1.0	1.0	1.0	1.0	1.0	1.0
0.962100159792599	0.5082000935514266	0.9922686754052011	0.9628282293276716	0.5063156546865923	0.9603943745154153	0.9632091240053513	0.5079011037171324	0.958040694661043	1.0	1.0	1.0	1.0	1.0	1.0	1.0	1.0	1.0
0.9229627783517272	0.453862189425649	1.0382628602728465	0.9276383288681486	0.46985511576847167	1.0519600833827232	0.9284528083149403	0.47019597185526885	1.0452373953642127	1.0	1.0	1.0	1.0	1.0	1.0	1.0	1.0	1.0
0.9250887888132687	0.4556096804789123	0.8428226906681455	0.918457600289775	0.4649072653747206	0.8954817753870353	0.9187969300572457	0.4612112673590215	0.8962622313584535	1.0	1.0	1.0	1.0	1.0	1.0	0.0	1.0	1.0
0.9580642589365013	0.4841745606618478	0.9353826326626075	0.9535348577198286	0.49877071479718343	0.9612658917364177	0.9536952673846663	0.49993691960245223	0.9535232782119107	1.0	1.0	1.0	1.0	1.0	1.0	1.0	1.0	1.0
0.9595666463063867	0.39926817901567463	1.0938282254068519	0.9596673541316662	0.4168137140114603	1.0071320029399649	0.9591345168447984	0.41398682221403227	1.0011964124887467	1.0	1.0	1.0	1.0	1.0	1.0	1.0	1.0	1.0
0.9127822098385621	0.38200386642138134	0.8444980910990625	0.92498691124076	0.42019969833348525	0.9225516002331366	0.9235569835288557	0.4218250506336981	0.9141773553429482	1.0	1.0	1.0	1.0	1.0	1.0	1.0	1.0	1.0
0.8734840162879919	0.3961943985780338	0.9617827684294642	0.9096272234564989	0.4526221200224251	1.015640548155681	0.9107475511223997	0.4545305313402874	1.0099865182553267	1.0	1.0	1.0	0.0	1.0	1.0	0.0	1.0	1.0
0.8687306545823207	0.32997372553306936	1.068705425874181	0.8931251463818121	0.39444537503562205	1.0903442113618402	0.8918872427172545	0.39585374878254187	1.0841829733672304	1.0	1.0	1.0	1.0	1.0	1.0	0.0	1.0	1.0
0.9844898937923485	0.5780356542930061	0.7957825045089995	0.9741420458117375	0.5170411453613922	0.8838442495124251	0.9750945500279307	0.5209094875185688	0.8799186486954319	0.0	1.0	1.0	0.0	1.0	1.0	0.0	1.0	1.0
0.9024205674812682	0.3924411219750243	0.930663742003436	0.917973523924589	0.4256170367024275	0.8896466270223108	0.9174263129124021	0.4238081448072263	0.8849259733400736	1.0	1.0	1.0	1.0	1.0	1.0	1.0	1.0	1.0
0.9462513146082092	0.5830927210352193	1.065419448973273	0.9227588425021818	0.5253319473607064	1.044061240832328	0.9242409570486734	0.5294150231779476	1.0363533076121985	1.0	1.0	1.0	1.0	1.0	1.0	1.0	1.0	1.0
0.9139312032845174	0.481809813105416	1.0412840234798844	0.8920111082310062	0.4399186665180514	1.074640391255679	0.8931784703238342	0.44190502809595206	1.0711649192389827	1.0	1.0	1.0	0.0	1.0	1.0	0.0	1.0	1.0
0.9192089310737446	0.33283833846539235	1.010948356969603	0.9351731629850514	0.3815494584787373	1.0338427697950927	0.934862533323565	0.38307252259644065	1.02732362202828	1.0	1.0	1.0	1.0	0.0	1.0	1.0	0.0	1.0
0.8605623348170578	0.2896119560152618	0.887579479675992	0.8654172673366648	0.29674685227796566	0.8834971780676375	0.8633400143222068	0.2962204145736325	0.8802278629847118	0.0	0.0	1.0	0.0	0.0	1.0	0.0	0.0	0.0
0.9254931827866009	0.5353032446551336	0.9797678772700084	0.9327238366984532	0.4950949759474484	0.9748798485295193	0.9332182337334896	0.49561018712469807	0.9733999586759896	1.0	1.0	1.0	1.0	1.0	1.0	1.0	1.0	1.0
0.9689435660844399	0.48455448323499273	0.8682152530535997	0.9654831085543609	0.4914643241775823	0.9110621035399076	0.9654357375701452	0.49198500135291656	0.9082701615609391	1.0	1.0	1.0	1.0	1.0	1.0	1.0	1.0	1.0
0.9784694631089076	0.5014977490796374	0.889901273445933	0.9659644064506339	0.4572749578281494	0.9199511983760644	0.9653362651217366	0.4516329010179934	0.9164406422611747	1.0	1.0	1.0	1.0	1.0	1.0	1.0	1.0	1.0
0.915252015948288	0.5455912634230707	0.9604130776127773	0.8890476151005969	0.48290297503962887	1.0930982458088305	0.8902356641599601	0.4856700619697304	1.088185077401162	1.0	1.0	1.0	0.0	1.0	1.0	0.0	1.0	1.0
0.9378784706050005	0.40478814658254186	0.8886364780062901	0.9442565936389465	0.42695279583788	0.9346266396713738	0.9430827840479326	0.4254901505901605	0.9290462931787746	1.0	1.0	1.0	1.0	1.0	1.0	1.0	1.0	1.0
0.8778808104911365	0.3700016406301186	1.040420752428203	0.8851288101804113	0.36775832052516155	1.0401251172062431	0.8833835393167964	0.3669247120129851	1.037419786943974	0.0	1.0	1.0	0.0	0.0	1.0	0.0	0.0	1.0
0.9430145051729766	0.4696029792181899	0.9766773930578025	0.9529033702567884	0.49832760892915523	1.0201229741805593	0.9527985827326881	0.49709245488210213	1.0170215112881504	1.0	1.0	1.0	1.0	1.0	1.0	1.0	1.0	1.0
0.9177997996891999	0.36966900392108026	0.8300015320996689	0.8994237728064207	0.3789201258875968	0.8566699982589049	0.9028055589817021	0.37193740161684247	0.8631768697724196	1.0	0.0	1.0	0.0	0.0	0.0	0.0	0.0	0.0
0.9174805529932657	0.5839756636592723	0.9110429385852523	0.9073519467956802	0.5233592322313201	0.9818241232048146	0.9075550268586269	0.5212352864143602	0.9823516446011296	1.0	1.0	1.0	1.0	1.0	1.0	0.0	1.0	1.0
0.877414601931125	0.4725252325978168	1.0273680208464735	0.8939624658432906	0.4653673389063707	1.0383800970191563	0.9017633930281153	0.4675490080694491	1.0525605223515355	0.0	1.0	1.0	0.0	1.0	1.0	0.0	1.0	1.0
0.925507671818103	0.5484086764661062	1.2087714642310874	0.9160443215364725	0.5249618809917913	1.1724839256625466	0.9161608325525075	0.5210140882173268	1.1645958566938472	1.0	1.0	1.0	1.0	1.0	0.0	0.0	1.0	0.0
0.9480632055716218	0.5301491103485502	0.916913651066361	0.9638882720915767	0.5690502352724942	0.9361207750684734	0.9650764732339603	0.5686420931067598	0.9401291857783264	1.0	1.0	1.0	1.0	1.0	1.0	1.0	1.0	1.0
0.8978808911578022	0.5025276740483137	0.8836494754282541	0.9064925812665228	0.5228929261428105	0.9529538813134328	0.9064699015938964	0.5255767790875256	0.9487070739783979	1.0	1.0	1.0	1.0	1.0	1.0	0.0	1.0	1.0
0.9664250376191693	0.5797881384951326	0.8797180970550913	0.9599517513738934	0.5505313727655545	0.9508104494909676	0.9601658889746809	0.5474944989866518	0.9461641770473981	1.0	1.0	1.0	1.0	1.0	1.0	1.0	1.0	1.0
0.9059284899553274	0.4083238973352087	0.9806524052029869	0.9244759935331597	0.47152275422393	0.9698225758239893	0.9244844138624381	0.469356805613778	0.9648747122624872	1.0	1.0	1.0	1.0	1.0	1.0	1.0	1.0	1.0
0.9413876086912241	0.4213941465558313	0.9584739336319178	0.9457774045230553	0.43325528231688204	0.9888649077392268	0.9473212616334106	0.4361018516073954	0.9843975370748156	1.0	1.0	1.0	1.0	1.0	1.0	1.0	1.0	1.0
0.9714520044080925	0.5681877658192616	1.0401287160834336	0.969856416623714	0.5437817687484879	0.9598254029267698	0.9709923893742063	0.5382126686175719	0.9590238630595791	1.0	1.0	1.0	1.0	1.0	1.0	1.0	1.0	1.0
0.899874836141341	0.39057815259355727	0.9357769755063026	0.9019613497708184	0.37434625347645956	0.9913305017925906	0.9017622622896713	0.36889074963853546	0.9902338521191958	1.0	1.0	1.0	0.0	0.0	1.0	0.0	0.0	1.0
0.93910428542725	0.5805418361953749	0.9224721511634945	0.9555312170953141	0.5843743660122009	0.9565392949131424	0.9563219683626438	0.5867039451597204	0.9528765082481641	1.0	1.0	1.0	1.0	1.0	1.0	1.0	1.0	1.0
0.9376535125405939	0.578158670908291	0.9493773302104161	0.9394574600726209	0.5515120687581853	1.0006145656141245	0.9392045471152943	0.551512947217685	0.9931380286066787	1.0	1.0	1.0	1.0	1.0	1.0	1.0	1.0	1.0
0.9004239512896837	0.3952113697874349	0.9156778036597942	0.8937155189723129	0.3878857577150304	0.8990923912107112	0.8896732050423124	0.38238981885805945	0.8971348251813522	1.0	1.0	1.0	1.0	1.0	1.0	0.0	1.0	1.0
0.9078679238379651	0.4043106977843895	1.0055910895739708	0.8968155083876833	0.41567507360333505	1.0011922060990293	0.8975184519699989	0.4191320592698899	0.9968990797579249	0.0	1.0	1.0	0.0	1.0	1.0	0.0	1.0	1.0
0.9571843951095234	0.4695814745701484	1.0561928276642805	0.957207289194923	0.4318462895224893	1.0854931605155316	0.9570500802501722	0.4382190111710944	1.075575490510926	1.0	1.0	1.0	1.0	1.0	1.0	1.0	1.0	1.0
0.9100188486433513	0.42962603256999476	1.0949078479045242	0.9191444858688359	0.43674275465444873	1.1050577543003854	0.9169056786140888	0.43157549104237425	1.0984128493483467	1.0	1.0	1.0	1.0	1.0	1.0	1.0	1.0	1.0
0.9748214148259267	0.5801672873810936	0.9730445163882535	0.9820934632439754	0.6058987847763311	0.9487848352600909	0.9814186154895501	0.6123223953377959	0.9655988515251716	0.0	0.0	1.0	0.0	0.0	1.0	0.0	0.0	1.0
0.9613229707454493	0.4690954047663235	0.9237043556712335	0.958926752788706	0.4648906539576307	0.9927477226101432	0.9592140169663264	0.46311660566740315	0.9911398590959172	1.0	1.0	1.0	1.0	1.0	1.0	1.0	1.0	1.0
0.9355343153241101	0.5619270994694177	0.8851649733275065	0.935649235835251	0.5572331622694805	0.9736292984470234	0.937533370974768	0.5628066678983248	0.9719052529313797	1.0	1.0	1.0	1.0	1.0	1.0	1.0	1.0	1.0
0.9366090575844285	0.526893911944864	0.9227808815427098	0.9411926757453226	0.49355226117198564	1.0101475743186936	0.9409779548554428	0.49355978714430165	1.006721522827481	1.0	1.0	1.0	1.0	1.0	1.0	1.0	1.0	1.0
0.9673211078742288	0.5017659200746595	0.9382760305510872	0.950828786169734	0.45379226665676	0.9240134452229574	0.9501386999607898	0.45279678169971493	0.9217170455684003	1.0	1.0	1.0	1.0	1.0	1.0	1.0	1.0	1.0
0.8938273352831108	0.3079819441223753	1.0456817235528777	0.9155376966390953	0.34878868954096337	1.0294711278406563	0.9157683934392024	0.3450301026260375	1.022471415770417	1.0	0.0	1.0	1.0	0.0	1.0	0.0	0.0	1.0
0.9212389564658435	0.5227507325001609	1.147318146128739	0.9382665714034107	0.534789493630141	1.1127274917308154	0.9385079631443957	0.534986537644271	1.1010301484190053	1.0	1.0	1.0	1.0	1.0	1.0	1.0	1.0	1.0
0.9289383530215422	0.40350856398438967	1.0151060593776537	0.9264449408666248	0.4115539277475686	1.045686286542187	0.9258600436205559	0.4077845602397234	1.0381932253538282	1.0	1.0	1.0	1.0	1.0	1.0	1.0	0.0	1.0
0.8781970351650328	0.32256181951967594	1.1469433541401215	0.8932315026760534	0.36276991410197806	1.104712280693014	0.8916467613614336	0.3595363145476569	1.1020733887183864	1.0	1.0	1.0	0.0	0.0	1.0	0.0	0.0	1.0
0.9337336496973555	0.5116135119881067	0.8755008723608736	0.9489495942535549	0.5165959696827498	1.0220857689951128	0.9487473955335852	0.5263366176045724	1.028454754665641	1.0	1.0	1.0	1.0	1.0	1.0	1.0	1.0	1.0
0.8990730828248864	0.4268171161777681	0.8680888139256226	0.8928697640811785	0.4186299383057747	0.8644148993808467	0.8911203676406034	0.41638142155697777	0.8615234520407409	1.0	1.0	1.0	0.0	1.0	0.0	0.0	1.0	0.0
0.9354183417148683	0.5299485059758052	1.055915989625246	0.9173113274375705	0.46947869036975776	1.0824645365259784	0.9171441933176675	0.46836591652700094	1.07488595931932	1.0	1.0	1.0	1.0	1.0	1.0	1.0	1.0	1.0
0.9530552575874836	0.44554050113298477	0.9195905351231289	0.9596729525811949	0.4731789144245155	0.9529780829494823	0.9593323005054301	0.4746202108674558	0.9479052227832552	1.0	1.0	1.0	1.0	1.0	1.0	1.0	1.0	1.0
0.9239804166055159	0.4721862369210131	0.9365298048872209	0.9305865421724606	0.45757292018303863	0.9125453238014358	0.9295044548373336	0.45300419493323646	0.9097165396566933	1.0	1.0	1.0	1.0	1.0	1.0	1.0	1.0	1.0
0.9623254553410852	0.4593621746534171	1.104191526647656	0.9664436644056745	0.48006715381449916	1.1353301731683443	0.9666522282812734	0.47912389737270183	1.1304817260050515	1.0	1.0	1.0	1.0	1.0	1.0	1.0	1.0	1.0
0.9641361661125399	0.6441684081743672	0.7829660327638093	0.9631056093938085	0.5821494682264886	0.8266617610469512	0.9640492246884025	0.5824742347871619	0.8284636366307867	1.0	1.0	0.0	1.0	1.0	0.0	1.0	0.0	0.0
0.9095909158170736	0.46617129375365024	0.8929232226069205	0.9341839462229706	0.521302171739199	0.8885004896566229	0.935161522551944	0.5212962929818418	0.8834886373881108	1.0	1.0	1.0	1.0	1.0	1.0	1.0	1.0	1.0
0.925046874232841	0.3930117385342626	1.0429162453024252	0.9366289524250686	0.40323017102388503	1.0493350495886393	0.9359881449777979	0.4021872490717513	1.0424602866610064	1.0	1.0	1.0	1.0	0.0	1.0	1.0	0.0	1.0
0.9623636763617772	0.49498270370788044	0.8741789410487101	0.970009937815714	0.5112376383209029	0.9098326417003216	0.9708979997562688	0.5128182940218895	0.9065562764123083	1.0	1.0	1.0	1.0	1.0	1.0	0.0	1.0	1.0
0.9472270291967777	0.49043787306346853	1.198910268895299	0.9393632552479518	0.4603723524410887	1.0670306722954557	0.9395068026371854	0.45770380652537274	1.0653130389970085	1.0	1.0	1.0	1.0	1.0	1.0	1.0	1.0	1.0
0.9366690586639675	0.5492796606747351	1.0323870526749281	0.9306724697620347	0.5437504173892103	1.0663035323608139	0.9296825933621439	0.5422232927245265	1.06430910482926	1.0	1.0	1.0	1.0	1.0	1.0	1.0	1.0	1.0
0.89525291976963	0.512210977093138	1.0590817877999334	0.9057316952704809	0.5151797928668168	0.9864371018626975	0.9055829030531153	0.5171943451574972	0.9830176951549692	1.0	1.0	1.0	1.0	1.0	1.0	0.0	1.0	1.0
0.9509593880751794	0.5382271109799844	1.0643211016541156	0.9462074170983698	0.4979942504875688	1.071252885179444	0.9456606636373976	0.4968148663446081	1.0683350262175342	1.0	1.0	1.0	1.0	1.0	1.0	1.0	1.0	1.0
0.9469439082613026	0.42633377462005634	1.0070971075609816	0.9626954433736942	0.46758172171093204	1.0455370080265882	0.9624045478939169	0.46799573570599307	1.03982952090383	1.0	1.0	1.0	1.0	1.0	1.0	1.0	1.0	1.0
0.9413597131409378	0.5221227238793962	1.113419694366309	0.9302193051016044	0.540064043763554	1.1120702813047334	0.9321475468736946	0.5406175148795113	1.1073157255468276	1.0	1.0	1.0	1.0	1.0	1.0	1.0	1.0	1.0
0.8982396520881931	0.44065777507751575	0.9491073834514133	0.9156137059618312	0.5025897035646145	1.0131741983820937	0.9159455311652169	0.4996968329692095	1.0088712490678078	1.0	1.0	1.0	1.0	1.0	1.0	1.0	1.0	1.0
0.7580516729068011	0.3738482557841648	0.8947963137833455	0.7739668760684719	0.4138678362504434	0.8605873169098752	0.7781255036027748	0.41704723039152736	0.8559265483201828	0.0	1.0	1.0	0.0	1.0	1.0	0.0	1.0	0.0
0.9774007178247454	0.49809012945275644	1.0359715220408472	0.9658707999286533	0.45971846931552485	0.9680129200458907	0.9651488180787139	0.4605058243072212	0.9573205543357166	1.0	1.0	1.0	1.0	1.0	1.0	1.0	1.0	1.0
0.9287163256701126	0.42805092451603616	1.119684900320932	0.9348180329681924	0.47827443594842883	1.0750366986954378	0.9342962322751935	0.4779321223869721	1.0740656988921926	1.0	1.0	1.0	1.0	1.0	1.0	1.0	1.0	1.0
0.8983948070575284	0.4640191800118338	1.0213340766496373	0.8728914208279394	0.3857708401648667	1.0419745607943767	0.8720274104365572	0.3857956492695533	1.0396245419671513	0.0	1.0	1.0	0.0	0.0	1.0	0.0	0.0	1.0
0.9356293038883534	0.4445848405091589	0.9918143324684215	0.9463595774874203	0.48381705503984085	0.9690717035532457	0.946267603349413	0.48067827497390697	0.9680350526204823	1.0	1.0	1.0	1.0	1.0	1.0	1.0	1.0	1.0
0.9469628821355516	0.34638550166084503	1.016944150125816	0.9593184826088893	0.384998218271407	1.0436102646141778	0.9586300772790572	0.3823994557510752	1.041016475164532	1.0	1.0	1.0	1.0	0.0	1.0	1.0	0.0	1.0
0.9263474888236344	0.48617898727274556	1.0594888148873105	0.8908568546012077	0.4684043184268203	1.112581482929831	0.8904180124087419	0.4808752340366544	1.09267914610952	1.0	1.0	1.0	0.0	1.0	0.0	0.0	1.0	0.0
0.9160140716518659	0.3788420290679514	1.025434053362682	0.9188716849031544	0.36695067668786424	1.0535695303551238	0.9185169718930002	0.3650703314407408	1.0490476006097933	1.0	0.0	1.0	1.0	0.0	1.0	1.0	0.0	1.0
0.965046478920471	0.5173478113418558	0.9888329036111134	0.9501498837523185	0.4497744012210634	1.0396093636221222	0.9498395427542203	0.446189114290683	1.0304518848735507	1.0	1.0	1.0	1.0	1.0	1.0	1.0	1.0	1.0
0.9515789844580106	0.5591284384891665	0.8859304536813034	0.9527661045271202	0.5822871009177845	0.9297100939318574	0.9526080899702212	0.5815953890724442	0.9272975341785716	1.0	1.0	1.0	1.0	1.0	1.0	1.0	1.0	1.0
0.9187726217917233	0.42599916300918667	0.9562507252960597	0.9293825728821489	0.42073779538153944	0.9436842773561809	0.930236324002329	0.4229070610848916	0.9418476342232629	1.0	1.0	1.0	1.0	1.0	1.0	1.0	1.0	1.0
0.9084787135266156	0.47297050576660843	1.0189783487232131	0.9213781494695527	0.49529976121081987	0.9556742305376659	0.9229939632445852	0.4983118083321839	0.9539952906917986	1.0	1.0	1.0	1.0	1.0	1.0	1.0	1.0	1.0
0.9567881488258981	0.573532958704637	0.9746540442661226	0.9575135868177762	0.5123000516126085	0.9581616043585554	0.9577471789687835	0.510756601689929	0.9572105757586026	1.0	1.0	1.0	1.0	1.0	1.0	1.0	1.0	1.0
0.9461696037272576	0.4291729500339884	0.900949925745133	0.9571277107353403	0.502885013975457	0.9320764373750379	0.9568585244553831	0.503815827858852	0.9244591969000271	1.0	1.0	1.0	1.0	1.0	1.0	1.0	1.0	1.0
0.9098907027088486	0.44100461101323357	0.9911516944651819	0.9178008741580278	0.4591081263145965	0.9950434645482372	0.91759122796187	0.46374270520145583	0.9896042946811272	1.0	1.0	1.0	1.0	1.0	1.0	1.0	1.0	1.0
