0.9507532511266116	0.6180774973846181	1.0011030562010204	1.0	0.0	1.0	1.0	0.0	1.0	1.0	0.0	1.0
0.8912649574484012	0.5311799209588893	0.9611733351692632	1.0	1.0	1.0	1.0	1.0	1.0	1.0	1.0	1.0
0.9649278122510115	0.5677650957670405	1.069559596733765	1.0	1.0	1.0	1.0	1.0	1.0	1.0	1.0	1.0
0.9553841342068145	0.44225365846539105	1.1920671756276326	1.0	1.0	1.0	1.0	1.0	0.0	1.0	1.0	0.0
0.9533934441322793	0.5382644031077909	1.04394512015601	1.0	1.0	1.0	1.0	1.0	1.0	1.0	1.0	1.0
0.9726471838034085	0.5890771985307621	0.887548631695196	0.0	0.0	0.0	0.0	0.0	0.0	0.0	0.0	0.0
0.9744412052455774	0.576536202621487	0.957949365022711	1.0	1.0	1.0	1.0	1.0	1.0	0.0	1.0	1.0
0.9053639465633032	0.4203763072181047	0.9142484429206242	1.0	1.0	1.0	0.0	1.0	1.0	0.0	1.0	1.0
0.9536666894904657	0.6069788504728038	0.853145601039124	1.0	1.0	1.0	1.0	1.0	0.0	1.0	1.0	0.0
0.8673257393844113	0.3489498285868739	0.9054454327398725	0.0	1.0	1.0	0.0	0.0	1.0	0.0	0.0	1.0
0.9256855686296892	0.3962953111794017	0.8890143228183729	1.0	1.0	1.0	1.0	1.0	1.0	1.0	1.0	1.0
0.9664265779999595	0.5172582463757458	0.941178395609922	1.0	1.0	1.0	1.0	1.0	1.0	1.0	1.0	1.0
0.9849934666492651	0.5460254194000276	0.8800641112882617	0.0	1.0	1.0	0.0	1.0	1.0	0.0	1.0	1.0
0.9660255345335156	0.5051591101562483	0.9963191146419442	0.0	1.0	1.0	0.0	1.0	1.0	0.0	1.0	1.0
0.9724108817389573	0.5438911615750596	0.9691509284867672	1.0	1.0	1.0	1.0	1.0	1.0	1.0	1.0	1.0
0.9575586009832291	0.4324459640578177	0.9948653459701919	1.0	1.0	1.0	1.0	1.0	1.0	1.0	1.0	1.0
0.9510195913057251	0.5257513587557257	0.9256490762206521	1.0	1.0	1.0	1.0	1.0	1.0	1.0	1.0	1.0
0.9532842431531074	0.39534800643544177	0.9758534997014102	1.0	1.0	1.0	1.0	0.0	1.0	1.0	0.0	1.0
0.9469016351475371	0.4947736608525189	1.1048337650422206	1.0	1.0	1.0	1.0	1.0	1.0	1.0	1.0	0.0
0.9703865663748419	0.6108230924521173	1.101223482091303	1.0	1.0	1.0	1.0	1.0	1.0	1.0	1.0	1.0
0.9106589935216922	0.44716180829693714	0.8731333209729626	1.0	1.0	1.0	1.0	1.0	1.0	1.0	1.0	0.0
0.9619621468146812	0.6199997147302071	1.0182484042303692	1.0	1.0	1.0	1.0	1.0	1.0	1.0	0.0	1.0
0.9615981496662096	0.5060579556095107	0.982622780284759	1.0	1.0	1.0	1.0	1.0	1.0	1.0	1.0	1.0
0.96465122257849	0.46072866941079416	1.189563484078038	1.0	1.0	0.0	1.0	1.0	0.0	1.0	1.0	0.0
0.9543940165823271	0.5542288308320049	1.1091850486624841	1.0	1.0	1.0	1.0	1.0	1.0	1.0	1.0	1.0
0.9496960587221274	0.604270684721261	0.9163877895796467	1.0	1.0	1.0	1.0	1.0	1.0	1.0	1.0	1.0
0.9645043769856805	0.4261541039235559	1.0564752656110676	1.0	1.0	1.0	1.0	1.0	1.0	1.0	1.0	1.0
0.9047376330140513	0.451014498612169	0.9939361491933385	1.0	1.0	1.0	1.0	1.0	1.0	1.0	1.0	1.0
0.9545423917761717	0.48409172805181633	0.9034243929629042	1.0	1.0	1.0	1.0	1.0	1.0	1.0	1.0	1.0
0.9578775380387947	0.48524089903146433	1.088333382640932	1.0	1.0	1.0	1.0	1.0	1.0	1.0	1.0	1.0
0.9296079148859049	0.42862933917239354	1.1959567162174236	1.0	0.0	0.0	1.0	0.0	0.0	1.0	0.0	0.0
0.965074404437798	0.43660324800431244	0.9974568585146514	1.0	1.0	1.0	1.0	1.0	1.0	1.0	1.0	1.0
0.9135753102161589	0.45306210405621733	0.8674670698607237	1.0	1.0	1.0	1.0	1.0	1.0	1.0	1.0	1.0
0.9692646430605802	0.5248374305313658	1.1186394090665073	1.0	1.0	1.0	1.0	1.0	1.0	1.0	1.0	1.0
0.9464296946252566	0.4467546600151949	1.139946275978597	1.0	1.0	1.0	1.0	1.0	1.0	1.0	1.0	0.0
0.9658801399720377	0.5282555259524842	1.1475930939114987	1.0	1.0	1.0	1.0	1.0	1.0	1.0	1.0	1.0
0.9658669486648758	0.6197906277807527	0.9760767821695996	1.0	1.0	1.0	1.0	1.0	1.0	1.0	1.0	1.0
0.926968065685987	0.5397281197748027	1.1031781890896653	1.0	1.0	1.0	1.0	1.0	1.0	1.0	1.0	1.0
0.9358526347874846	0.3943070909819666	0.99404422295929	1.0	1.0	1.0	1.0	0.0	1.0	1.0	0.0	1.0
0.9648614208007483	0.5526162788327238	0.9754051737071348	1.0	1.0	1.0	1.0	1.0	1.0	1.0	1.0	1.0
0.9727672727194939	0.49977792699933143	1.0221381760774562	1.0	1.0	1.0	1.0	1.0	1.0	1.0	1.0	1.0
0.9725632711916405	0.6036210336983536	0.8850373614192955	1.0	1.0	1.0	1.0	1.0	1.0	1.0	1.0	1.0
0.9801959591535544	0.5663789771809535	0.9421730817670875	0.0	1.0	1.0	0.0	1.0	1.0	0.0	1.0	1.0
0.9275321435942359	0.4920995089140432	1.096234334747441	1.0	1.0	1.0	1.0	1.0	1.0	1.0	1.0	1.0
0.929020037298836	0.5796560257398539	1.096222403548679	1.0	1.0	1.0	1.0	1.0	1.0	1.0	0.0	1.0
0.9436400244921977	0.5230738584569197	0.980777849409881	1.0	1.0	1.0	1.0	1.0	1.0	1.0	1.0	1.0
0.9463536044242336	0.48240319289201394	1.1567300040829824	1.0	1.0	0.0	1.0	1.0	0.0	1.0	1.0	0.0
0.9455205805332108	0.4973736891643032	0.9602101191684702	1.0	1.0	1.0	1.0	1.0	1.0	1.0	1.0	1.0
0.9637097751719231	0.5206125248481603	0.9543269242768714	1.0	1.0	1.0	1.0	1.0	1.0	1.0	1.0	1.0
0.9500673941181476	0.5020170361424898	0.9436037856215395	1.0	1.0	1.0	1.0	1.0	1.0	1.0	1.0	1.0
0.966870085572476	0.5679604513511167	1.1354956900367719	1.0	1.0	1.0	1.0	1.0	1.0	1.0	1.0	0.0
0.9487700434464997	0.5767173659135786	0.9759610942032648	0.0	0.0	0.0	0.0	0.0	0.0	0.0	0.0	0.0
0.9336603887228888	0.47685962666202025	1.0595052312571225	0.0	0.0	0.0	0.0	0.0	0.0	0.0	0.0	0.0
0.9385451903525167	0.4505389782146768	1.052246681822771	1.0	1.0	1.0	1.0	1.0	1.0	1.0	1.0	1.0
0.8745862991538494	0.4216599225736954	0.8106707123910486	1.0	1.0	1.0	0.0	1.0	1.0	0.0	1.0	1.0
0.9675807498993294	0.5205213595961429	1.2126772032238646	1.0	1.0	0.0	1.0	1.0	0.0	1.0	1.0	0.0
0.9606740580453613	0.5329945311628669	1.050124784132532	1.0	1.0	1.0	1.0	1.0	1.0	1.0	1.0	1.0
0.9288972137346775	0.5218134504446514	1.08581910949198	1.0	1.0	1.0	1.0	1.0	1.0	1.0	1.0	1.0
0.935616153454117	0.46625807068587966	0.9604807708903983	1.0	1.0	1.0	1.0	1.0	1.0	1.0	1.0	1.0
0.947242989708778	0.4957368337221722	0.8715006433646194	1.0	1.0	1.0	1.0	1.0	1.0	1.0	1.0	1.0
0.935834020092292	0.4468156719835891	1.0163409669437293	1.0	1.0	1.0	1.0	1.0	1.0	1.0	1.0	1.0
0.9619871904593192	0.45309980924013815	0.9626013652268802	1.0	1.0	1.0	1.0	1.0	1.0	1.0	1.0	1.0
0.9433613144513494	0.4908876758702659	1.1716788844082509	1.0	1.0	1.0	1.0	1.0	1.0	1.0	1.0	1.0
0.9314132366658339	0.4812812481198404	0.9727416577881762	1.0	1.0	1.0	1.0	1.0	1.0	0.0	1.0	1.0
0.9505405311904768	0.5447243702864173	0.942530992441491	1.0	1.0	1.0	1.0	1.0	1.0	1.0	1.0	1.0
0.9366498163693252	0.5228943012847944	0.9421744695395978	1.0	1.0	1.0	1.0	1.0	1.0	1.0	1.0	1.0
0.9370080062033532	0.5019383070998557	1.0265650521601901	1.0	1.0	1.0	1.0	1.0	1.0	1.0	1.0	1.0
0.9480822860167801	0.4777317758394365	0.9936564461246249	1.0	1.0	1.0	1.0	1.0	1.0	1.0	1.0	1.0
0.9353850253495086	0.4593660165785548	1.0467890372800002	1.0	1.0	1.0	1.0	1.0	1.0	1.0	1.0	1.0
0.8995603020416314	0.4360710898383062	0.8653983329626784	1.0	1.0	1.0	1.0	1.0	1.0	1.0	1.0	1.0
0.8815223886858834	0.39724499964411597	0.9171936384703195	1.0	1.0	1.0	1.0	1.0	1.0	0.0	1.0	1.0
0.9659512557767064	0.6372866367323213	0.8656105042312529	1.0	1.0	1.0	1.0	1.0	1.0	1.0	1.0	1.0
0.9766837793252166	0.5575760687063982	0.8904907127804056	1.0	1.0	1.0	0.0	1.0	1.0	0.0	1.0	1.0
0.9658205683314731	0.4875939526749451	1.1047690301246735	1.0	1.0	1.0	1.0	1.0	1.0	1.0	1.0	1.0
0.9609860675903991	0.5083574673611927	1.0192715395577139	1.0	1.0	1.0	1.0	1.0	1.0	1.0	1.0	1.0
0.9504433770665714	0.4721400731774382	0.9119574556245238	1.0	0.0	0.0	0.0	0.0	0.0	0.0	0.0	0.0
0.9027785259002872	0.39719672363091707	1.064369800322386	1.0	1.0	1.0	1.0	1.0	1.0	1.0	1.0	1.0
0.9611034853093225	0.6678461395402653	1.1072876314782443	1.0	1.0	1.0	1.0	1.0	1.0	1.0	0.0	1.0
0.9313970560089285	0.4267203040017853	0.9271873773570685	1.0	1.0	1.0	1.0	1.0	1.0	1.0	1.0	1.0
0.9701367330504359	0.5716528751337036	0.9868016203184546	1.0	1.0	1.0	1.0	1.0	1.0	1.0	1.0	1.0
0.9504794105772406	0.5011634090578783	1.1419071420020246	1.0	1.0	1.0	1.0	1.0	1.0	1.0	1.0	1.0
0.9643805945910758	0.6119264304241934	0.935266923640474	1.0	1.0	1.0	1.0	1.0	1.0	1.0	1.0	1.0
0.96138671298368	0.5690787114620096	0.9720573083206739	1.0	1.0	1.0	1.0	1.0	1.0	1.0	1.0	1.0
0.9380106468856507	0.5553808185115968	1.0199261432283326	1.0	1.0	1.0	1.0	1.0	1.0	1.0	1.0	1.0
0.9850931087574774	0.6256914627477205	0.9238507348097953	1.0	1.0	1.0	0.0	1.0	1.0	0.0	1.0	1.0
0.9200703367167433	0.4114696778128128	0.9289885177260857	0.0	0.0	0.0	0.0	0.0	0.0	0.0	0.0	0.0
0.9828578622696627	0.5958951681397203	1.0945894356419188	0.0	1.0	1.0	0.0	1.0	1.0	0.0	1.0	1.0
0.9417957842083169	0.4281178100558474	1.0189918678838208	1.0	1.0	1.0	1.0	1.0	1.0	1.0	1.0	1.0
0.9482958713324313	0.594646046360964	1.034935161121445	1.0	0.0	1.0	1.0	0.0	1.0	1.0	0.0	1.0
0.9214546708659427	0.4716594757804109	0.8091063782580277	1.0	1.0	1.0	1.0	1.0	0.0	1.0	1.0	0.0
0.8900426756820254	0.46896730028591727	1.1306687828336648	1.0	1.0	1.0	0.0	1.0	1.0	0.0	1.0	1.0
0.9431682860761648	0.5436635542398467	0.9185246677739834	1.0	1.0	1.0	1.0	1.0	1.0	1.0	1.0	1.0
0.9368676879945873	0.4627450763739569	0.9372574077518161	1.0	1.0	1.0	1.0	1.0	1.0	1.0	1.0	1.0
0.9267354297555924	0.36643674667344883	0.8661725254244426	1.0	1.0	1.0	1.0	0.0	1.0	1.0	0.0	1.0
0.9805157293592712	0.5230532151069053	0.9716397367198607	1.0	1.0	1.0	0.0	1.0	1.0	0.0	1.0	1.0
0.9712287977687368	0.5796602182634661	1.0758446602039684	1.0	1.0	1.0	1.0	1.0	1.0	0.0	1.0	1.0
0.9611107680539104	0.5310284142917563	1.0889994010943147	1.0	1.0	1.0	1.0	1.0	1.0	1.0	1.0	1.0
0.8845623692374638	0.4902339485230063	0.9187978757370949	1.0	1.0	1.0	1.0	1.0	1.0	1.0	1.0	1.0
0.9848097937992085	0.6137601936712289	1.0191927312624596	0.0	1.0	1.0	0.0	1.0	1.0	0.0	1.0	1.0
0.9673038091900495	0.4868543773859444	1.0167592020397795	1.0	1.0	1.0	1.0	1.0	1.0	1.0	1.0	1.0
0.9675981230775976	0.5175268959307132	1.0932704580055372	1.0	1.0	1.0	1.0	1.0	1.0	1.0	1.0	1.0
0.9287216903343501	0.44630460371285424	0.9539440064884568	1.0	1.0	1.0	1.0	1.0	1.0	1.0	1.0	1.0
0.9652713692319669	0.4725730109049614	0.9940932843329416	1.0	1.0	1.0	1.0	1.0	1.0	1.0	1.0	1.0
0.9678059220911136	0.7046259336017664	1.0815658551670941	1.0	1.0	1.0	1.0	0.0	1.0	1.0	0.0	1.0
0.9677935980092046	0.5558353475131274	1.0319083277236285	1.0	1.0	1.0	1.0	1.0	1.0	1.0	1.0	1.0
0.9502549948420023	0.5058727160272108	1.0832127793576978	1.0	1.0	1.0	1.0	1.0	1.0	1.0	1.0	1.0
0.9477989709339225	0.5866136901088219	1.0001496622102921	1.0	1.0	1.0	1.0	0.0	1.0	1.0	0.0	1.0
0.9255098958856861	0.6119747643911663	1.0810258860894475	1.0	1.0	1.0	1.0	1.0	1.0	1.0	1.0	1.0
0.9252262860588929	0.39790941197242896	0.9882327157869301	0.0	0.0	1.0	0.0	0.0	1.0	0.0	0.0	1.0
0.9746016211804162	0.5155759591158129	1.0861351012208642	0.0	1.0	1.0	0.0	1.0	1.0	0.0	1.0	1.0
0.9212923291636725	0.4610240966737384	1.0427797553413054	1.0	1.0	1.0	1.0	1.0	1.0	1.0	1.0	1.0
0.9612432642023635	0.4922395591301668	1.0468483552292374	1.0	1.0	1.0	1.0	1.0	1.0	1.0	1.0	1.0
0.9626166257248631	0.6429966885710583	1.0286811583756599	1.0	1.0	1.0	1.0	1.0	1.0	1.0	0.0	1.0
0.8493652024469394	0.30919050883304705	0.8134246921770683	0.0	0.0	0.0	0.0	0.0	0.0	0.0	0.0	0.0
0.9221646454302956	0.41303847441391145	0.9774850902912412	1.0	1.0	1.0	1.0	0.0	1.0	1.0	0.0	1.0
0.9457668355692901	0.4868423531131057	1.0072388096626603	1.0	1.0	1.0	1.0	1.0	1.0	1.0	1.0	1.0
0.9181646784749304	0.45139694581294776	1.1802925100482229	1.0	1.0	1.0	1.0	1.0	1.0	1.0	1.0	0.0
0.9105449510003436	0.41787169544087155	0.8538342386102532	1.0	1.0	1.0	0.0	1.0	1.0	0.0	1.0	1.0
0.9786604184195473	0.5601953042235334	1.0409085104979932	0.0	1.0	1.0	0.0	1.0	1.0	0.0	1.0	1.0
0.949375690658096	0.583423906111757	0.9735296774981931	1.0	1.0	1.0	1.0	1.0	1.0	1.0	1.0	1.0
0.9442411027644367	0.48089522242119725	0.9709428251885228	1.0	1.0	1.0	1.0	1.0	1.0	1.0	1.0	1.0
0.9297898625764172	0.39308535414092094	1.055459434161083	1.0	1.0	1.0	1.0	1.0	1.0	1.0	1.0	1.0
0.9452954462879866	0.46159698733854404	0.8878941853862836	1.0	1.0	1.0	1.0	1.0	1.0	1.0	1.0	1.0
0.9599293678005187	0.44600479364799717	1.0292263908407369	1.0	1.0	1.0	1.0	1.0	1.0	1.0	1.0	1.0
0.9525762823822354	0.6590342086074228	1.0456340108385034	1.0	1.0	1.0	1.0	1.0	1.0	1.0	1.0	1.0
0.8922656847906629	0.42511606583243366	0.9575248100739818	1.0	1.0	1.0	1.0	1.0	1.0	0.0	1.0	1.0
0.9385286137593972	0.5700962582842055	1.023776686380978	1.0	1.0	1.0	1.0	1.0	1.0	1.0	1.0	1.0
0.952422675527652	0.4856175798100339	1.1207116600374711	1.0	1.0	1.0	1.0	1.0	1.0	1.0	1.0	1.0
0.9681149524840167	0.5097005823387228	1.1235698775889815	1.0	1.0	1.0	1.0	1.0	1.0	1.0	1.0	1.0
0.965890166733433	0.6599745637843387	0.8941007895220658	1.0	1.0	1.0	1.0	1.0	1.0	1.0	0.0	1.0
0.9384622216935621	0.6637879827329375	0.8462043723333759	1.0	0.0	0.0	1.0	0.0	0.0	0.0	0.0	0.0
0.844178286646328	0.4290571092942624	0.8868387295691584	1.0	1.0	1.0	0.0	1.0	1.0	0.0	1.0	1.0
0.8907353060732607	0.4436562668814062	1.020392713498104	1.0	1.0	1.0	1.0	1.0	1.0	1.0	1.0	1.0
0.9140015600762165	0.4752052724254429	0.9987455015634765	1.0	1.0	1.0	0.0	1.0	1.0	0.0	1.0	1.0
0.9736295351491894	0.6459892992804044	0.8960266535018051	1.0	1.0	1.0	1.0	1.0	1.0	1.0	0.0	1.0
0.9730038939278164	0.5176084475778947	1.0074806261018776	1.0	1.0	1.0	1.0	1.0	1.0	1.0	1.0	1.0
0.9605706970767193	0.5046951537535799	1.0063689562032578	1.0	1.0	1.0	1.0	1.0	1.0	1.0	1.0	1.0
0.9441624547466714	0.3996337879509308	1.129163964777308	1.0	1.0	1.0	1.0	0.0	1.0	1.0	0.0	1.0
0.9517007906447055	0.5533585243935918	1.140740620861518	1.0	0.0	0.0	1.0	0.0	0.0	1.0	0.0	0.0
0.8881233954666933	0.484262879296765	0.8499121947915744	0.0	1.0	1.0	0.0	1.0	1.0	0.0	1.0	1.0
0.9558969444247949	0.37534884479903735	1.0168540335786262	1.0	1.0	1.0	1.0	0.0	1.0	1.0	0.0	1.0
0.9575428645942755	0.4389467227872242	0.9767571461865919	1.0	1.0	1.0	1.0	1.0	1.0	1.0	1.0	1.0
0.9530157851770057	0.5319074217447775	1.0781637700584306	1.0	1.0	1.0	1.0	1.0	1.0	1.0	1.0	1.0
0.9605494665388562	0.5099920916073362	0.9908591851642892	1.0	1.0	1.0	1.0	1.0	1.0	1.0	1.0	1.0
0.9448697383148834	0.5772596279379338	1.0466392963536653	1.0	1.0	1.0	1.0	1.0	1.0	1.0	1.0	1.0
0.9692041115136029	0.4840526202864534	1.2123261133443988	1.0	1.0	1.0	0.0	1.0	0.0	0.0	1.0	0.0
0.8789656400655379	0.42276593070405727	1.037127464224684	1.0	1.0	1.0	1.0	1.0	1.0	0.0	1.0	1.0
0.9052877513983045	0.3714769417674452	0.9411179456696556	1.0	1.0	1.0	1.0	1.0	1.0	1.0	1.0	1.0
0.9567222022929969	0.5241915701121422	1.0097314853749288	1.0	1.0	1.0	1.0	1.0	1.0	1.0	1.0	1.0
0.9660289898914144	0.5441928465066256	0.9613430289789839	1.0	1.0	1.0	1.0	1.0	1.0	1.0	1.0	1.0
0.9579020035461097	0.4899640096314893	1.1236450997190655	1.0	1.0	1.0	1.0	1.0	1.0	1.0	1.0	1.0
0.963217632992453	0.5214126244697125	1.0038896664670036	1.0	1.0	1.0	1.0	1.0	1.0	1.0	1.0	1.0
0.9475915123073944	0.4797837116524058	0.9684321796598212	1.0	1.0	1.0	1.0	1.0	1.0	1.0	1.0	1.0
0.9601987806031379	0.6008948748952846	0.9049441964996959	1.0	1.0	1.0	1.0	1.0	1.0	1.0	0.0	1.0
0.9798747098466963	0.6681295103190834	0.8765968276988272	0.0	0.0	0.0	0.0	0.0	0.0	0.0	0.0	0.0
0.9787774111185611	0.5066716983338657	1.1154043020865057	1.0	1.0	1.0	1.0	1.0	1.0	1.0	1.0	1.0
0.9320671737503312	0.4925788603715246	0.9298139911645649	1.0	1.0	1.0	1.0	1.0	1.0	1.0	1.0	1.0
0.9418853435107672	0.5180976224310436	0.9699757676926093	1.0	1.0	1.0	1.0	1.0	1.0	1.0	1.0	1.0
0.9814985291092998	0.547320704577853	1.0186824739435696	0.0	1.0	1.0	0.0	1.0	1.0	0.0	1.0	1.0
0.9709503350080539	0.4822277134369109	1.1735062027119212	1.0	1.0	1.0	1.0	1.0	0.0	1.0	1.0	0.0
0.947317519506507	0.46920825266624744	0.9949316986688848	1.0	1.0	1.0	1.0	1.0	1.0	1.0	1.0	1.0
0.822525089056711	0.4238104418779551	1.0362859044253816	0.0	1.0	1.0	0.0	1.0	1.0	0.0	1.0	1.0
0.8700222339291778	0.43097835161323994	1.038374459397682	0.0	1.0	1.0	0.0	1.0	1.0	0.0	1.0	1.0
0.8942096293970648	0.40740648306131544	0.8650125182513316	1.0	1.0	1.0	1.0	1.0	1.0	0.0	1.0	1.0
0.9211916886346256	0.3206347229648701	1.092963829900862	1.0	0.0	1.0	1.0	0.0	1.0	0.0	0.0	1.0
0.9073091624342732	0.5331195335525086	1.0572916675819937	1.0	1.0	1.0	1.0	1.0	1.0	1.0	1.0	1.0
0.9574087763853055	0.5083129830531203	0.9665180383489805	1.0	1.0	1.0	1.0	1.0	1.0	1.0	1.0	1.0
0.9679990768427261	0.4969182691348987	1.0227932388604077	1.0	1.0	1.0	1.0	1.0	1.0	1.0	1.0	1.0
0.9849135010133586	0.6088538636261899	1.0720620200051094	1.0	1.0	1.0	0.0	1.0	1.0	0.0	1.0	1.0
0.9707086715022925	0.4414885997164305	1.132295702443189	1.0	1.0	1.0	1.0	1.0	1.0	0.0	1.0	1.0
0.9688326758284971	0.49411159238666486	0.9660369207598415	1.0	1.0	1.0	1.0	1.0	1.0	1.0	1.0	1.0
0.9373410505131798	0.4666267759767414	1.032577356452808	1.0	1.0	1.0	1.0	1.0	1.0	1.0	1.0	1.0
0.9488901188119632	0.5011845904527503	0.97082114154202	1.0	1.0	1.0	1.0	1.0	1.0	1.0	1.0	1.0
0.9291591766995696	0.384546699740363	0.9452779311195312	1.0	1.0	1.0	1.0	0.0	1.0	1.0	0.0	1.0
0.9580464973920246	0.5478800920059969	1.068217317093238	0.0	0.0	0.0	0.0	0.0	0.0	0.0	0.0	0.0
0.9665383089141615	0.5989560806763451	0.9923776061121949	1.0	1.0	1.0	1.0	1.0	1.0	1.0	1.0	1.0
0.9381775168059672	0.43915815533896246	0.9276427207383914	1.0	1.0	1.0	1.0	1.0	1.0	1.0	1.0	1.0
0.9105206573498539	0.4623522597715097	1.0525747353304034	1.0	1.0	1.0	1.0	1.0	1.0	1.0	1.0	1.0
0.9613992755581297	0.5481131457885549	1.198995935649857	1.0	1.0	1.0	1.0	1.0	1.0	1.0	1.0	0.0
0.965489138741346	0.6419456216410598	0.9242634192947272	1.0	1.0	1.0	1.0	1.0	1.0	1.0	1.0	1.0
0.9505429585899356	0.5350818677561957	1.0823238008247769	1.0	1.0	1.0	1.0	1.0	1.0	1.0	1.0	1.0
0.9460132055836075	0.4581246198996853	0.9747738928849902	1.0	1.0	1.0	1.0	1.0	1.0	1.0	1.0	1.0
0.9772723676658854	0.6095045997268059	0.98548773064952	1.0	1.0	1.0	1.0	1.0	1.0	0.0	0.0	1.0
0.9678747256962645	0.5469197274437702	0.9547008785398916	1.0	1.0	1.0	1.0	1.0	1.0	1.0	1.0	1.0
0.9557412288094627	0.546448151864802	1.2985573640621477	1.0	1.0	0.0	1.0	1.0	0.0	1.0	1.0	0.0
0.9430612987296626	0.5775943840997754	0.934590966519563	1.0	1.0	1.0	1.0	1.0	1.0	1.0	1.0	1.0
0.949877184377081	0.6565087372588789	0.8055144272268524	1.0	1.0	1.0	1.0	1.0	0.0	1.0	0.0	0.0
0.9592051264669295	0.5789984590097131	0.9031450029356342	1.0	1.0	1.0	1.0	1.0	1.0	1.0	1.0	1.0
0.9572702141867042	0.5131173278933099	1.0090813963813914	1.0	1.0	1.0	1.0	1.0	1.0	1.0	1.0	1.0
0.9768659136319082	0.5433923256143036	0.8902076631123864	1.0	1.0	1.0	1.0	1.0	1.0	1.0	1.0	1.0
0.9869953521624791	0.7207946561933027	0.7617709240151862	0.0	0.0	0.0	0.0	0.0	0.0	0.0	0.0	0.0
0.9155093153898531	0.46680926681154056	1.1597259865445193	1.0	1.0	1.0	1.0	1.0	1.0	1.0	1.0	0.0
0.9733075606352122	0.5962097308287869	0.9703389691922492	1.0	1.0	1.0	1.0	1.0	1.0	1.0	1.0	1.0
0.9334712719992151	0.4682159438200121	1.1636102840222282	1.0	1.0	1.0	1.0	1.0	0.0	1.0	1.0	0.0
0.8892436431444813	0.38801279701003566	0.9001701521304034	1.0	1.0	1.0	1.0	1.0	1.0	1.0	1.0	1.0
0.9552828349545841	0.5730928013717608	1.1176706596604	1.0	1.0	1.0	1.0	1.0	1.0	1.0	1.0	1.0
0.9176048929670312	0.4914111270929598	1.0565769848612907	1.0	1.0	1.0	1.0	1.0	1.0	1.0	1.0	1.0
0.9389258853533977	0.47121771852284544	0.8259322227249891	1.0	1.0	1.0	1.0	1.0	1.0	1.0	1.0	1.0
0.9488686307590449	0.5057697799360772	1.0461383195131473	1.0	1.0	1.0	1.0	1.0	1.0	1.0	1.0	1.0
0.9683896019073276	0.5818948317030025	1.0210485932679365	0.0	0.0	0.0	0.0	0.0	0.0	0.0	0.0	0.0
0.946100946348691	0.4631656718867141	0.9824241702379993	1.0	1.0	1.0	1.0	1.0	1.0	1.0	1.0	1.0
0.9679152658027775	0.4994532087503683	0.9647968630515221	1.0	1.0	1.0	0.0	1.0	1.0	0.0	1.0	1.0
0.9442740913359332	0.5644138903056632	1.050570861254855	1.0	1.0	1.0	1.0	1.0	1.0	1.0	1.0	1.0
0.9068319684564156	0.32527852453569034	1.0370997573915202	1.0	0.0	1.0	1.0	0.0	1.0	1.0	0.0	1.0
0.9714478584406921	0.5138656207941784	1.0970855365376881	1.0	1.0	1.0	0.0	1.0	1.0	0.0	1.0	1.0
0.9742521663549732	0.5358247854391477	1.0845878637781758	1.0	1.0	1.0	1.0	1.0	1.0	0.0	1.0	1.0
0.9685890872071777	0.48207633043112175	0.9671219838988457	1.0	1.0	1.0	0.0	1.0	1.0	0.0	1.0	1.0
0.9784783732923298	0.530324297572276	0.7812432461126637	1.0	1.0	0.0	1.0	1.0	0.0	0.0	1.0	0.0
0.9672120107029015	0.47049351114616234	1.223348405058884	1.0	1.0	1.0	1.0	1.0	0.0	1.0	1.0	0.0
0.9663982966416224	0.6468770899960702	1.080123391951806	1.0	1.0	1.0	1.0	0.0	1.0	1.0	0.0	1.0
0.975214796114953	0.5714730733014963	1.0849049163846982	0.0	0.0	0.0	0.0	0.0	0.0	0.0	0.0	0.0
0.9339422955816503	0.38327787971561716	0.8071309593698428	1.0	1.0	0.0	1.0	1.0	0.0	1.0	0.0	0.0
0.9582828494176775	0.573155985245733	0.9886990223368693	1.0	1.0	1.0	1.0	1.0	1.0	1.0	1.0	1.0
0.9875298406272319	0.6371453179324518	0.9688461518779348	1.0	1.0	1.0	0.0	1.0	1.0	0.0	0.0	1.0
0.9459006051494132	0.5222792390877656	0.9796777225842204	1.0	1.0	1.0	1.0	1.0	1.0	1.0	1.0	1.0
0.9499888924141823	0.42139299192119606	1.2031744935632642	1.0	1.0	1.0	1.0	1.0	0.0	1.0	1.0	0.0
0.9219883827960433	0.40878673957833467	1.1795336652778903	1.0	1.0	1.0	1.0	1.0	0.0	1.0	1.0	0.0
0.9763793530454333	0.6455865682704217	0.9541049433719415	1.0	1.0	1.0	1.0	1.0	1.0	1.0	0.0	1.0
0.9546052865306263	0.46979328355696637	0.8772458226483236	1.0	1.0	1.0	1.0	1.0	1.0	1.0	1.0	0.0
0.9421365612729586	0.45296176487806283	0.9733836324975831	1.0	1.0	1.0	1.0	1.0	1.0	1.0	1.0	1.0
0.9169206144032598	0.5039539828041204	1.1348377002117824	1.0	1.0	1.0	1.0	1.0	1.0	1.0	1.0	1.0
0.9642303809037938	0.5168489037538828	1.002865689889597	1.0	1.0	1.0	1.0	1.0	1.0	1.0	1.0	1.0
0.9729077481902745	0.558910865651127	0.9512084861337542	1.0	1.0	1.0	0.0	1.0	1.0	0.0	1.0	1.0
0.9817979728376621	0.5753131283625537	0.9508150708113747	0.0	1.0	1.0	0.0	1.0	1.0	0.0	1.0	1.0
0.9697889584666076	0.6108371798064816	0.9320668104933014	1.0	1.0	1.0	1.0	1.0	1.0	1.0	1.0	1.0
0.9588561761382756	0.5681659776146764	0.9852468117974167	1.0	1.0	1.0	1.0	1.0	1.0	1.0	1.0	1.0
0.9250778980605538	0.5228094871896312	0.9926153229691278	1.0	1.0	1.0	1.0	1.0	1.0	1.0	1.0	1.0
0.9464184945214946	0.5235448720718558	1.1050960036371484	1.0	1.0	1.0	1.0	1.0	1.0	1.0	1.0	1.0
0.9259729328496498	0.37020960987620255	1.054928948149058	1.0	1.0	1.0	1.0	0.0	1.0	1.0	0.0	1.0
0.9329830255791669	0.5442421113509429	1.1567517068608377	1.0	1.0	1.0	1.0	1.0	1.0	1.0	1.0	1.0
0.9675865796539591	0.583570876444525	1.2183511614067961	1.0	1.0	0.0	1.0	1.0	0.0	1.0	1.0	0.0
0.9422606245447516	0.4687485046552927	0.9450235186546168	1.0	1.0	1.0	1.0	1.0	1.0	1.0	1.0	1.0
0.9201004488997354	0.5011070638186141	0.9647495640008223	1.0	1.0	1.0	1.0	1.0	1.0	1.0	1.0	1.0
0.9626632342855533	0.5440141884898939	0.9514014836675833	1.0	1.0	1.0	1.0	1.0	1.0	1.0	1.0	1.0
0.9459686931663226	0.550509748259974	0.9132331979057422	1.0	1.0	1.0	1.0	1.0	1.0	1.0	1.0	1.0
0.9397640237255803	0.4697738729393733	1.1013710562571384	1.0	1.0	1.0	1.0	1.0	1.0	1.0	1.0	1.0
0.9617896308053444	0.6482840202408116	0.9934805116346372	1.0	1.0	1.0	1.0	0.0	1.0	1.0	0.0	1.0
0.937247805793059	0.4478941924371387	0.9913329662558811	1.0	1.0	1.0	1.0	1.0	1.0	1.0	1.0	1.0
0.9437786762192044	0.5422688377607289	1.1382490117048476	1.0	1.0	1.0	1.0	1.0	1.0	1.0	1.0	1.0
0.9555838076206774	0.5617823037603668	1.1361487158907932	1.0	1.0	1.0	1.0	1.0	1.0	1.0	1.0	1.0
0.9066472806673833	0.43490626530980986	0.9526275761985684	0.0	0.0	0.0	0.0	0.0	0.0	0.0	0.0	0.0
0.9412722391092571	0.5410940519343651	1.0679982975834352	1.0	1.0	1.0	1.0	1.0	1.0	1.0	1.0	1.0
0.9338775604200773	0.47951367508563236	0.8469957272342287	1.0	1.0	1.0	1.0	1.0	1.0	1.0	1.0	0.0
0.9250915572951094	0.4492258625759798	1.198648015432821	1.0	1.0	1.0	1.0	1.0	1.0	1.0	1.0	0.0
0.9347305074946578	0.40294836305551013	0.9769091243049564	1.0	1.0	1.0	1.0	0.0	1.0	1.0	0.0	1.0
0.9602795479515599	0.4196258584827499	0.9384359174433037	1.0	1.0	1.0	1.0	0.0	1.0	1.0	0.0	1.0
0.9469077391947516	0.4996754232240883	0.9743459189493267	1.0	1.0	1.0	1.0	1.0	1.0	1.0	1.0	1.0
0.9059644849908446	0.48410453103023515	1.070546506380295	1.0	1.0	1.0	0.0	1.0	1.0	0.0	1.0	1.0
0.9531636088263693	0.526992150417865	0.8840135296456918	1.0	1.0	1.0	1.0	1.0	1.0	1.0	1.0	1.0
0.9777043684309253	0.5657190125854143	0.8983276335807732	1.0	1.0	1.0	1.0	1.0	1.0	1.0	1.0	1.0
0.9300175135166534	0.5529442862327729	0.9422985222122812	1.0	1.0	1.0	1.0	1.0	1.0	1.0	1.0	1.0
0.8844973566348576	0.4585762820997788	1.0654999209032987	1.0	1.0	1.0	0.0	1.0	1.0	0.0	1.0	0.0
0.9266391882195324	0.4154592061172665	1.0145645847683238	1.0	1.0	1.0	1.0	1.0	1.0	1.0	1.0	1.0
0.9793691746636373	0.6048316281574464	1.0450872761650782	1.0	1.0	1.0	1.0	1.0	1.0	1.0	1.0	1.0
0.9358709657258356	0.423102057882309	1.0323842711302313	1.0	1.0	1.0	1.0	1.0	1.0	1.0	1.0	1.0
0.9271193294207452	0.49806870779804013	1.0598201590621439	1.0	1.0	1.0	1.0	1.0	1.0	1.0	1.0	1.0
0.9520783039931673	0.5117506027553421	1.07615828961074	1.0	1.0	1.0	1.0	1.0	1.0	1.0	1.0	1.0
0.946904866468357	0.5435115746014814	1.0679280493415366	1.0	1.0	1.0	1.0	1.0	1.0	0.0	1.0	1.0
0.9058824638644254	0.40423846344846087	0.9280555960483303	1.0	1.0	1.0	1.0	1.0	1.0	1.0	1.0	1.0
0.9505530888061557	0.5955202039233777	0.8441714691985928	1.0	1.0	1.0	1.0	1.0	1.0	1.0	1.0	1.0
0.9095007099408132	0.3223637539892954	1.0963638338170052	1.0	1.0	1.0	1.0	0.0	1.0	1.0	0.0	1.0
0.9692681635765096	0.5997954210388876	1.0063428188710652	0.0	0.0	0.0	0.0	0.0	0.0	0.0	0.0	0.0
0.9620742265732366	0.4729115699081801	0.8535395272568616	1.0	1.0	1.0	1.0	1.0	1.0	1.0	1.0	0.0
0.9338142385279182	0.5167076533522573	0.9362279499357653	0.0	0.0	0.0	0.0	0.0	0.0	0.0	0.0	0.0
0.9589878406855814	0.47054918182567296	1.1520350212839485	0.0	1.0	1.0	0.0	1.0	1.0	0.0	1.0	1.0
0.9632791919823881	0.5343140126174808	0.893463760817325	0.0	0.0	0.0	0.0	0.0	0.0	0.0	0.0	0.0
0.9587859750722764	0.38893990961425423	1.0479300832279783	1.0	1.0	1.0	1.0	1.0	1.0	1.0	1.0	1.0
0.9475819060502646	0.48659297159097276	0.8240988758531367	1.0	1.0	1.0	1.0	1.0	1.0	1.0	1.0	0.0
0.9409566050764666	0.48865520578331056	1.12738937813592	1.0	1.0	1.0	1.0	1.0	1.0	1.0	1.0	1.0
0.9286279354242446	0.3919194345827787	1.05750804974574	1.0	1.0	1.0	1.0	0.0	1.0	1.0	0.0	1.0
0.9320437368204834	0.3518454119912663	0.8709717016858518	1.0	1.0	1.0	1.0	1.0	1.0	1.0	1.0	1.0
0.9290909439899644	0.4678717737403518	0.9872513761563159	1.0	1.0	1.0	1.0	1.0	1.0	1.0	1.0	1.0
0.9691584994503895	0.45979509198915025	1.1071119785621593	1.0	1.0	1.0	1.0	1.0	1.0	1.0	1.0	0.0
0.8752719921045788	0.3584462952855998	0.8898445147135577	1.0	1.0	1.0	0.0	0.0	1.0	0.0	0.0	1.0
0.9450737245066827	0.5519153754042045	0.8476371840226876	1.0	1.0	1.0	1.0	1.0	1.0	1.0	1.0	1.0
0.936795539671671	0.4940534827525753	1.0499633148603251	1.0	1.0	1.0	1.0	1.0	1.0	1.0	1.0	1.0
0.9689613705553048	0.5547667505182318	0.9849139736908309	1.0	1.0	1.0	1.0	1.0	1.0	1.0	1.0	1.0
0.9485072840329309	0.551015902035854	1.0251161316889534	1.0	1.0	1.0	1.0	1.0	1.0	1.0	1.0	1.0
0.9638805840853607	0.5407632359772508	0.943510177742758	1.0	1.0	1.0	1.0	1.0	1.0	1.0	1.0	1.0
0.960597907550184	0.43506802167470365	0.8280500276195465	1.0	1.0	1.0	1.0	1.0	0.0	1.0	1.0	0.0
0.9306186864557968	0.4757164581991527	1.098031650993699	1.0	1.0	1.0	1.0	1.0	1.0	1.0	1.0	1.0
0.9645219079338845	0.5114356268442468	0.909363937307922	1.0	1.0	1.0	1.0	1.0	1.0	1.0	1.0	1.0
0.9219204378817428	0.4656313893636294	0.9953066474747608	1.0	1.0	1.0	1.0	1.0	1.0	1.0	1.0	1.0
0.9589619070961298	0.5491879197636305	1.0514916273643011	1.0	1.0	1.0	1.0	1.0	1.0	1.0	1.0	0.0
0.9498489585263018	0.5012829644372817	0.8457281067557948	1.0	1.0	1.0	1.0	1.0	1.0	1.0	1.0	0.0
0.9121350205942473	0.5086822907664067	0.9654952965726908	1.0	1.0	1.0	1.0	1.0	1.0	1.0	1.0	1.0
0.9492789671640002	0.48644460160429	1.0353597831509782	1.0	1.0	1.0	1.0	1.0	1.0	1.0	1.0	1.0
0.9187644124149853	0.46971373223878476	0.9256234090378977	1.0	1.0	1.0	1.0	1.0	1.0	1.0	1.0	1.0
0.9572375422367051	0.48762435465443693	0.9778283278091733	1.0	1.0	1.0	1.0	1.0	1.0	1.0	1.0	1.0
0.9601571741403097	0.5913584707073715	0.9628772777755775	1.0	1.0	1.0	1.0	1.0	1.0	1.0	1.0	1.0
0.9769608955677441	0.6000272668006972	0.9916808882399915	1.0	1.0	1.0	1.0	1.0	1.0	1.0	1.0	1.0
0.9534440135621127	0.39031938338785244	0.973675918364745	1.0	1.0	1.0	1.0	0.0	1.0	1.0	0.0	1.0
0.9491298481083245	0.6080527936830341	1.0908588905050263	1.0	1.0	1.0	1.0	1.0	1.0	1.0	1.0	1.0
0.926323211427097	0.49127420708171576	0.9862930672198574	1.0	1.0	1.0	1.0	1.0	1.0	1.0	1.0	1.0
0.9584326068566996	0.43470938756521416	0.90026295787819	1.0	1.0	1.0	1.0	1.0	1.0	1.0	1.0	1.0
0.9741559076438978	0.6125400030188041	0.835964570288647	1.0	1.0	1.0	1.0	1.0	1.0	1.0	1.0	1.0
0.9685412496908093	0.5301543225932621	1.075090669993868	1.0	1.0	1.0	1.0	1.0	1.0	1.0	1.0	1.0
0.9704217381989315	0.5595254222033071	0.9260013033722553	1.0	1.0	1.0	1.0	1.0	1.0	1.0	1.0	1.0
0.9663265802764598	0.46594803339165514	1.0132640730062936	1.0	1.0	1.0	1.0	1.0	1.0	1.0	1.0	1.0
0.9425725123138775	0.4745571678855306	0.8717722320618445	1.0	1.0	1.0	1.0	1.0	1.0	1.0	1.0	1.0
0.9565343549929081	0.4462313342335377	1.1271929744518316	1.0	1.0	1.0	1.0	1.0	1.0	1.0	1.0	0.0
0.9339626061198336	0.4700981928546872	1.2997190082952899	1.0	1.0	0.0	1.0	1.0	0.0	1.0	1.0	0.0
0.9555138058937576	0.5139688868162937	0.9658196265992255	1.0	1.0	1.0	1.0	1.0	1.0	1.0	1.0	1.0
0.9633210379507894	0.5250408616121747	0.9035594019391537	1.0	1.0	1.0	1.0	1.0	1.0	1.0	1.0	1.0
0.9162881248400034	0.4086931569693874	1.049355324143312	1.0	1.0	1.0	1.0	1.0	1.0	1.0	1.0	1.0
0.9325494934261638	0.4127417254489404	0.8527274790038528	1.0	1.0	1.0	1.0	1.0	1.0	1.0	1.0	1.0
0.9625278026067567	0.6555190017246999	0.8607080098563269	1.0	1.0	1.0	1.0	1.0	1.0	1.0	1.0	0.0
0.876018366226952	0.47315828848240077	1.0140698944974937	0.0	1.0	1.0	0.0	1.0	1.0	0.0	1.0	1.0
0.9055646404092024	0.46822401091442645	1.0372923245962784	1.0	1.0	1.0	1.0	1.0	1.0	0.0	1.0	1.0
0.9501276560017119	0.4776459632581303	1.1969670974283626	1.0	1.0	1.0	1.0	1.0	0.0	1.0	1.0	0.0
0.9598789621964307	0.4358099722028405	0.8548121158495352	1.0	1.0	1.0	1.0	1.0	1.0	1.0	1.0	1.0
0.9528355421490456	0.5079037561823713	0.9967236451225336	1.0	1.0	1.0	1.0	1.0	1.0	1.0	1.0	1.0
0.9616794468859242	0.5000540641374583	1.0109376251469886	0.0	0.0	0.0	0.0	0.0	0.0	0.0	0.0	0.0
0.9456433938420649	0.5022245423853258	1.0899311757421681	1.0	1.0	1.0	1.0	1.0	1.0	1.0	1.0	1.0
0.9843466644275628	0.6188555932443206	0.9754676223292789	0.0	1.0	1.0	0.0	1.0	1.0	0.0	1.0	1.0
0.9491296658237577	0.4303661475881322	0.9931394639887947	1.0	1.0	1.0	1.0	1.0	1.0	1.0	1.0	1.0
0.8905711718557375	0.4082538550987191	1.135714527522634	1.0	1.0	1.0	0.0	1.0	1.0	0.0	1.0	1.0
0.9582743311055666	0.49337451210165306	0.9831433910757014	1.0	1.0	1.0	1.0	1.0	1.0	1.0	1.0	1.0
0.9629989807143916	0.5522658422653518	1.132858801797831	1.0	1.0	1.0	1.0	1.0	1.0	1.0	1.0	1.0
0.9592940633273008	0.5234553128134162	1.0469815852870783	1.0	1.0	1.0	1.0	1.0	1.0	1.0	1.0	1.0
0.9465272372093885	0.5225716717548341	0.9513813603252594	1.0	1.0	1.0	1.0	1.0	1.0	1.0	1.0	1.0
0.962042240586767	0.47054073912719424	1.0063156837586542	1.0	1.0	1.0	1.0	1.0	1.0	1.0	1.0	1.0
0.9326551164781713	0.49439745151865017	1.019934912257454	1.0	1.0	1.0	1.0	1.0	1.0	1.0	1.0	1.0
0.9396460529793597	0.4731209413004569	0.9084315777448709	1.0	1.0	1.0	1.0	1.0	1.0	1.0	1.0	1.0
0.9748545933222115	0.5452347304213562	0.998166506250468	0.0	0.0	0.0	0.0	0.0	0.0	0.0	0.0	0.0
0.9645918277543987	0.5429089361185231	1.0106027717649488	1.0	1.0	1.0	1.0	1.0	1.0	1.0	1.0	1.0
0.9650630499680461	0.44604349611208743	1.053090836284391	1.0	1.0	1.0	1.0	1.0	1.0	0.0	1.0	1.0
0.9305008042365492	0.4120426542703448	1.0722246079905806	1.0	1.0	1.0	1.0	1.0	1.0	1.0	1.0	1.0
0.97282851688042	0.520889481525023	0.8826521037462298	0.0	1.0	1.0	0.0	1.0	1.0	0.0	1.0	1.0
0.9881550503083552	0.6551733406349873	0.8404389555202151	1.0	1.0	1.0	0.0	0.0	1.0	0.0	0.0	1.0
0.9521422771260902	0.5776183554953229	0.9915447790018345	1.0	1.0	1.0	1.0	1.0	1.0	1.0	1.0	1.0
0.9771574188771158	0.5409970320315229	0.9479818422808162	1.0	1.0	1.0	1.0	1.0	1.0	1.0	1.0	1.0
0.9733803701178271	0.6603854782124513	0.9277418948227976	1.0	1.0	1.0	1.0	1.0	0.0	1.0	1.0	0.0
0.94647187772958	0.6099036464350419	1.1775007076035	1.0	0.0	0.0	1.0	0.0	0.0	1.0	0.0	0.0
0.9276792443098473	0.41842645431895836	1.017321893702538	1.0	1.0	1.0	1.0	1.0	1.0	1.0	1.0	1.0
0.8971901360854879	0.3789395444596621	1.0858288675813876	1.0	1.0	1.0	1.0	1.0	1.0	0.0	1.0	1.0
0.8974049298514766	0.4177444493534934	1.049695589247353	1.0	1.0	1.0	1.0	1.0	1.0	1.0	1.0	1.0
0.9569200257261903	0.47999231661331726	0.9800511631576878	1.0	1.0	1.0	1.0	1.0	1.0	1.0	1.0	1.0
0.9387837732844294	0.49751824086150315	0.9576435609382269	1.0	1.0	1.0	1.0	1.0	1.0	1.0	1.0	1.0
0.8701829272952011	0.3532493733847205	1.0688455083379684	0.0	1.0	1.0	0.0	1.0	1.0	0.0	1.0	1.0
0.9061932571020277	0.5438606686059996	1.0085431745860647	1.0	1.0	1.0	1.0	1.0	1.0	1.0	1.0	1.0
0.9493565886331099	0.573119835085297	0.845353152134349	1.0	1.0	1.0	1.0	1.0	1.0	1.0	1.0	1.0
0.9699638072671797	0.6064616314894756	0.9636749963931468	1.0	1.0	1.0	1.0	0.0	1.0	0.0	0.0	1.0
0.9625436742207407	0.577311679827479	0.9161625476425024	1.0	1.0	1.0	1.0	1.0	1.0	1.0	1.0	1.0
0.9580853753828925	0.48639232385643155	0.867325548888642	1.0	1.0	1.0	1.0	1.0	1.0	1.0	1.0	1.0
0.9867662513854986	0.6441794375716988	0.7933731696773999	0.0	0.0	0.0	0.0	0.0	0.0	0.0	0.0	0.0
0.9631918759433209	0.5863163502172776	0.9398371946569095	1.0	1.0	1.0	1.0	1.0	1.0	1.0	1.0	1.0
0.9652757557975683	0.49446186125728636	1.2130787191009609	1.0	1.0	1.0	1.0	1.0	1.0	1.0	1.0	0.0
0.9504475135416818	0.3981664966931543	1.1037588047294589	1.0	1.0	1.0	1.0	1.0	1.0	1.0	1.0	0.0
0.9398222163490294	0.472747769684409	0.9577121221935788	1.0	1.0	1.0	1.0	1.0	1.0	1.0	1.0	1.0
0.9817095936387013	0.5847749946260397	0.9934644456904327	1.0	1.0	1.0	1.0	1.0	1.0	1.0	1.0	1.0
0.9429844175878183	0.4695424822695771	0.9389497620807098	1.0	1.0	1.0	1.0	1.0	1.0	1.0	1.0	1.0
0.9715526819323352	0.5043556690507045	0.9816769642526356	1.0	1.0	1.0	1.0	1.0	1.0	1.0	1.0	1.0
0.9217080738141883	0.5122139461308289	0.8724554682463659	1.0	1.0	1.0	0.0	1.0	1.0	0.0	1.0	0.0
0.9571652044267119	0.55447033331068	1.074180282370789	1.0	1.0	1.0	1.0	1.0	1.0	1.0	1.0	1.0
0.9356257013999831	0.4549769394734419	0.8412760765903363	1.0	1.0	1.0	1.0	1.0	1.0	1.0	1.0	1.0
0.9698266374078638	0.5920811702000527	1.1429677858138934	1.0	1.0	1.0	1.0	1.0	1.0	1.0	1.0	1.0
0.938494144748858	0.4518195910726173	1.1465790729423366	1.0	1.0	1.0	1.0	1.0	1.0	1.0	1.0	1.0
0.9726462764327853	0.6742017841312311	0.9749848940195928	1.0	0.0	1.0	1.0	0.0	1.0	1.0	0.0	1.0
0.902473284093178	0.5198053922550786	1.03525117397885	1.0	1.0	1.0	1.0	1.0	1.0	1.0	1.0	1.0
0.9724325603570972	0.5518313682126228	1.038849033620992	0.0	1.0	1.0	0.0	1.0	1.0	0.0	1.0	1.0
0.8958151892868315	0.43276824320243573	1.0003196507051308	1.0	1.0	1.0	0.0	1.0	1.0	0.0	1.0	1.0
0.9698681325325935	0.47381276880752576	1.096237191788654	1.0	1.0	1.0	1.0	1.0	1.0	1.0	1.0	1.0
0.9526093286555526	0.5595819459960498	0.840182651176734	1.0	1.0	1.0	1.0	1.0	0.0	1.0	1.0	0.0
0.9456327396442907	0.5046069048774029	1.0001550896700093	1.0	1.0	1.0	1.0	1.0	1.0	1.0	1.0	1.0
0.9507187499113091	0.3267811264052959	0.9709128006170599	1.0	1.0	1.0	1.0	0.0	1.0	1.0	0.0	1.0
0.9544986541929675	0.5956858623281513	1.0108524585240755	0.0	0.0	0.0	0.0	0.0	0.0	0.0	0.0	0.0
0.9674062364857211	0.5206268941023395	1.144295075168876	1.0	1.0	1.0	1.0	1.0	1.0	1.0	1.0	0.0
0.9264209812041765	0.36277219370539865	1.0815373323695194	1.0	1.0	1.0	1.0	1.0	1.0	1.0	0.0	1.0
0.9887384079852144	0.5929334984920502	0.8448559785913704	0.0	1.0	1.0	0.0	1.0	1.0	0.0	1.0	0.0
0.9705373232882897	0.7131517932266203	0.7932009650055065	1.0	0.0	1.0	1.0	0.0	0.0	1.0	0.0	0.0
0.9382422190670917	0.5590950629391651	1.0485530965473284	1.0	1.0	1.0	1.0	1.0	1.0	1.0	1.0	1.0
0.9267863130176971	0.5256376931167024	1.1524752725034833	1.0	1.0	1.0	1.0	1.0	1.0	0.0	1.0	1.0
0.9228492309321344	0.46185238132703027	1.247859688223396	1.0	1.0	0.0	1.0	1.0	0.0	0.0	1.0	0.0
0.9577262581973368	0.5605213475832169	0.9170452468896371	1.0	1.0	1.0	1.0	0.0	1.0	1.0	0.0	1.0
0.8984039014220616	0.5307809329188229	0.8868362604851465	1.0	1.0	1.0	1.0	1.0	1.0	0.0	1.0	1.0
0.9445480770664162	0.5240322918404704	1.0957849947619642	1.0	1.0	1.0	1.0	1.0	1.0	1.0	1.0	0.0
0.9171366324573655	0.4555791973417817	1.0823681905996239	1.0	1.0	1.0	1.0	1.0	1.0	1.0	1.0	1.0
0.9532578842317736	0.5074466111654206	1.1299845751262259	1.0	1.0	1.0	1.0	1.0	1.0	1.0	1.0	1.0
0.965855179086271	0.5217336263537641	0.8811998932999153	1.0	1.0	1.0	1.0	1.0	1.0	1.0	1.0	1.0
0.9437533254246464	0.5474861751159391	1.1895346007394827	1.0	1.0	1.0	1.0	1.0	0.0	1.0	1.0	0.0
0.9670783214532385	0.6400433944967864	0.9903544455429124	1.0	1.0	1.0	1.0	1.0	1.0	1.0	1.0	1.0
0.8484573766107215	0.15063088185522683	1.007486958596781	0.0	0.0	0.0	0.0	0.0	0.0	0.0	0.0	0.0
0.9765057933189593	0.6609736279672535	0.79250322776196	1.0	1.0	1.0	1.0	0.0	0.0	1.0	0.0	0.0
0.9615366454924541	0.664474504846407	1.0904080999733259	1.0	1.0	1.0	1.0	1.0	1.0	1.0	1.0	1.0
0.9036410121165938	0.35816551514222794	0.9880738032460759	1.0	1.0	1.0	1.0	0.0	1.0	0.0	0.0	1.0
0.9608432157886514	0.5359255214291688	1.029488990821245	1.0	1.0	1.0	1.0	1.0	1.0	1.0	1.0	1.0
0.9353149508976272	0.34860719634568793	0.8849693274116734	1.0	0.0	1.0	1.0	0.0	0.0	1.0	0.0	0.0
0.9006872753760908	0.49938340253381086	0.8608978066013727	1.0	1.0	1.0	0.0	1.0	1.0	0.0	1.0	0.0
0.9315105495108335	0.5471640899233795	1.0546746939391307	1.0	1.0	1.0	1.0	1.0	1.0	1.0	1.0	1.0
0.9262963811785574	0.5505086408766418	1.4818990875672304	1.0	1.0	0.0	1.0	1.0	0.0	1.0	1.0	0.0
0.9653668301202017	0.4354812225850188	1.0905459427311388	1.0	1.0	1.0	1.0	1.0	1.0	1.0	1.0	1.0
0.9423901250422296	0.47354024754561963	0.9235477777231884	1.0	1.0	1.0	1.0	1.0	1.0	1.0	1.0	1.0
0.9680097974245244	0.5160708200859628	1.048355969697108	1.0	1.0	1.0	1.0	1.0	1.0	1.0	1.0	1.0
0.9453913828681154	0.4943719087330832	1.1228265554921355	1.0	1.0	1.0	1.0	1.0	1.0	1.0	1.0	0.0
0.9680245998034193	0.505665987259728	1.1362067981514867	1.0	1.0	1.0	1.0	1.0	1.0	1.0	1.0	1.0
0.9854345794589209	0.6192609213733142	0.8600654422836764	0.0	1.0	1.0	0.0	1.0	1.0	0.0	0.0	0.0
0.9607325089819811	0.43617392412119665	1.0212786820688284	1.0	1.0	1.0	1.0	1.0	1.0	1.0	1.0	1.0
0.9566905600757849	0.5007814821131696	0.9243349281060028	1.0	1.0	1.0	1.0	1.0	1.0	1.0	1.0	1.0
0.9689729910675317	0.654494103783664	0.8596374820661855	1.0	1.0	1.0	1.0	1.0	1.0	1.0	1.0	1.0
0.9159401703671739	0.40105536510622003	0.9402967708718728	1.0	1.0	1.0	1.0	1.0	1.0	1.0	0.0	1.0
0.9312556646142771	0.5185431862932678	0.9194515105009481	1.0	1.0	1.0	1.0	1.0	1.0	1.0	1.0	1.0
0.9310078625028126	0.5697386353550443	1.0892911334865762	1.0	1.0	1.0	1.0	1.0	1.0	1.0	1.0	1.0
0.884477985025505	0.4205531884976449	0.9617443777058232	1.0	1.0	1.0	1.0	1.0	1.0	1.0	1.0	1.0
0.9725380745174235	0.5603889653311849	0.8781152571113083	1.0	1.0	1.0	1.0	1.0	1.0	1.0	1.0	1.0
0.9434635410828968	0.5424234954089099	0.9228446536677732	0.0	0.0	0.0	0.0	0.0	0.0	0.0	0.0	0.0
0.969770769327619	0.6359318302468009	0.9349990803686813	1.0	1.0	1.0	1.0	1.0	1.0	1.0	1.0	1.0
0.9458144967871673	0.3748672904400972	0.9683080396650044	1.0	1.0	1.0	1.0	0.0	1.0	1.0	0.0	1.0
0.9844784922594296	0.639844622957469	1.0140095294790865	0.0	0.0	1.0	0.0	0.0	1.0	0.0	0.0	1.0
0.9726555792400015	0.5534342163744986	0.8878326246325342	1.0	1.0	1.0	1.0	1.0	1.0	1.0	1.0	1.0
0.9438721373565997	0.4235612613392508	1.0169711776306747	1.0	1.0	1.0	1.0	1.0	1.0	1.0	1.0	1.0
0.9577648328728029	0.39621608097195654	0.9546811753858712	1.0	1.0	1.0	1.0	0.0	1.0	1.0	0.0	1.0
0.9572307818663505	0.618088643598652	1.0569674727639964	1.0	1.0	1.0	1.0	1.0	1.0	1.0	1.0	1.0
0.9692539093827386	0.625609162148098	1.0166235497983978	1.0	1.0	1.0	1.0	1.0	1.0	1.0	1.0	1.0
0.9410490883695105	0.501312013314518	1.022663494962492	1.0	1.0	1.0	1.0	1.0	1.0	1.0	1.0	1.0
0.9494340754243743	0.5518005315895804	1.0205310206712785	1.0	1.0	1.0	1.0	1.0	1.0	1.0	1.0	1.0
0.9663934395071146	0.5632397587438027	0.9165321531468054	1.0	1.0	1.0	1.0	1.0	1.0	1.0	1.0	1.0
0.9673819464216182	0.5107121967341838	0.964215693134516	1.0	1.0	1.0	1.0	1.0	1.0	1.0	1.0	1.0
0.9567212380053223	0.4177693636801939	0.9923571272026444	1.0	1.0	1.0	1.0	1.0	1.0	1.0	0.0	1.0
0.8708969122328293	0.30953691506528563	1.085666313886982	0.0	0.0	1.0	0.0	0.0	1.0	0.0	0.0	1.0
0.9177932721956945	0.45404693259406415	1.059206845053551	1.0	1.0	1.0	1.0	1.0	1.0	1.0	1.0	1.0
0.9099470958881953	0.44530077057163997	1.2073252353387192	1.0	1.0	1.0	1.0	1.0	1.0	1.0	1.0	0.0
0.9561068217183636	0.5789908844852437	0.8482181651259804	1.0	1.0	1.0	1.0	1.0	1.0	1.0	1.0	0.0
0.9422257522079124	0.45863903788481347	0.9759923400808248	1.0	1.0	1.0	1.0	1.0	1.0	1.0	1.0	1.0
0.9410296489847709	0.5773395953645335	1.0125820715316562	1.0	1.0	1.0	1.0	1.0	1.0	1.0	1.0	1.0
0.9624922587679253	0.5553676018600662	0.9455480919621528	1.0	1.0	1.0	1.0	1.0	1.0	1.0	1.0	1.0
0.9857875470159583	0.6169367974682841	1.0285053203126975	1.0	1.0	1.0	1.0	1.0	1.0	1.0	1.0	1.0
0.9868554043508411	0.6151438535215944	1.0429012068629728	0.0	0.0	0.0	0.0	0.0	0.0	0.0	0.0	0.0
0.9549662340881947	0.6139281652534491	0.9406706071760021	1.0	1.0	1.0	1.0	1.0	1.0	1.0	1.0	1.0
0.9655741785957181	0.6080242442444546	1.0962777335024314	0.0	0.0	0.0	0.0	0.0	0.0	0.0	0.0	0.0
0.9532616925713551	0.5241791288239677	1.1188418249531271	1.0	1.0	1.0	1.0	1.0	1.0	1.0	1.0	1.0
0.9650360540941336	0.5323828124774174	0.9907701267849803	1.0	1.0	1.0	1.0	1.0	1.0	1.0	1.0	1.0
0.9553792485093857	0.5645383621928607	0.9584422239167701	1.0	1.0	1.0	1.0	1.0	1.0	1.0	1.0	1.0
0.9831676369108192	0.6608010851502198	0.9699603937335295	1.0	1.0	1.0	0.0	1.0	1.0	0.0	0.0	1.0
0.9543381809072905	0.6551553560274519	1.0030358281191374	1.0	1.0	1.0	1.0	1.0	1.0	1.0	0.0	1.0
0.9310047695724512	0.42440446542851096	1.0578686650253075	1.0	1.0	1.0	1.0	1.0	1.0	1.0	0.0	1.0
0.9202158482403187	0.40553180898239954	1.0689198067645325	0.0	0.0	1.0	0.0	0.0	1.0	0.0	0.0	0.0
0.938885943501826	0.5335283984882894	0.9603860194438628	1.0	1.0	1.0	1.0	1.0	1.0	1.0	1.0	1.0
0.911585723543601	0.38702601873634945	0.9579658819916901	1.0	1.0	1.0	1.0	1.0	1.0	1.0	1.0	1.0
0.9658265204443566	0.5256084803076988	0.9921324672145061	1.0	1.0	1.0	1.0	1.0	1.0	1.0	1.0	1.0
0.9298663804931631	0.5222051179580227	1.1578504812567845	1.0	1.0	1.0	1.0	1.0	1.0	1.0	1.0	1.0
0.9655144334326042	0.5828525238762123	0.9828990496514727	1.0	1.0	1.0	1.0	1.0	1.0	1.0	1.0	1.0
0.9511484572471592	0.569126187184566	0.918103500798444	1.0	1.0	1.0	1.0	1.0	1.0	1.0	1.0	1.0
0.9594895296938225	0.5854867426461484	1.055152133798089	1.0	1.0	1.0	1.0	1.0	1.0	1.0	1.0	1.0
0.962907427480298	0.4985005364451351	0.9282554329715937	1.0	1.0	1.0	1.0	1.0	1.0	1.0	1.0	1.0
0.9331349710474258	0.5059548496040206	1.2283265344240026	1.0	1.0	0.0	1.0	1.0	0.0	0.0	1.0	0.0
0.9652913987814289	0.49952253958291776	0.9375161937247941	1.0	1.0	1.0	1.0	1.0	1.0	1.0	1.0	1.0
0.9499791893985162	0.5389609025556807	1.018252854754445	1.0	1.0	1.0	1.0	1.0	1.0	1.0	1.0	1.0
0.9737639911501409	0.4730909303055417	0.8907356689841841	1.0	1.0	1.0	1.0	1.0	1.0	1.0	1.0	1.0
0.9401091387664975	0.5528336249073533	1.0322986592024348	1.0	1.0	1.0	1.0	1.0	1.0	1.0	1.0	1.0
0.9382164714851193	0.40500824302430605	0.9833763686010539	1.0	0.0	1.0	1.0	0.0	1.0	0.0	0.0	1.0
0.8647440543911287	0.382255601764961	1.2374286306918667	1.0	1.0	0.0	0.0	1.0	0.0	0.0	1.0	0.0
0.9192742013221867	0.4255321583321168	1.0239860861970904	1.0	1.0	1.0	1.0	1.0	1.0	1.0	1.0	1.0
0.8588029751122913	0.43236296875499103	1.0490588035110067	0.0	1.0	1.0	0.0	1.0	1.0	0.0	1.0	1.0
0.9417695770427533	0.49330162781011483	1.0866278883999796	1.0	1.0	1.0	1.0	1.0	1.0	1.0	1.0	1.0
0.9726886894116897	0.5632014445901985	1.1027513266758537	1.0	1.0	1.0	1.0	1.0	1.0	1.0	1.0	1.0
0.9643975096284801	0.5594643711812561	1.0417637623578089	1.0	1.0	1.0	1.0	1.0	1.0	1.0	1.0	1.0
0.9562710436797393	0.6018735644468012	1.0602292401989464	1.0	1.0	1.0	1.0	1.0	1.0	1.0	1.0	1.0
0.9385249662040661	0.3617415399559064	1.0388371985667386	1.0	0.0	1.0	1.0	0.0	1.0	1.0	0.0	1.0
0.9426080484619551	0.3845238953618726	1.0577640724849755	1.0	1.0	1.0	1.0	1.0	1.0	1.0	1.0	1.0
0.9629449326041669	0.5471831419081714	1.1112852132620474	1.0	1.0	1.0	1.0	1.0	1.0	1.0	1.0	0.0
0.945328782504353	0.44006426989540437	0.9568737117589717	1.0	1.0	1.0	1.0	1.0	1.0	1.0	1.0	1.0
0.9692757870651896	0.5342802713388999	0.9622247134539345	1.0	1.0	1.0	1.0	1.0	1.0	1.0	1.0	1.0
0.9691747135434707	0.4780580606405715	0.9578119240653812	1.0	1.0	1.0	1.0	1.0	1.0	1.0	1.0	1.0
0.9457047586025698	0.5339502538804833	0.9908359196524176	1.0	1.0	1.0	1.0	1.0	1.0	1.0	1.0	1.0
0.9383444657737379	0.5657387579677146	1.0544472236419948	1.0	1.0	1.0	1.0	1.0	1.0	1.0	1.0	1.0
0.9033911762294464	0.49771050766343944	0.8638466052501211	1.0	1.0	1.0	1.0	1.0	1.0	1.0	1.0	0.0
0.9462373928784731	0.4856712875025869	1.0861272333940954	1.0	1.0	1.0	1.0	1.0	1.0	1.0	1.0	1.0
0.8895541829422502	0.43341686273168634	1.1489368441398469	1.0	1.0	1.0	0.0	1.0	1.0	0.0	1.0	0.0
0.9417044620614092	0.5491074715062311	1.1879310218411308	1.0	1.0	1.0	1.0	1.0	1.0	1.0	1.0	1.0
0.9299138376694847	0.48890093963708103	1.025056946710929	1.0	1.0	1.0	0.0	1.0	1.0	0.0	1.0	1.0
0.9477702527171081	0.5053814821686602	1.2050380090969184	1.0	1.0	1.0	1.0	1.0	0.0	1.0	1.0	0.0
0.9791895827113148	0.45041413872519953	0.9676271151392813	1.0	1.0	1.0	1.0	1.0	1.0	0.0	1.0	1.0
0.948307398156434	0.4929501774637989	1.1743448195765875	1.0	1.0	1.0	1.0	1.0	0.0	1.0	1.0	0.0
0.9468654338151794	0.5040953724164963	0.9145302291034118	1.0	1.0	1.0	1.0	1.0	1.0	1.0	1.0	1.0
0.9146638321940997	0.3376076181613394	0.9859219594857572	1.0	1.0	1.0	1.0	0.0	1.0	1.0	0.0	1.0
0.9234588138914898	0.5212211476078534	1.026787389353577	1.0	1.0	1.0	1.0	1.0	1.0	1.0	1.0	1.0
0.9147553865623183	0.41593449161354334	1.088615258997342	1.0	1.0	1.0	1.0	1.0	1.0	0.0	1.0	1.0
0.9654717131983469	0.5263740770154369	1.2202484341335895	1.0	1.0	0.0	1.0	1.0	0.0	1.0	1.0	0.0
0.99	0.7776615332375725	0.9224600608655624	0.0	0.0	1.0	0.0	0.0	1.0	0.0	0.0	1.0
0.9465312117346186	0.4771657635604676	0.9467152349662243	1.0	1.0	1.0	1.0	1.0	1.0	1.0	1.0	1.0
0.936759910971983	0.5107085700156861	0.8733893352282944	1.0	1.0	1.0	1.0	1.0	1.0	1.0	1.0	0.0
0.9683010313127296	0.5360335091045462	1.0949421970213584	1.0	1.0	1.0	1.0	1.0	1.0	1.0	1.0	1.0
0.9591054404465972	0.4039261426869764	0.8234284445538017	1.0	1.0	1.0	1.0	1.0	1.0	1.0	0.0	0.0
0.9411379712515904	0.41577375380566894	0.9824626537818346	1.0	1.0	1.0	1.0	1.0	1.0	1.0	0.0	1.0
0.9385155229409637	0.4113813345939474	0.9019560568536019	1.0	1.0	1.0	1.0	1.0	1.0	1.0	1.0	1.0
0.9869266087912144	0.7169569549245127	0.97262782976495	1.0	1.0	1.0	0.0	0.0	1.0	0.0	0.0	1.0
0.938423059472081	0.47140119748217546	0.973888657816068	1.0	1.0	1.0	1.0	1.0	1.0	1.0	1.0	1.0
0.9570836714913875	0.513186869014453	0.9342947440137463	1.0	1.0	1.0	1.0	1.0	1.0	1.0	1.0	1.0
0.9506485490472923	0.4640240401164101	0.9252615952576204	1.0	1.0	1.0	1.0	1.0	1.0	1.0	1.0	1.0
0.9321762220771156	0.4463386236392869	1.0570857370125455	1.0	1.0	1.0	1.0	1.0	1.0	1.0	1.0	1.0
0.9328336760344539	0.43250138992131854	1.0746372657177785	1.0	1.0	1.0	1.0	1.0	1.0	1.0	1.0	1.0
0.9250587872324958	0.3450689712594692	1.061412618353601	0.0	0.0	1.0	0.0	0.0	1.0	0.0	0.0	1.0
0.969862870548652	0.5161681986553108	0.9650318080087322	1.0	1.0	1.0	1.0	1.0	1.0	1.0	1.0	1.0
0.9505975843154865	0.5803295668506024	0.9368266984727378	1.0	1.0	1.0	1.0	1.0	1.0	1.0	1.0	1.0
0.9561975475614277	0.5183654946605072	0.9296937519881873	1.0	1.0	1.0	1.0	1.0	1.0	1.0	1.0	1.0
0.9569191995851051	0.5723827318083505	1.0155082188476887	1.0	1.0	1.0	1.0	1.0	1.0	1.0	1.0	1.0
0.978203785590162	0.602558817058224	0.8208173820698684	0.0	1.0	1.0	0.0	0.0	1.0	0.0	0.0	0.0
0.9443005567759807	0.5046792085862786	0.9162143371325531	1.0	1.0	1.0	1.0	1.0	1.0	1.0	1.0	1.0
0.9615722345446119	0.5759960324380659	1.1045517641008629	1.0	1.0	1.0	1.0	1.0	1.0	1.0	1.0	1.0
