0.9478621211498535	0.5201423616557939	1.095118925635426	1.0	1.0	1.0	1.0	1.0	1.0	1.0	1.0	1.0
0.9027088752537414	0.4949333860609044	1.1368585993369411	1.0	1.0	1.0	0.0	1.0	1.0	0.0	1.0	1.0
0.9408967678051694	0.5092415660555322	0.9930848663447581	1.0	1.0	1.0	1.0	1.0	1.0	1.0	1.0	1.0
0.9374666255624957	0.3595487027401264	0.9323996938624476	1.0	0.0	1.0	0.0	0.0	1.0	0.0	0.0	1.0
0.9109511462767786	0.585825711530998	1.1060361845132487	1.0	1.0	1.0	1.0	0.0	1.0	1.0	0.0	1.0
0.8945618480038937	0.5065404601515203	1.1745217227526947	1.0	1.0	1.0	0.0	1.0	0.0	0.0	1.0	0.0
0.9284397625838057	0.42914047472720507	1.017176850716134	1.0	1.0	1.0	0.0	0.0	1.0	0.0	0.0	1.0
0.9643233962575312	0.5008941318890414	0.9501482032539058	1.0	1.0	1.0	1.0	1.0	1.0	0.0	1.0	1.0
0.9366648575794768	0.5095116125471668	1.1582282606762373	1.0	1.0	1.0	1.0	1.0	0.0	1.0	1.0	0.0
0.937986541318169	0.3251371140951627	1.1336715624277482	1.0	0.0	1.0	1.0	0.0	1.0	1.0	0.0	1.0
0.8644959760648271	0.28262072334815275	1.0352347801953006	1.0	1.0	1.0	0.0	0.0	1.0	0.0	0.0	1.0
0.9205656865605777	0.32369418786695847	0.9785730512291823	1.0	0.0	1.0	0.0	0.0	1.0	0.0	0.0	1.0
0.971880162688871	0.5633306347618773	0.9641200568066748	1.0	1.0	1.0	0.0	1.0	1.0	0.0	0.0	1.0
0.888969973452837	0.47752046199295056	1.0838653552853545	0.0	1.0	1.0	0.0	1.0	1.0	0.0	1.0	1.0
0.9588358350475721	0.4528168174487522	1.0921270594704429	1.0	1.0	1.0	1.0	1.0	0.0	1.0	1.0	0.0
0.9550928488414255	0.42448387341307725	1.11969336041383	1.0	1.0	1.0	1.0	1.0	1.0	1.0	1.0	1.0
0.867409104024823	0.41273415852272405	1.0583552438771748	1.0	1.0	1.0	0.0	1.0	1.0	0.0	1.0	1.0
0.9685479592834452	0.47293304583016527	0.8994658538103696	0.0	1.0	1.0	0.0	1.0	1.0	0.0	1.0	1.0
0.9584937670813062	0.3301172210439717	1.045217071542407	1.0	0.0	1.0	1.0	0.0	1.0	1.0	0.0	1.0
0.9100834531437634	0.4032749365657243	1.0948086074346575	0.0	1.0	1.0	0.0	0.0	1.0	0.0	0.0	0.0
0.9070246274577072	0.4687399325679319	0.9112470603191514	1.0	1.0	1.0	1.0	1.0	1.0	1.0	1.0	1.0
0.9120328024516935	0.4462220414087685	1.004096855300032	1.0	1.0	1.0	1.0	1.0	1.0	1.0	1.0	1.0
0.9484622281310582	0.512764269442428	1.018899827767444	1.0	1.0	1.0	1.0	1.0	1.0	1.0	1.0	1.0
0.9222972716307928	0.45848583420975497	0.85574869649742	1.0	1.0	1.0	1.0	1.0	1.0	1.0	1.0	1.0
0.9454682340292687	0.489592296494791	1.0294938386794437	1.0	1.0	1.0	1.0	1.0	1.0	1.0	1.0	1.0
0.8815640613215814	0.43436121288358076	0.9610252154022694	0.0	1.0	1.0	0.0	1.0	1.0	0.0	1.0	1.0
0.960957216381324	0.5396818605731201	0.8843345589051639	1.0	1.0	1.0	1.0	1.0	1.0	1.0	1.0	0.0
0.9468996427825437	0.5200428502216607	0.9615106569836558	1.0	1.0	1.0	1.0	1.0	1.0	1.0	1.0	1.0
0.9217541364797991	0.4145943484144765	0.8814394906350085	1.0	1.0	1.0	1.0	1.0	1.0	1.0	1.0	1.0
0.9222879174617327	0.38346999046607877	0.934702563278499	1.0	1.0	1.0	1.0	1.0	1.0	1.0	0.0	1.0
0.9305131880549494	0.3902381325514813	0.9179131686476812	1.0	1.0	1.0	1.0	0.0	1.0	1.0	0.0	1.0
0.9382962773917563	0.34680299054135216	0.9275911471758126	1.0	1.0	1.0	1.0	1.0	1.0	1.0	0.0	1.0
0.9130533577645318	0.3487757871774562	0.9717548420502787	1.0	1.0	1.0	1.0	0.0	1.0	1.0	0.0	1.0
0.9705877187651971	0.43023974746370325	1.088343259106017	1.0	1.0	1.0	1.0	1.0	1.0	1.0	1.0	1.0
0.9669142954354473	0.503295106595619	1.100577550405857	1.0	1.0	1.0	1.0	1.0	1.0	1.0	1.0	1.0
0.8370282682476727	0.42167083338247313	1.007478881308383	0.0	1.0	1.0	0.0	1.0	1.0	0.0	1.0	1.0
0.9565964792318474	0.4567869798500956	0.955090696395477	1.0	1.0	1.0	1.0	1.0	1.0	1.0	1.0	1.0
0.9342044739524047	0.46057396309217546	1.0801359594705053	1.0	1.0	1.0	1.0	1.0	1.0	1.0	1.0	1.0
0.9396916893218837	0.48538268883058616	1.0637583423740513	1.0	1.0	1.0	1.0	1.0	1.0	1.0	1.0	1.0
0.9299163830037729	0.34934255293760946	0.9581412113764839	1.0	1.0	1.0	1.0	0.0	1.0	1.0	0.0	1.0
0.9230047218232721	0.48078852899933294	0.9355843067598667	1.0	1.0	1.0	1.0	1.0	1.0	1.0	1.0	1.0
0.9382362505427471	0.4515968360779519	0.9215957399491749	1.0	1.0	1.0	1.0	1.0	1.0	1.0	1.0	1.0
0.939924669957729	0.29351287458040687	0.8885846654645663	1.0	1.0	1.0	1.0	0.0	1.0	1.0	0.0	1.0
0.9546976057495609	0.4916942949619522	0.9313913296626531	1.0	1.0	1.0	1.0	1.0	1.0	1.0	1.0	1.0
0.910876820835534	0.44109967607506445	0.8724917984268672	1.0	1.0	1.0	1.0	1.0	1.0	1.0	1.0	1.0
0.9202265094458657	0.4249253302544985	1.0328844822688747	1.0	1.0	1.0	1.0	1.0	1.0	0.0	1.0	1.0
0.9484227936007665	0.416407354368236	1.0250618780262164	1.0	1.0	1.0	1.0	1.0	1.0	1.0	1.0	1.0
0.8929947249136808	0.40256818758999013	1.1309101478992922	0.0	0.0	1.0	0.0	0.0	1.0	0.0	0.0	1.0
0.8884088042621772	0.42645792362836754	1.0510268228227848	0.0	1.0	1.0	0.0	1.0	1.0	0.0	0.0	1.0
0.8759827562090116	0.42405616809841884	1.0487758343436264	1.0	1.0	1.0	0.0	1.0	1.0	0.0	1.0	1.0
0.8923561659324568	0.44470094137237115	0.8247493716017362	1.0	1.0	1.0	0.0	1.0	1.0	0.0	0.0	1.0
0.9416410262787506	0.32025500686375685	0.8855787863498337	1.0	1.0	1.0	1.0	0.0	1.0	1.0	0.0	1.0
0.9451545209099005	0.503659275762096	0.9064337294653265	1.0	1.0	1.0	1.0	1.0	1.0	1.0	1.0	1.0
0.9264317726646294	0.47709378030245375	0.9137324726347199	1.0	1.0	1.0	1.0	1.0	1.0	1.0	1.0	1.0
0.9280059574850866	0.5647222348856672	0.8881732736969534	1.0	1.0	1.0	1.0	1.0	1.0	1.0	1.0	1.0
0.967546134023844	0.3600972341038054	1.0294787378275085	1.0	1.0	1.0	1.0	0.0	1.0	1.0	0.0	1.0
0.8242844526623707	0.39915144159816607	0.9655115811725692	0.0	1.0	1.0	0.0	1.0	1.0	0.0	1.0	1.0
0.9605731601864004	0.41172920940574553	0.9940416854596335	1.0	1.0	1.0	1.0	1.0	1.0	1.0	1.0	1.0
0.9331418406558656	0.41710321835235536	0.8956802377311741	1.0	1.0	1.0	1.0	1.0	1.0	1.0	1.0	1.0
0.9100266765986318	0.3573630528958433	0.9634759579202448	1.0	1.0	1.0	1.0	1.0	1.0	1.0	0.0	1.0
0.9269888940608301	0.4478001726707724	1.0401322711073802	1.0	1.0	1.0	1.0	1.0	1.0	1.0	1.0	1.0
0.9200342372981438	0.4340713361508547	1.1894146553068665	1.0	1.0	1.0	0.0	1.0	0.0	0.0	1.0	0.0
0.9187806846869121	0.4547722954269439	1.0660076742001365	1.0	1.0	1.0	1.0	1.0	1.0	1.0	1.0	0.0
0.9749523104332432	0.5179655013714985	0.9782353841856549	0.0	1.0	1.0	0.0	1.0	1.0	0.0	1.0	1.0
0.9151768135029469	0.3570109825055979	1.0777009191822235	0.0	0.0	0.0	0.0	0.0	0.0	0.0	0.0	0.0
0.9628028497782462	0.49287917457975455	0.8975349407474957	0.0	0.0	0.0	0.0	0.0	0.0	0.0	0.0	0.0
0.9558444310724036	0.48020027305207985	0.9496676412778335	1.0	1.0	1.0	1.0	1.0	1.0	1.0	1.0	1.0
0.9697545716792956	0.4946845987531799	1.14936304900903	1.0	1.0	1.0	1.0	1.0	1.0	1.0	1.0	1.0
0.9106504417166681	0.3950676055916471	0.928270942075072	1.0	1.0	1.0	1.0	1.0	1.0	0.0	1.0	1.0
0.9771882197692849	0.4919129359401458	1.0029605765222365	1.0	1.0	1.0	0.0	1.0	1.0	0.0	1.0	1.0
0.9207554028805824	0.4446896179735309	0.9831208316165378	1.0	1.0	1.0	1.0	1.0	1.0	1.0	1.0	1.0
0.9426001488056504	0.40284089219850916	1.0524834133905696	1.0	1.0	1.0	1.0	1.0	1.0	1.0	0.0	1.0
0.9683825555515475	0.4547644002780478	1.3126302337353144	1.0	1.0	1.0	1.0	1.0	0.0	1.0	1.0	0.0
0.9082235425591789	0.4436882094820117	0.9704023891891452	1.0	1.0	1.0	1.0	1.0	1.0	1.0	1.0	1.0
0.9591715251605493	0.47656313731178607	0.9190028325434683	1.0	1.0	1.0	1.0	1.0	1.0	1.0	1.0	1.0
0.8958312678267568	0.3519961472201718	1.0728376566193785	1.0	1.0	1.0	1.0	1.0	1.0	0.0	1.0	1.0
0.9555714748122663	0.4851670853029764	0.7914863152819847	1.0	1.0	1.0	1.0	1.0	0.0	1.0	1.0	0.0
0.9363589396946326	0.5014698123319142	1.0735620680653837	1.0	1.0	1.0	1.0	1.0	1.0	1.0	1.0	1.0
0.8740278441682198	0.34838605616832824	0.8436875874952252	0.0	1.0	1.0	0.0	0.0	1.0	0.0	0.0	1.0
0.8863450313514641	0.3535375232615307	0.9296489180555135	1.0	1.0	1.0	0.0	1.0	1.0	0.0	0.0	1.0
0.857452703973291	0.21282718160708633	0.8898671785001838	0.0	0.0	1.0	0.0	0.0	1.0	0.0	0.0	1.0
0.9584034182356644	0.421229560417628	0.9858154706838915	1.0	1.0	1.0	1.0	1.0	1.0	1.0	0.0	1.0
0.897856772431051	0.405649668306961	0.950466688886981	1.0	1.0	1.0	1.0	1.0	1.0	0.0	0.0	1.0
0.9301666118756641	0.31419367909207996	0.9864691625810325	1.0	0.0	1.0	1.0	0.0	1.0	1.0	0.0	1.0
0.9537241561536431	0.4729562818638469	0.9848700865284564	1.0	1.0	1.0	1.0	1.0	1.0	1.0	1.0	1.0
0.9113475102616566	0.4115140955243837	0.9305442025634292	1.0	1.0	1.0	0.0	1.0	1.0	0.0	1.0	1.0
0.9433660850888576	0.4832569933699919	0.8787724356250531	1.0	1.0	1.0	1.0	1.0	1.0	1.0	1.0	1.0
0.9416045128168351	0.4996422930240121	0.843223564656443	1.0	1.0	1.0	1.0	1.0	1.0	1.0	1.0	1.0
0.9664209595731027	0.447914201379958	1.148099207651166	1.0	1.0	0.0	1.0	1.0	0.0	1.0	1.0	0.0
0.9117772730132014	0.4654070282474583	1.0626473428266354	1.0	1.0	1.0	1.0	1.0	1.0	1.0	1.0	1.0
0.9074978229819879	0.53595825954577	0.8942084015947549	1.0	1.0	1.0	1.0	1.0	0.0	0.0	1.0	0.0
0.9489618560914724	0.3916854406100316	1.0794689284006274	1.0	1.0	1.0	1.0	0.0	1.0	1.0	0.0	1.0
0.9743880579578773	0.524479399004162	0.912839795315515	1.0	1.0	1.0	1.0	1.0	1.0	0.0	1.0	1.0
0.92734095930793	0.4476016289391451	0.9221637061287429	1.0	1.0	1.0	1.0	1.0	1.0	1.0	1.0	1.0
0.9662567002181116	0.4598282318036998	1.0606526630535429	1.0	1.0	1.0	1.0	1.0	1.0	1.0	1.0	1.0
0.9050477089244043	0.3944640629568207	0.9725428722111786	1.0	1.0	1.0	1.0	1.0	1.0	1.0	0.0	1.0
0.9500237080148689	0.4186658965890304	1.0217668125593993	1.0	1.0	1.0	1.0	1.0	1.0	1.0	1.0	1.0
0.8811896869437753	0.4651121322678669	0.8716134187830186	0.0	1.0	1.0	0.0	1.0	1.0	0.0	1.0	1.0
0.9369143994800372	0.5493460078091927	1.1021329418070456	0.0	0.0	0.0	0.0	0.0	0.0	0.0	0.0	0.0
0.9622186983234157	0.530245650331077	0.9518771658133831	1.0	1.0	1.0	1.0	1.0	1.0	1.0	1.0	1.0
0.9297387734797131	0.4382531261604592	1.0211641361118915	1.0	1.0	1.0	1.0	1.0	1.0	1.0	1.0	1.0
0.8794605161317518	0.2991801023193246	0.9467373153579944	1.0	1.0	1.0	0.0	0.0	1.0	0.0	0.0	1.0
0.8835740520547934	0.37801288979988873	0.9787050301185212	1.0	1.0	1.0	1.0	1.0	1.0	0.0	1.0	1.0
0.9355226884817485	0.44728916596821383	0.9212143323323626	1.0	1.0	1.0	1.0	1.0	1.0	1.0	1.0	1.0
0.9282402687481955	0.32391227673465794	1.0161444819754613	1.0	0.0	1.0	1.0	0.0	1.0	0.0	0.0	1.0
0.9550977628185928	0.4901771535580712	0.8524017924582794	1.0	1.0	1.0	1.0	1.0	1.0	1.0	1.0	1.0
0.934485885772286	0.28006551047774964	0.9557547703626424	1.0	0.0	1.0	1.0	0.0	1.0	1.0	0.0	1.0
0.9173135198522445	0.5320223491668024	0.9304426739954001	1.0	1.0	1.0	1.0	1.0	1.0	0.0	1.0	1.0
0.9107114774474722	0.42964335474581367	0.9864398966332248	1.0	1.0	1.0	0.0	1.0	1.0	0.0	0.0	1.0
0.931231813424259	0.4673805344967361	1.0027457231901795	1.0	1.0	1.0	1.0	1.0	1.0	1.0	1.0	1.0
0.921312606876778	0.4170985753600763	1.0315993812193247	1.0	1.0	1.0	1.0	1.0	1.0	1.0	1.0	1.0
0.9169028714692545	0.5284537947235493	0.8805615413920986	1.0	1.0	1.0	1.0	1.0	1.0	1.0	1.0	1.0
0.9387605494390265	0.5759062360224777	1.1329659559443723	1.0	1.0	1.0	1.0	1.0	1.0	1.0	1.0	1.0
0.9260996020697589	0.4082146577755414	0.970036602028594	1.0	1.0	1.0	1.0	1.0	1.0	1.0	1.0	1.0
0.9304274069516811	0.47543933138652783	0.9725815030663365	1.0	1.0	1.0	0.0	1.0	1.0	0.0	1.0	1.0
0.8442069107486054	0.381477333867219	0.930372091085958	0.0	1.0	1.0	0.0	1.0	1.0	0.0	1.0	1.0
0.9510951475671824	0.444876109795874	0.8781199744901393	1.0	1.0	1.0	1.0	1.0	1.0	1.0	1.0	1.0
0.9120164777783276	0.40573266924906	0.9926190039333906	1.0	1.0	1.0	1.0	1.0	1.0	0.0	0.0	1.0
0.9752748695729274	0.5788128520061421	1.0784933297888122	1.0	1.0	1.0	1.0	1.0	1.0	1.0	1.0	1.0
0.935679504426941	0.43899248345367925	0.9969974914083732	1.0	1.0	1.0	1.0	1.0	1.0	1.0	1.0	1.0
0.9495479131791913	0.5328440601125262	1.0518787054100223	1.0	1.0	1.0	1.0	1.0	1.0	1.0	1.0	1.0
0.8611797956948009	0.33436300619531667	0.9673350571100888	0.0	1.0	1.0	0.0	0.0	1.0	0.0	0.0	1.0
0.827650627544724	0.3371418366045236	0.9690979545704218	0.0	1.0	1.0	0.0	0.0	1.0	0.0	0.0	1.0
0.9263960050696635	0.42934648361303684	0.9682664888836426	1.0	1.0	1.0	1.0	1.0	1.0	1.0	1.0	1.0
0.9483589972393859	0.6212476285978762	1.0813748126110003	1.0	1.0	1.0	1.0	1.0	1.0	1.0	0.0	1.0
0.927858344617777	0.42126254162597837	1.079582643181889	1.0	1.0	1.0	1.0	1.0	1.0	1.0	1.0	1.0
0.9695743978032018	0.48180825920015835	0.8862103288341292	1.0	1.0	1.0	1.0	1.0	1.0	1.0	1.0	1.0
0.9696404426909444	0.4926325100039257	0.9577898715366053	1.0	1.0	1.0	1.0	1.0	1.0	1.0	1.0	1.0
0.8331959503996712	0.3963562256415885	0.9598781261967639	0.0	1.0	1.0	0.0	1.0	1.0	0.0	1.0	1.0
0.9066024053654269	0.4757876044314597	0.924623803269719	1.0	1.0	1.0	0.0	1.0	1.0	0.0	1.0	1.0
0.9236366212799858	0.43313941169840703	0.9671493675082469	1.0	1.0	1.0	1.0	1.0	1.0	1.0	1.0	1.0
0.9264251487435998	0.43299095907396123	0.9487163462979264	1.0	1.0	1.0	0.0	1.0	1.0	0.0	0.0	1.0
0.9698248568800388	0.4876117062619379	0.9410102028599645	0.0	0.0	0.0	0.0	0.0	0.0	0.0	0.0	0.0
0.9179998749311138	0.37147120190151744	1.0409599393475555	1.0	1.0	1.0	1.0	0.0	1.0	1.0	0.0	1.0
0.8986732153215163	0.4882506910443715	0.9286233264602798	1.0	1.0	1.0	1.0	1.0	1.0	0.0	1.0	1.0
0.912473503777121	0.330704871332596	0.8597245461273676	0.0	0.0	1.0	0.0	0.0	1.0	0.0	0.0	0.0
0.949729868512545	0.38332799454372884	0.9614017303512081	1.0	1.0	1.0	1.0	0.0	1.0	1.0	0.0	1.0
0.9381200894591556	0.28390943650434725	0.9025919406181779	1.0	0.0	1.0	1.0	0.0	1.0	1.0	0.0	1.0
0.9725087574863344	0.4897884286886369	1.0903152804325653	0.0	1.0	1.0	0.0	1.0	1.0	0.0	1.0	1.0
0.9586334467036307	0.43897916062665054	1.063237022997369	1.0	1.0	1.0	1.0	1.0	1.0	1.0	1.0	1.0
0.9697704598760666	0.5099526196112166	1.0384020273418948	1.0	1.0	1.0	1.0	1.0	1.0	1.0	1.0	1.0
0.9576396860851552	0.5032223757762118	0.9714576347120311	1.0	1.0	1.0	1.0	1.0	1.0	1.0	1.0	1.0
0.9206487133728755	0.43845162635450047	0.9232979273694301	1.0	1.0	1.0	1.0	1.0	1.0	1.0	1.0	1.0
0.9364405509106566	0.42574561748001083	0.9664524453962753	1.0	1.0	1.0	1.0	1.0	1.0	1.0	1.0	1.0
0.8489917958977828	0.49318890123503173	1.041410848987245	0.0	1.0	1.0	0.0	1.0	1.0	0.0	1.0	1.0
0.9238425072729037	0.5019339336340911	0.8700101767826046	1.0	1.0	1.0	1.0	1.0	1.0	1.0	1.0	1.0
0.9146599282853997	0.5608269187128508	1.0118512087411446	1.0	1.0	1.0	1.0	1.0	1.0	0.0	1.0	1.0
0.9081106782306296	0.34062923988199356	0.8059118276656512	1.0	1.0	1.0	1.0	1.0	0.0	1.0	1.0	0.0
0.918180219717346	0.4417376175449488	0.9487369997477126	1.0	1.0	1.0	0.0	1.0	1.0	0.0	1.0	1.0
0.96091884136897	0.4168345670750371	1.0342437331669194	1.0	1.0	1.0	1.0	1.0	1.0	1.0	1.0	1.0
0.9236190582325876	0.4067089606659999	1.055906226838517	1.0	1.0	1.0	1.0	1.0	1.0	1.0	1.0	1.0
0.8886294454361243	0.37316123710626486	1.0656945742257928	1.0	1.0	1.0	0.0	1.0	1.0	0.0	0.0	1.0
0.9023215295784186	0.49449720666841157	0.9334970411789092	1.0	1.0	1.0	0.0	1.0	1.0	0.0	1.0	1.0
0.8997253851420021	0.5255849867175016	0.9064471463221746	1.0	1.0	1.0	1.0	1.0	1.0	1.0	1.0	1.0
0.8480835742022974	0.3579399854435588	1.1543752668405538	0.0	1.0	1.0	0.0	1.0	0.0	0.0	0.0	0.0
0.9277934763374622	0.4813211517230215	1.0591078687746778	1.0	1.0	1.0	1.0	1.0	1.0	1.0	1.0	1.0
0.9362895423970623	0.5260898194200185	1.079061463096807	1.0	1.0	1.0	1.0	1.0	1.0	1.0	1.0	1.0
0.9571244481252004	0.5107817938595626	1.199736341410322	1.0	1.0	0.0	1.0	1.0	0.0	1.0	1.0	0.0
0.9241296118280639	0.5072669753550475	0.9023292093209088	1.0	1.0	1.0	1.0	1.0	1.0	1.0	1.0	1.0
0.9553202804308494	0.5103298490415182	1.097726726118554	1.0	1.0	1.0	1.0	1.0	1.0	1.0	1.0	1.0
0.945208782113095	0.6197160748150473	0.9436033449135712	1.0	1.0	1.0	1.0	1.0	1.0	1.0	1.0	1.0
0.9285156226323817	0.43520914788670617	0.9353873719643729	1.0	1.0	1.0	1.0	1.0	1.0	1.0	1.0	1.0
0.9299400529967338	0.45915410064660533	0.9710816253767178	1.0	1.0	1.0	1.0	1.0	1.0	1.0	1.0	1.0
0.958431030365768	0.4647485694444667	0.969410570859406	1.0	1.0	1.0	1.0	1.0	1.0	1.0	1.0	1.0
0.9108344592649344	0.5502806907627913	0.8070172818467838	0.0	1.0	0.0	0.0	1.0	0.0	0.0	0.0	0.0
0.8703981954812956	0.29787215180576854	0.9080237648962325	0.0	0.0	1.0	0.0	0.0	1.0	0.0	0.0	1.0
0.9503559329916422	0.4522763865969529	1.042449075531305	1.0	1.0	1.0	1.0	1.0	1.0	1.0	1.0	1.0
0.8961811268091966	0.4570041651035972	0.9894257637185049	1.0	1.0	1.0	0.0	1.0	1.0	0.0	1.0	1.0
0.907366410730004	0.4860761695639017	1.0443010780960646	1.0	1.0	1.0	0.0	1.0	1.0	0.0	1.0	1.0
0.9463214130671068	0.4737122521162257	0.9523408362774549	1.0	1.0	1.0	1.0	1.0	1.0	1.0	1.0	1.0
0.9494170659346836	0.4805048045681568	0.871110935915508	1.0	1.0	1.0	1.0	1.0	1.0	1.0	1.0	1.0
0.909930489203526	0.3388262788689741	1.0694913997765443	1.0	1.0	1.0	1.0	1.0	1.0	1.0	1.0	1.0
0.9511683395387627	0.49746975769045515	0.8736790032999241	1.0	1.0	1.0	1.0	1.0	1.0	1.0	1.0	1.0
0.9553773381089633	0.5017462838894804	0.9674671466120109	1.0	1.0	1.0	1.0	1.0	1.0	1.0	1.0	1.0
0.9273819257281454	0.5598396027370783	0.9257984411009181	1.0	1.0	1.0	1.0	1.0	1.0	1.0	1.0	1.0
0.9636741940545654	0.4146643525096644	0.9583558974698866	1.0	1.0	1.0	1.0	1.0	1.0	1.0	1.0	1.0
0.9272304662619648	0.4640599317032336	0.8418021001672693	1.0	1.0	1.0	1.0	1.0	1.0	1.0	1.0	1.0
0.951402768373559	0.5275526047425763	1.0845150026226893	1.0	1.0	1.0	1.0	1.0	1.0	1.0	1.0	1.0
0.9449066057598474	0.4117913017545858	1.0442771340497106	1.0	1.0	1.0	1.0	1.0	1.0	1.0	1.0	1.0
0.9621522042940543	0.5555635339108123	0.8521655588819862	1.0	1.0	1.0	1.0	1.0	1.0	1.0	1.0	1.0
0.8806483480191604	0.40044198086436916	0.8846202652378987	0.0	1.0	1.0	0.0	0.0	1.0	0.0	0.0	1.0
0.9674403022973652	0.45847038757567277	1.1541054537346862	1.0	1.0	1.0	1.0	1.0	1.0	1.0	1.0	1.0
0.9500861143545553	0.4668980946324098	0.9421610516242842	1.0	1.0	1.0	1.0	1.0	1.0	1.0	1.0	1.0
0.9618120948649843	0.6108961674310056	1.0926264862138337	0.0	0.0	0.0	0.0	0.0	0.0	0.0	0.0	0.0
0.9300476995584046	0.4227467686069075	0.8230428784914926	1.0	1.0	1.0	1.0	1.0	1.0	1.0	1.0	1.0
0.8803349478831786	0.3527120990991443	1.0161031062354762	0.0	0.0	1.0	0.0	0.0	1.0	0.0	0.0	1.0
0.9361700133786421	0.4779523413915572	0.9545771519913392	1.0	1.0	1.0	1.0	1.0	1.0	1.0	1.0	1.0
0.9501011343747416	0.3906637106918007	1.0035433680741457	1.0	1.0	1.0	1.0	0.0	1.0	1.0	0.0	1.0
0.9347384714502879	0.5274978223388045	1.169523346976725	1.0	1.0	1.0	1.0	1.0	0.0	1.0	1.0	0.0
0.955820469914683	0.51731241175966	1.0973415216851223	1.0	1.0	1.0	1.0	1.0	1.0	1.0	1.0	1.0
0.9339845177225237	0.43746441071101777	0.9753536021377679	1.0	1.0	1.0	1.0	1.0	1.0	1.0	1.0	1.0
0.9124317294771572	0.5183977482442246	1.1126282333450497	1.0	1.0	1.0	1.0	1.0	1.0	1.0	1.0	1.0
0.9246182325329855	0.42856501068543434	1.070620032446439	1.0	1.0	1.0	1.0	1.0	1.0	1.0	1.0	1.0
0.8908569862574766	0.46475805523948605	0.9568291094490073	0.0	1.0	1.0	0.0	1.0	1.0	0.0	1.0	1.0
0.9220718401703752	0.5015061677038847	0.9280236513425127	1.0	1.0	1.0	1.0	1.0	1.0	1.0	1.0	1.0
0.9538011482277164	0.46868398899074243	0.9045289808517313	1.0	1.0	1.0	1.0	1.0	1.0	1.0	1.0	1.0
0.9753015520633092	0.6497974486251282	1.1411890826407438	1.0	1.0	1.0	1.0	1.0	1.0	1.0	1.0	0.0
0.9356435354481474	0.4512147141995086	0.9242953492961131	1.0	1.0	1.0	1.0	1.0	1.0	1.0	1.0	1.0
0.9559990167512453	0.480481264445445	1.0721975746387478	1.0	1.0	1.0	1.0	1.0	1.0	1.0	1.0	1.0
0.9445336507829	0.36907588354890863	1.08928490004657	0.0	0.0	1.0	0.0	0.0	1.0	0.0	0.0	1.0
0.904720709533538	0.35130117189838284	1.0877270092113362	1.0	1.0	1.0	1.0	1.0	1.0	0.0	1.0	1.0
0.968503215077909	0.4776294943517411	1.0006197962325507	1.0	1.0	1.0	0.0	1.0	1.0	0.0	1.0	1.0
0.8854324780918152	0.32439710424452056	1.046440844324935	1.0	1.0	1.0	0.0	1.0	1.0	0.0	1.0	1.0
0.9160201275583567	0.2561223602165343	1.1265925424808063	1.0	0.0	0.0	0.0	0.0	0.0	0.0	0.0	0.0
0.9486271208352632	0.5149965392342734	0.9366305690687041	1.0	1.0	1.0	1.0	1.0	1.0	1.0	1.0	1.0
0.9278154904700002	0.5314603499733614	0.9729016242887618	1.0	1.0	1.0	1.0	1.0	1.0	1.0	1.0	1.0
0.9392897393673925	0.494688671664507	0.9919140231792398	1.0	1.0	1.0	1.0	1.0	1.0	1.0	1.0	1.0
0.9795779447400957	0.42568882947265485	1.0564570849025332	1.0	1.0	1.0	1.0	1.0	1.0	0.0	0.0	1.0
0.940444573040421	0.3558995236828834	0.9361747445688708	1.0	0.0	1.0	1.0	0.0	1.0	1.0	0.0	1.0
0.962192648021405	0.48575373993874876	0.9177078277665474	0.0	0.0	0.0	0.0	0.0	0.0	0.0	0.0	0.0
0.9627625466797354	0.4799732241625732	1.0352585999469555	1.0	1.0	1.0	1.0	1.0	1.0	1.0	1.0	1.0
0.8816858010316959	0.44009360870454	0.7318168206137026	1.0	1.0	0.0	1.0	1.0	0.0	0.0	1.0	0.0
0.9851900584450389	0.5588056148605345	1.0406971208664904	0.0	1.0	1.0	0.0	1.0	1.0	0.0	1.0	1.0
0.9483294871550926	0.4793251404147068	1.099634508272932	0.0	0.0	1.0	0.0	0.0	1.0	0.0	0.0	1.0
0.9493867141961898	0.5269475269732603	0.9514712692327959	1.0	1.0	1.0	1.0	1.0	1.0	1.0	1.0	1.0
0.9283200323159891	0.38094849581719037	0.8184647824334419	1.0	1.0	1.0	1.0	0.0	1.0	1.0	0.0	1.0
0.9285974895869379	0.4135863181081739	1.0933914806858458	1.0	1.0	1.0	1.0	1.0	1.0	1.0	1.0	1.0
0.9342266722471486	0.4167878118705622	1.1602972901941349	1.0	1.0	1.0	1.0	1.0	1.0	1.0	1.0	1.0
0.9382110318844081	0.4421076713995847	1.143923467823687	1.0	1.0	1.0	1.0	1.0	1.0	1.0	1.0	1.0
0.9732641536993947	0.5051572231484597	0.877038831640645	0.0	1.0	1.0	0.0	1.0	1.0	0.0	1.0	0.0
0.9754518921979183	0.5197044918375898	0.8824832061004596	1.0	1.0	1.0	0.0	1.0	1.0	0.0	1.0	1.0
0.9270530831853669	0.407973894742817	0.9363054616483079	1.0	1.0	1.0	1.0	1.0	1.0	1.0	1.0	1.0
0.9203996754600843	0.4810529403299683	0.947048748419704	0.0	1.0	1.0	0.0	1.0	1.0	0.0	1.0	1.0
0.8128885601509054	0.26903081348569596	1.0009586298461353	0.0	0.0	1.0	0.0	0.0	1.0	0.0	0.0	1.0
0.9520477214660823	0.5827881144820574	1.0550229910048525	1.0	1.0	1.0	1.0	1.0	1.0	1.0	1.0	1.0
0.945963256027579	0.4546101411075847	0.9679517382558324	0.0	0.0	1.0	0.0	0.0	1.0	0.0	0.0	1.0
0.9637898376301572	0.4966627178399018	0.8161182618294217	1.0	1.0	1.0	1.0	1.0	1.0	1.0	1.0	0.0
0.9434373331135327	0.3805036634738733	1.1647279851328518	1.0	0.0	1.0	1.0	0.0	1.0	1.0	0.0	1.0
0.9370392335652739	0.46334778238346425	1.0077024804289039	1.0	1.0	1.0	1.0	1.0	1.0	1.0	1.0	1.0
0.9534885351454792	0.5344881194891073	1.0987392120866115	1.0	1.0	1.0	1.0	1.0	1.0	1.0	1.0	1.0
0.9725324342059941	0.4750627534277332	0.8451229744861308	1.0	1.0	0.0	1.0	1.0	0.0	1.0	1.0	0.0
0.9610788732600068	0.382895205361448	1.009225343000176	1.0	1.0	1.0	1.0	0.0	1.0	1.0	0.0	1.0
0.9472850100759642	0.46563176334732004	0.9847057781439801	1.0	1.0	1.0	1.0	1.0	1.0	1.0	1.0	1.0
0.9510229206769301	0.4852736755527831	0.9603641422490412	1.0	1.0	1.0	1.0	1.0	1.0	1.0	1.0	1.0
0.9628070169252437	0.5359037436789511	0.8866606994630172	1.0	1.0	1.0	1.0	1.0	1.0	0.0	1.0	1.0
0.9582546051361188	0.45440971695743193	0.988876410976068	0.0	0.0	1.0	0.0	0.0	1.0	0.0	0.0	1.0
0.858902848018084	0.3402962338461746	1.2362835789418927	0.0	0.0	0.0	0.0	0.0	0.0	0.0	0.0	0.0
0.8827709299672614	0.41286437477871685	1.0123560996471108	1.0	1.0	1.0	1.0	1.0	1.0	0.0	1.0	1.0
0.9640632166617064	0.5238871045703712	0.9820401480473058	1.0	1.0	1.0	1.0	1.0	1.0	1.0	1.0	1.0
0.9247463729293635	0.4560243415573293	1.0632225311083476	1.0	1.0	1.0	0.0	0.0	1.0	0.0	0.0	1.0
0.9040617284722618	0.3234019595786482	0.9469317721122663	1.0	1.0	1.0	1.0	0.0	1.0	1.0	0.0	1.0
0.911023680884797	0.4102944737376762	0.9911180573551162	1.0	1.0	1.0	1.0	1.0	1.0	1.0	1.0	1.0
0.9408227988869444	0.4648229411980516	1.1494519977077902	1.0	1.0	1.0	1.0	1.0	1.0	1.0	1.0	1.0
0.9009318392218872	0.36193965744877943	1.006383827904176	1.0	0.0	1.0	1.0	0.0	1.0	1.0	0.0	1.0
0.9210258843316805	0.3605146692901564	1.0220555716641102	1.0	1.0	1.0	1.0	0.0	1.0	1.0	0.0	1.0
0.9091833393725315	0.48846725255169987	1.074809512263495	1.0	1.0	1.0	1.0	1.0	1.0	0.0	1.0	1.0
0.934786689291698	0.49993044698112293	1.013390924893478	1.0	1.0	1.0	1.0	1.0	1.0	1.0	1.0	1.0
0.8940040529964409	0.5039414734586479	1.0915256880737492	1.0	1.0	1.0	0.0	1.0	1.0	0.0	1.0	1.0
0.8789277704136219	0.34904762675045736	1.0305997260897717	1.0	1.0	1.0	0.0	0.0	1.0	0.0	0.0	1.0
0.9409792902670371	0.4095111826143229	1.0395148366550504	1.0	1.0	1.0	1.0	0.0	1.0	0.0	0.0	1.0
0.937862461648773	0.5222784642975908	0.9889062000013757	1.0	1.0	1.0	1.0	1.0	1.0	1.0	1.0	1.0
0.9089560983824255	0.4047729430232661	0.9052564853816126	1.0	1.0	1.0	0.0	1.0	1.0	0.0	0.0	1.0
0.9483227074578491	0.4828285078127424	1.0665358324213183	1.0	1.0	1.0	1.0	1.0	1.0	1.0	1.0	1.0
0.9770786005955776	0.6141293047943343	0.9539292336976153	1.0	1.0	1.0	1.0	0.0	1.0	1.0	0.0	1.0
0.9132285192266262	0.527492975819746	1.0274913206713374	1.0	1.0	1.0	1.0	1.0	1.0	1.0	1.0	1.0
0.9695299550661834	0.5184409763300311	1.0413636499418906	0.0	1.0	1.0	0.0	1.0	1.0	0.0	1.0	1.0
0.9292432505413559	0.374509910589433	1.1029071406925444	1.0	1.0	1.0	1.0	1.0	1.0	1.0	1.0	1.0
0.9400732973494966	0.5067811034063855	0.8519900486068821	1.0	1.0	1.0	1.0	1.0	1.0	1.0	1.0	1.0
0.9246830516285732	0.43298823362385075	0.8691557677409207	1.0	1.0	1.0	1.0	1.0	1.0	1.0	1.0	1.0
0.9008242671656601	0.4290918140279531	0.8765007185770535	1.0	1.0	1.0	1.0	1.0	1.0	1.0	1.0	1.0
0.9242922702856229	0.564457883545679	0.9728541245371983	1.0	1.0	1.0	1.0	1.0	1.0	1.0	1.0	1.0
0.8784196081473532	0.4882960918634535	0.9776604592392988	1.0	1.0	1.0	0.0	1.0	1.0	0.0	1.0	1.0
0.9747097907821537	0.521579460871857	0.9277296813301019	1.0	1.0	1.0	1.0	1.0	1.0	1.0	1.0	1.0
0.9303367882752214	0.4624367471884628	1.1574970838897756	1.0	1.0	1.0	1.0	1.0	1.0	1.0	1.0	1.0
0.9484001622230445	0.525008107621038	1.0159661172750614	1.0	1.0	1.0	1.0	1.0	1.0	1.0	1.0	1.0
0.9806499643782061	0.4572435839060433	1.1030732429735037	0.0	1.0	1.0	0.0	1.0	1.0	0.0	1.0	1.0
0.9381783864136913	0.4461679840284084	0.8576851523321417	1.0	1.0	1.0	1.0	1.0	0.0	1.0	1.0	0.0
0.95700023867207	0.4960873070113601	1.05291234733502	1.0	1.0	1.0	1.0	1.0	1.0	1.0	1.0	1.0
0.940766309303555	0.3910995634722699	1.1798266774283204	1.0	1.0	1.0	1.0	0.0	1.0	1.0	0.0	1.0
0.9681150182015037	0.5317606533386604	1.025624962141282	1.0	1.0	1.0	1.0	1.0	1.0	1.0	1.0	1.0
0.9103510776519532	0.4289364941566662	1.053394148709157	0.0	0.0	0.0	0.0	0.0	0.0	0.0	0.0	0.0
0.9472314609938293	0.565716239649041	0.9067024436209683	1.0	1.0	1.0	1.0	1.0	1.0	1.0	1.0	1.0
0.9438978756245702	0.48355468868030427	1.1059898486397095	1.0	1.0	1.0	1.0	1.0	1.0	1.0	1.0	1.0
0.871945965104592	0.2977808597302017	1.1285424860809352	0.0	0.0	1.0	0.0	0.0	1.0	0.0	0.0	0.0
0.9035842769792958	0.40403373527817166	1.2607220337626153	1.0	1.0	0.0	0.0	1.0	0.0	0.0	1.0	0.0
0.8193411374082019	0.26643325507087573	0.9279740027854998	0.0	0.0	1.0	0.0	0.0	1.0	0.0	0.0	1.0
0.9422574978230311	0.4164222987777888	0.8421154659218043	1.0	1.0	1.0	1.0	1.0	1.0	1.0	0.0	1.0
0.9679029385396118	0.4777426969355891	0.8974538954993794	1.0	1.0	1.0	1.0	1.0	1.0	1.0	1.0	1.0
0.9707521782960847	0.458767042613911	0.917025875938215	1.0	1.0	1.0	1.0	1.0	1.0	1.0	1.0	1.0
0.931613482013747	0.4448913127764071	0.9089509727487848	1.0	1.0	1.0	1.0	1.0	1.0	1.0	1.0	1.0
0.916591319442572	0.3976263461597109	0.9097442257836469	1.0	1.0	1.0	1.0	1.0	1.0	0.0	0.0	1.0
0.924367448877168	0.38487554570750643	0.9657044300584922	1.0	0.0	1.0	1.0	0.0	1.0	1.0	0.0	1.0
0.9022538428665858	0.4548764848689592	1.0206968783021007	0.0	1.0	1.0	0.0	0.0	1.0	0.0	0.0	1.0
0.9279660931758255	0.4299415796610929	1.094184453172598	1.0	1.0	1.0	1.0	1.0	1.0	1.0	1.0	1.0
0.9447124052382293	0.36598740200966323	0.9275631119897294	1.0	1.0	1.0	1.0	1.0	1.0	1.0	1.0	1.0
0.9340586499116099	0.39425413174659757	1.0139921963153262	1.0	1.0	1.0	1.0	1.0	1.0	1.0	0.0	1.0
0.8941077891858105	0.42204805788681754	0.8494469401548261	0.0	1.0	1.0	0.0	1.0	0.0	0.0	0.0	0.0
0.9397219465591313	0.46947008132181983	1.0261811108125565	1.0	1.0	1.0	1.0	1.0	1.0	1.0	1.0	1.0
0.92836720674515	0.4777767931768247	0.9561173163793919	1.0	1.0	1.0	1.0	1.0	1.0	1.0	1.0	1.0
0.9618200292807128	0.5640410358293289	1.0598385614902277	1.0	1.0	1.0	1.0	1.0	1.0	1.0	1.0	1.0
0.9571103825512641	0.4463748333491509	1.1093832214255184	1.0	1.0	1.0	1.0	1.0	1.0	1.0	1.0	1.0
0.9033039202049097	0.4486830012120114	1.0489493136556538	1.0	1.0	1.0	1.0	1.0	1.0	1.0	1.0	1.0
0.9557897214010518	0.4737951080301338	1.0458576536343485	1.0	1.0	1.0	1.0	1.0	1.0	1.0	1.0	1.0
0.9710276838243679	0.5997929357920668	1.0516749923332267	1.0	1.0	1.0	1.0	1.0	1.0	1.0	0.0	1.0
0.9297252483623282	0.44595600922746537	1.0162261135070192	1.0	1.0	1.0	1.0	1.0	1.0	1.0	1.0	1.0
0.9076187292587887	0.42732506247774693	0.9660627080823583	1.0	1.0	1.0	1.0	1.0	1.0	1.0	1.0	1.0
0.9235585963814359	0.44691416579318716	0.9614018181323986	1.0	1.0	1.0	1.0	1.0	1.0	1.0	1.0	1.0
0.9454832696500683	0.4257200602410647	0.9263959136663235	1.0	1.0	1.0	1.0	1.0	1.0	1.0	1.0	1.0
0.8912060243078203	0.49051681842710787	0.90991325335814	0.0	1.0	1.0	0.0	1.0	1.0	0.0	1.0	1.0
0.9271247037984336	0.38141481479670897	1.0065824465535131	1.0	1.0	1.0	1.0	0.0	1.0	1.0	0.0	1.0
0.969281454274808	0.5097179671200381	0.8583408359440947	0.0	1.0	0.0	0.0	1.0	0.0	0.0	1.0	0.0
0.9155222334714265	0.4616932785808739	0.8559225205028164	0.0	0.0	0.0	0.0	0.0	0.0	0.0	0.0	0.0
0.7205998620767088	0.2360530505620932	0.9293725293817116	0.0	0.0	1.0	0.0	0.0	1.0	0.0	0.0	1.0
0.9412174393662766	0.43317601456032856	1.062860317138534	1.0	1.0	1.0	1.0	1.0	1.0	1.0	1.0	1.0
0.8720771724364496	0.30138106436335016	0.8680395753766882	0.0	1.0	1.0	0.0	0.0	1.0	0.0	0.0	1.0
0.8846937170222887	0.4099840004039996	0.9680284501003789	1.0	1.0	1.0	0.0	1.0	1.0	0.0	0.0	1.0
0.9382035794874665	0.4240633274887772	0.9461215951424217	1.0	1.0	1.0	1.0	1.0	1.0	1.0	1.0	1.0
0.961272033599126	0.45609816877997966	1.0296252594529929	1.0	1.0	1.0	1.0	1.0	1.0	1.0	1.0	1.0
0.9655169993984879	0.47022902598018473	1.0831563271680256	1.0	1.0	1.0	0.0	1.0	1.0	0.0	1.0	0.0
0.9173951102704839	0.36632285403467574	1.0550542671333518	1.0	1.0	1.0	1.0	1.0	1.0	1.0	1.0	1.0
0.9306161803536863	0.44629511616223194	1.0302555151179336	1.0	1.0	1.0	1.0	1.0	1.0	1.0	1.0	1.0
0.9574615717332833	0.48115268458650196	0.9959759217547454	1.0	1.0	1.0	1.0	1.0	1.0	1.0	1.0	1.0
0.9262287328331585	0.43310111314054256	1.0315418829128098	1.0	1.0	1.0	1.0	1.0	1.0	1.0	1.0	1.0
0.9178103268452787	0.4216647224883603	1.133548582386333	1.0	1.0	1.0	1.0	1.0	1.0	1.0	1.0	1.0
0.9597920573038795	0.4072315878102079	1.1554553749793266	1.0	1.0	1.0	1.0	1.0	1.0	1.0	1.0	0.0
0.9601301438517812	0.4962752097058593	1.0036279606064533	1.0	1.0	1.0	1.0	1.0	1.0	1.0	1.0	1.0
0.9397449206258603	0.41585640618143305	0.9982453120272764	1.0	1.0	1.0	1.0	1.0	1.0	1.0	1.0	1.0
0.9618513503203341	0.5905709866720417	0.9000343407485886	1.0	1.0	1.0	1.0	1.0	1.0	1.0	1.0	1.0
0.9251190848638615	0.3715238264293047	1.136004510792595	1.0	1.0	1.0	1.0	0.0	1.0	1.0	0.0	1.0
0.9741438952369815	0.6734110912652923	0.9771575680422555	0.0	0.0	1.0	0.0	0.0	1.0	0.0	0.0	1.0
0.9431485749699838	0.47249165902477974	0.9545687280379033	1.0	1.0	1.0	1.0	1.0	1.0	1.0	1.0	1.0
0.9345278573074524	0.5019666105963607	1.1560873405056136	1.0	1.0	1.0	1.0	1.0	1.0	1.0	1.0	0.0
0.9408595787126623	0.4292755982539834	1.0544443140852122	1.0	1.0	1.0	1.0	1.0	1.0	1.0	1.0	1.0
0.9529832773285671	0.565621381216965	0.9703344495907729	0.0	0.0	1.0	0.0	0.0	1.0	0.0	0.0	1.0
0.9488880960079157	0.4597407143416635	0.9038763609559638	1.0	1.0	1.0	1.0	1.0	1.0	1.0	1.0	1.0
0.9662305548244597	0.36630053484540104	1.06437121558039	1.0	1.0	1.0	1.0	0.0	1.0	1.0	0.0	1.0
0.9532490772325315	0.5014306829389241	1.058679358398884	1.0	1.0	1.0	1.0	1.0	1.0	1.0	1.0	1.0
0.9772619897150454	0.45149121911646284	0.9064539774577909	0.0	1.0	1.0	0.0	1.0	1.0	0.0	1.0	1.0
0.9052447865874446	0.44293824790374475	0.95586319703293	1.0	1.0	1.0	0.0	1.0	1.0	0.0	0.0	1.0
0.9301105471172423	0.5057886149297144	1.0068746295353177	1.0	1.0	1.0	1.0	1.0	1.0	0.0	1.0	1.0
0.9213130008944432	0.4331707901078391	1.0628785389945739	0.0	0.0	0.0	0.0	0.0	0.0	0.0	0.0	0.0
0.9115239234183138	0.46448653131389994	0.9316181795618053	1.0	1.0	1.0	1.0	1.0	1.0	0.0	1.0	1.0
0.9577333021104484	0.5863860348201222	1.016319369531753	1.0	1.0	1.0	1.0	1.0	1.0	1.0	1.0	1.0
0.9223374903179501	0.3983024551019998	1.0456978641679504	1.0	1.0	1.0	1.0	1.0	1.0	1.0	0.0	1.0
0.932171993849019	0.41270157050162715	1.1822707901531604	1.0	1.0	1.0	1.0	1.0	1.0	1.0	1.0	0.0
0.8947487675197312	0.3042692594675303	0.9105449928633333	1.0	1.0	1.0	1.0	0.0	1.0	0.0	0.0	1.0
0.9298629018264242	0.3975157858090644	0.9599494907346711	1.0	1.0	1.0	1.0	0.0	1.0	1.0	0.0	1.0
0.9564252109437577	0.49547592996013645	1.1314136879943184	1.0	1.0	1.0	1.0	1.0	0.0	1.0	1.0	0.0
0.9595356329071918	0.40677469187112203	1.1289055623713753	1.0	1.0	1.0	1.0	1.0	1.0	1.0	1.0	1.0
0.9189871385084403	0.43483168346438017	1.0761654570151797	1.0	1.0	1.0	1.0	1.0	1.0	1.0	1.0	1.0
0.9435798383471744	0.596932814504454	1.113022591510387	0.0	1.0	0.0	0.0	1.0	0.0	0.0	1.0	0.0
0.8808936482194495	0.4728024382660359	1.0131575960679635	1.0	1.0	1.0	0.0	1.0	1.0	0.0	1.0	1.0
0.9238892311624672	0.4683121690427618	0.8999629471345961	1.0	1.0	1.0	1.0	1.0	1.0	1.0	1.0	1.0
0.8972285728845861	0.41864159931083017	1.009029605613641	0.0	1.0	1.0	0.0	0.0	1.0	0.0	0.0	1.0
0.9502336277989711	0.41338925742233307	1.088662007656594	1.0	1.0	1.0	1.0	0.0	1.0	1.0	0.0	1.0
0.9274444640063658	0.4573910842003611	0.9393111495291853	1.0	1.0	1.0	1.0	1.0	1.0	1.0	1.0	1.0
0.9631699694909124	0.5409081686192957	0.9205258915408193	1.0	1.0	1.0	1.0	1.0	1.0	1.0	1.0	1.0
0.9195268052856328	0.426809241346485	1.0103996537832995	1.0	1.0	1.0	1.0	1.0	1.0	1.0	1.0	1.0
0.9495881496126832	0.37685329985795823	0.964284916238501	1.0	1.0	1.0	1.0	1.0	1.0	1.0	1.0	1.0
0.9541101852292334	0.5008177834498417	1.0272760681422197	1.0	1.0	1.0	1.0	1.0	1.0	1.0	1.0	1.0
0.94518364371138	0.3855329463150427	0.9569253146813901	1.0	1.0	1.0	1.0	1.0	1.0	1.0	0.0	1.0
0.9595840081159913	0.4710902503624472	0.9758799416597693	1.0	1.0	1.0	1.0	1.0	1.0	1.0	1.0	1.0
0.9292690235398849	0.5756483794341255	1.0742720991147585	0.0	0.0	0.0	0.0	0.0	0.0	0.0	0.0	0.0
0.9092580921389904	0.39160574027999656	1.193540099659403	1.0	1.0	1.0	1.0	1.0	0.0	1.0	0.0	0.0
0.9674533186083719	0.5543511426292741	0.9398812051236413	1.0	1.0	1.0	1.0	1.0	1.0	1.0	1.0	1.0
0.9357332891145309	0.5101242711080574	0.9386812248457335	1.0	1.0	1.0	1.0	1.0	1.0	0.0	1.0	1.0
0.9317393524443274	0.505734479743218	1.0460134629374855	1.0	1.0	1.0	1.0	1.0	1.0	1.0	1.0	1.0
0.9096296322140905	0.5000824059703914	0.8422261213696378	1.0	1.0	1.0	0.0	1.0	1.0	0.0	1.0	1.0
0.9340269165836469	0.4762332157793812	0.8898107987778167	1.0	1.0	1.0	1.0	1.0	1.0	1.0	1.0	1.0
0.9443894461311627	0.34353094676481855	0.9318263878123011	1.0	0.0	1.0	1.0	0.0	1.0	1.0	0.0	1.0
0.9317849488406876	0.43302958584310813	1.0278509433589293	1.0	1.0	1.0	1.0	1.0	1.0	1.0	1.0	1.0
0.8532526838722984	0.30301264864200667	0.9911104235826128	0.0	0.0	1.0	0.0	0.0	1.0	0.0	0.0	1.0
0.9659830295931541	0.49295826154028655	1.1535880249262045	1.0	1.0	1.0	1.0	1.0	1.0	1.0	1.0	1.0
0.9519625180109653	0.5175962939172993	0.9456439611651226	1.0	1.0	1.0	1.0	1.0	1.0	1.0	1.0	1.0
0.7415378601582148	0.28243079215429917	0.8798775282938913	0.0	1.0	1.0	0.0	1.0	1.0	0.0	1.0	1.0
0.9172348714325447	0.4446928211749973	1.0234694880393667	1.0	1.0	1.0	1.0	1.0	1.0	1.0	1.0	1.0
0.9620813874863339	0.49501341909585583	0.838932812573752	0.0	1.0	1.0	0.0	1.0	1.0	0.0	1.0	0.0
0.9381233387882548	0.4282242331606428	0.9755544441162705	1.0	1.0	1.0	1.0	1.0	1.0	1.0	1.0	1.0
0.9352576676652465	0.3731211628440777	0.9817707500208005	1.0	1.0	1.0	1.0	1.0	1.0	1.0	0.0	1.0
0.9068608818370302	0.4813368345400424	1.042363388612686	1.0	1.0	1.0	0.0	1.0	1.0	0.0	1.0	1.0
0.9466124467757876	0.5421578499748497	0.8384531282270715	1.0	1.0	1.0	1.0	1.0	1.0	1.0	1.0	1.0
0.8684756441794398	0.48241863400657115	0.9530888395832835	0.0	0.0	0.0	0.0	0.0	0.0	0.0	0.0	0.0
0.9395999787659564	0.41708077021166434	0.9761290963899895	1.0	1.0	1.0	1.0	1.0	1.0	1.0	1.0	1.0
0.9196939228697855	0.4938189354593924	0.9424532846739389	1.0	1.0	1.0	1.0	1.0	1.0	1.0	1.0	1.0
0.9459662528969427	0.41536973861778986	1.0016163575824253	1.0	1.0	1.0	1.0	1.0	1.0	1.0	1.0	1.0
0.9132426708732069	0.3916661729693895	1.0097501421522437	1.0	1.0	1.0	1.0	1.0	1.0	0.0	0.0	1.0
0.888297512129967	0.5430441456611171	0.9753319743491239	1.0	1.0	1.0	0.0	1.0	1.0	0.0	1.0	1.0
0.8047908261441438	0.32716773746210276	0.9649482410228704	0.0	1.0	1.0	0.0	1.0	1.0	0.0	1.0	1.0
0.9350720442014098	0.4352757407679575	0.9124523082662886	1.0	1.0	1.0	1.0	1.0	1.0	1.0	1.0	1.0
0.9598109781924126	0.5293230406196969	1.0608161458655627	1.0	1.0	1.0	1.0	1.0	1.0	1.0	1.0	1.0
0.9634759045944452	0.38987673972333703	0.9886016677398406	1.0	1.0	1.0	1.0	1.0	1.0	1.0	0.0	1.0
0.8565720473629753	0.364960228936071	1.1515022466064841	1.0	1.0	1.0	0.0	1.0	1.0	0.0	1.0	1.0
0.959107977269622	0.48887165707099045	1.053982379881631	1.0	1.0	1.0	1.0	1.0	1.0	1.0	1.0	1.0
0.9562706840291821	0.4460147892912189	0.9360454853197323	1.0	1.0	1.0	1.0	1.0	1.0	1.0	1.0	1.0
0.9461048844550108	0.4760335593864374	0.8713330889579832	1.0	1.0	1.0	1.0	1.0	1.0	1.0	1.0	1.0
0.874872400352572	0.4624233412378944	1.0074837665867098	0.0	1.0	1.0	0.0	1.0	1.0	0.0	1.0	1.0
0.9257634845572159	0.4346386060134578	0.8622390900427397	1.0	1.0	1.0	1.0	1.0	1.0	0.0	1.0	1.0
0.9459056348416474	0.5111101111199169	1.1099124722111486	1.0	1.0	1.0	1.0	1.0	1.0	1.0	1.0	1.0
0.8941358301604108	0.4415253839668032	0.9811724183954972	1.0	1.0	1.0	0.0	1.0	1.0	0.0	1.0	1.0
0.9240591460804315	0.34052499608934206	1.0765370437646788	1.0	0.0	0.0	1.0	0.0	0.0	1.0	0.0	0.0
0.9436788537637226	0.3982233567922251	1.0887764083573506	1.0	1.0	1.0	1.0	0.0	1.0	1.0	0.0	1.0
0.9654195277968959	0.5169615880795463	0.8480664079248318	1.0	1.0	1.0	0.0	1.0	1.0	0.0	1.0	1.0
0.9585526667964246	0.4856444824381113	0.8614967076237331	1.0	1.0	1.0	1.0	1.0	1.0	1.0	1.0	1.0
0.960938557765679	0.5600101098618909	0.8933884933305535	1.0	1.0	1.0	1.0	1.0	1.0	1.0	1.0	1.0
0.9240841947485857	0.3746466330674916	0.8537013704941422	1.0	0.0	1.0	1.0	0.0	0.0	0.0	0.0	0.0
0.9485865053415561	0.45272238368858436	0.9951476018606857	1.0	1.0	1.0	1.0	1.0	1.0	1.0	1.0	1.0
0.9414053375901925	0.6340908403118568	1.027059502328555	1.0	1.0	1.0	1.0	1.0	1.0	1.0	1.0	1.0
0.9766420014655526	0.4977662289238168	0.9464303585670333	0.0	1.0	1.0	0.0	1.0	1.0	0.0	1.0	1.0
0.9256507769902158	0.5000282918114786	0.9392930164531194	1.0	1.0	1.0	0.0	1.0	1.0	0.0	1.0	1.0
0.9651076023252877	0.4827082695313096	1.1840710908222865	0.0	0.0	0.0	0.0	0.0	0.0	0.0	0.0	0.0
0.9103729123891772	0.5080843133292081	0.8618714604370029	1.0	1.0	1.0	1.0	1.0	1.0	1.0	1.0	1.0
0.901771091580925	0.4186796598345471	1.0480109084899176	1.0	1.0	1.0	1.0	1.0	1.0	0.0	1.0	1.0
0.9403555246791576	0.45018434563812487	0.986809195669196	1.0	1.0	1.0	1.0	1.0	1.0	1.0	1.0	1.0
0.957603187513339	0.46084104758574057	1.0740021152679817	1.0	1.0	1.0	1.0	1.0	1.0	1.0	1.0	1.0
0.9213206484055194	0.5655664131203179	0.9846236065342348	1.0	1.0	1.0	1.0	1.0	1.0	1.0	1.0	1.0
0.9675914643027946	0.4972375698174393	0.8327719874654858	1.0	1.0	1.0	1.0	1.0	0.0	1.0	1.0	0.0
0.902227647860505	0.28984004810779984	0.9732161799627774	1.0	0.0	1.0	1.0	0.0	1.0	0.0	0.0	1.0
0.943644501387402	0.43527149927701225	0.8933727485542048	1.0	1.0	1.0	1.0	1.0	1.0	1.0	1.0	1.0
0.960607041398758	0.5621097556769706	0.9277706776506681	0.0	0.0	0.0	0.0	0.0	0.0	0.0	0.0	0.0
0.9352150564346688	0.4521012955034132	0.9252354147973975	1.0	1.0	1.0	1.0	1.0	1.0	1.0	1.0	1.0
0.9314139191043997	0.44739317286983726	0.92743170837311	1.0	1.0	1.0	1.0	1.0	1.0	1.0	1.0	1.0
0.967411734128442	0.5176517059482507	1.0214583433321565	0.0	0.0	0.0	0.0	0.0	0.0	0.0	0.0	0.0
0.8972680822889829	0.47025672866991286	0.8073340713850672	1.0	1.0	1.0	1.0	1.0	0.0	0.0	1.0	0.0
0.9415609575448415	0.4102899319904379	0.8751885594466303	1.0	1.0	1.0	1.0	1.0	1.0	1.0	1.0	1.0
0.8849950462244038	0.22290390243641658	0.900994196965701	0.0	0.0	0.0	0.0	0.0	0.0	0.0	0.0	0.0
0.9344032449693875	0.4755421699526234	1.054258681873417	1.0	1.0	1.0	1.0	1.0	1.0	1.0	1.0	1.0
0.9053554851151788	0.3694402875193573	1.064417347866335	1.0	1.0	1.0	0.0	1.0	1.0	0.0	1.0	1.0
0.9447325318599674	0.414751344262295	0.8883940556918599	1.0	1.0	1.0	1.0	1.0	1.0	1.0	0.0	1.0
0.9667828718068955	0.4988589832308412	1.1265411285808922	1.0	1.0	1.0	1.0	1.0	1.0	1.0	1.0	1.0
0.967029244349529	0.6655776677185037	1.0029287217180112	1.0	0.0	1.0	1.0	0.0	1.0	1.0	0.0	1.0
0.929613374890756	0.5320493133191827	1.1168604295224225	0.0	0.0	0.0	0.0	0.0	0.0	0.0	0.0	0.0
0.9488868339185913	0.44662028330927056	1.066559593293733	1.0	1.0	1.0	1.0	1.0	1.0	1.0	1.0	1.0
0.9242230028659555	0.4439512605214979	1.1636519654723996	1.0	1.0	1.0	1.0	1.0	1.0	1.0	1.0	1.0
0.8623945853500177	0.2991042473445369	1.079998565339577	1.0	1.0	1.0	1.0	0.0	1.0	0.0	0.0	1.0
0.8777519704015398	0.41851592364517476	0.9585117545923246	0.0	0.0	1.0	0.0	0.0	1.0	0.0	0.0	1.0
0.9607523815442666	0.5441867777178784	0.8927916643340346	1.0	1.0	1.0	1.0	1.0	1.0	1.0	1.0	1.0
0.9115513463585709	0.5131000377812427	0.922599724569192	1.0	1.0	1.0	1.0	1.0	1.0	0.0	1.0	1.0
0.9600250322133941	0.5863275923900269	0.9456541523951286	1.0	1.0	1.0	1.0	1.0	1.0	1.0	0.0	1.0
0.926540510325426	0.4752149086641107	1.0547592812365902	1.0	1.0	1.0	1.0	1.0	1.0	1.0	1.0	1.0
0.926053937675958	0.45174368826518246	1.169932347993538	1.0	1.0	1.0	1.0	1.0	1.0	1.0	1.0	0.0
0.9492405843931253	0.4102368097714525	1.1254899456922518	1.0	1.0	1.0	1.0	1.0	1.0	1.0	0.0	1.0
0.9341920826885391	0.46523046936216045	0.992352451526358	1.0	1.0	1.0	1.0	1.0	1.0	1.0	1.0	1.0
0.9348237370040541	0.4288777426131427	0.846710827477831	0.0	0.0	0.0	0.0	0.0	0.0	0.0	0.0	0.0
0.9508658492460316	0.39919335141076356	0.8108984242343061	1.0	1.0	1.0	1.0	1.0	0.0	1.0	0.0	0.0
0.9219206739047234	0.4365944392575305	1.1054563029945619	1.0	1.0	1.0	1.0	1.0	1.0	0.0	1.0	0.0
0.9386467578625552	0.3715685543355679	1.0355105617413651	1.0	1.0	1.0	1.0	1.0	1.0	1.0	0.0	1.0
0.8613720272350495	0.4173989473666319	0.9408856326198163	0.0	1.0	1.0	0.0	1.0	1.0	0.0	1.0	1.0
0.8331379268099706	0.44140334934684944	1.0917270851949723	0.0	1.0	1.0	0.0	1.0	1.0	0.0	1.0	1.0
0.942513380807056	0.4701436960952542	1.0713901512267732	1.0	1.0	1.0	1.0	1.0	1.0	1.0	1.0	1.0
0.9219750299568201	0.5444309185382771	1.037240738221967	1.0	1.0	1.0	1.0	1.0	1.0	1.0	1.0	1.0
0.9811919377231415	0.4984266791268749	0.922549578490903	0.0	1.0	1.0	0.0	1.0	1.0	0.0	1.0	1.0
0.8606835982089608	0.44718792943580865	1.0629815062226666	0.0	1.0	1.0	0.0	1.0	1.0	0.0	1.0	1.0
0.9609962365989153	0.50467486696873	0.9955409170481597	1.0	1.0	1.0	1.0	1.0	1.0	1.0	1.0	1.0
0.932847639939403	0.5181039753880295	0.9228952202974025	1.0	1.0	1.0	1.0	1.0	1.0	0.0	1.0	1.0
0.9374685781416354	0.4544751313778008	0.8833934684119809	1.0	1.0	1.0	1.0	1.0	0.0	1.0	1.0	0.0
0.9478849487106211	0.4463507937399836	1.0755958582828158	1.0	1.0	1.0	1.0	1.0	1.0	1.0	1.0	1.0
0.9483730248556186	0.4586208775781576	0.9349203523729498	1.0	1.0	1.0	1.0	1.0	1.0	1.0	1.0	1.0
0.9583182741084459	0.39275796691601983	0.9269075801230107	1.0	1.0	1.0	1.0	1.0	1.0	1.0	0.0	1.0
0.8904008617537702	0.4695572321550138	0.8729450518190751	0.0	1.0	1.0	0.0	1.0	1.0	0.0	1.0	1.0
0.9640500680706711	0.5128804794026578	1.0405382009448156	1.0	1.0	1.0	0.0	1.0	1.0	0.0	1.0	0.0
0.8668291337551488	0.3246815934726701	1.1851343792109899	1.0	1.0	0.0	1.0	1.0	0.0	1.0	1.0	0.0
0.9600044655022668	0.48913313664996255	0.9344790738834118	1.0	1.0	1.0	1.0	1.0	1.0	1.0	1.0	1.0
0.9145759015819522	0.3880162903906574	0.838064616552482	1.0	0.0	1.0	1.0	0.0	0.0	0.0	0.0	0.0
0.9847154457674817	0.5531635467488254	1.0327718812599795	1.0	1.0	1.0	0.0	1.0	1.0	0.0	1.0	1.0
0.9249401111404979	0.5297861603383436	0.9792056043928572	1.0	1.0	1.0	1.0	1.0	1.0	1.0	1.0	1.0
0.9654036686706258	0.39387662687966796	0.9990395757979298	1.0	1.0	1.0	1.0	1.0	1.0	0.0	1.0	1.0
0.9105113842107255	0.42660438528823663	0.9569642706197925	1.0	1.0	1.0	0.0	1.0	1.0	0.0	1.0	1.0
0.9055275604067141	0.36721564907657894	1.1836452259871313	1.0	1.0	0.0	1.0	1.0	0.0	1.0	1.0	0.0
0.9507298715764226	0.5817466791784728	1.057525795600269	1.0	1.0	1.0	1.0	1.0	1.0	1.0	1.0	1.0
0.8842399731498554	0.39426182579435776	1.0312473853074142	1.0	1.0	1.0	0.0	1.0	1.0	0.0	1.0	1.0
0.8677054954090829	0.3676362089819892	1.176880913377414	1.0	1.0	1.0	0.0	1.0	0.0	0.0	1.0	0.0
0.8774362785602723	0.3407317246272423	0.9524527840196229	0.0	0.0	1.0	0.0	0.0	1.0	0.0	0.0	1.0
0.9171620716862227	0.48493276162392396	0.9980995554933829	1.0	1.0	1.0	1.0	1.0	1.0	1.0	1.0	1.0
0.9383062006640612	0.48279420540509677	1.029032267173644	1.0	1.0	1.0	1.0	1.0	1.0	1.0	1.0	1.0
0.9323452396713728	0.45819320956595117	1.0156924058746417	1.0	1.0	1.0	1.0	1.0	1.0	1.0	1.0	1.0
0.9426036348911017	0.40561817276375567	0.843002875926314	1.0	1.0	1.0	1.0	0.0	1.0	1.0	0.0	0.0
0.9400128316477868	0.4578582103512345	1.0731954228295502	1.0	1.0	1.0	1.0	1.0	1.0	1.0	1.0	1.0
0.9292243403043372	0.5121177782911043	1.0393302545762142	1.0	1.0	1.0	1.0	1.0	1.0	1.0	1.0	1.0
0.8869140221283485	0.42382961085356025	0.9382784742295606	0.0	1.0	1.0	0.0	0.0	1.0	0.0	0.0	1.0
0.8683601773525407	0.4370893526768435	0.9628537978997123	0.0	1.0	1.0	0.0	1.0	1.0	0.0	1.0	1.0
0.9410737522967745	0.4356838041945507	0.9886245101319314	1.0	1.0	1.0	1.0	1.0	1.0	1.0	1.0	1.0
0.9147062899787798	0.512876521785007	1.166567238570094	0.0	0.0	0.0	0.0	0.0	0.0	0.0	0.0	0.0
0.9243576344711684	0.45667300413161793	0.9034961688545989	1.0	1.0	1.0	1.0	1.0	1.0	1.0	1.0	1.0
0.9757719253410381	0.5371040943739016	1.0652135459442862	1.0	1.0	1.0	0.0	1.0	1.0	0.0	1.0	1.0
0.9278578708366988	0.3906717483649615	0.9300926338056976	1.0	1.0	1.0	1.0	0.0	1.0	1.0	0.0	1.0
0.9527972280961329	0.4345158019063937	1.0808514819234059	1.0	1.0	1.0	1.0	1.0	1.0	1.0	0.0	1.0
0.9216105412253653	0.4009837001394644	0.8612174636334615	1.0	1.0	1.0	0.0	1.0	1.0	0.0	1.0	1.0
0.9214219938308634	0.44319769263815056	0.9932175123503363	1.0	1.0	1.0	1.0	1.0	1.0	1.0	1.0	1.0
0.9301146661538022	0.42021926939170046	1.0281027319309992	1.0	1.0	1.0	1.0	1.0	1.0	1.0	1.0	1.0
0.9353693582061702	0.3859607099385823	0.9655071440369407	1.0	1.0	1.0	1.0	1.0	1.0	1.0	0.0	1.0
0.9415581962649471	0.5053531440774881	1.0851675583244718	1.0	1.0	1.0	1.0	1.0	1.0	1.0	1.0	1.0
0.9207811335309478	0.4527281757752954	1.0276623935259952	1.0	1.0	1.0	1.0	1.0	1.0	0.0	1.0	1.0
0.9441561561641006	0.2920423425864055	1.0368652456754328	1.0	0.0	1.0	1.0	0.0	1.0	1.0	0.0	1.0
0.9368342153788128	0.4413087150669755	0.9744883962644261	1.0	1.0	1.0	1.0	1.0	1.0	1.0	1.0	1.0
0.9542890715422709	0.4387460771962102	0.877479437457653	0.0	0.0	1.0	0.0	0.0	0.0	0.0	0.0	0.0
0.9133275749602068	0.45429026198415645	1.0277967171588394	1.0	1.0	1.0	1.0	1.0	1.0	1.0	1.0	1.0
0.9732177973997855	0.4121145699183848	1.1680919713559024	1.0	0.0	0.0	1.0	0.0	0.0	1.0	0.0	0.0
0.9682133095149965	0.5104462413516785	0.867137635129011	1.0	1.0	1.0	1.0	1.0	1.0	1.0	1.0	1.0
0.9533473952541058	0.48230375390312125	0.8799030627471001	1.0	1.0	1.0	1.0	1.0	1.0	1.0	1.0	1.0
0.93346948669893	0.38696000187224794	1.1463176090721714	1.0	1.0	1.0	0.0	0.0	1.0	0.0	0.0	0.0
0.8765134254030961	0.35114074202836304	0.8182425371984859	1.0	1.0	0.0	0.0	1.0	0.0	0.0	0.0	0.0
0.9421994837967096	0.465532347299142	0.9383894159489293	1.0	1.0	1.0	1.0	1.0	1.0	1.0	1.0	1.0
0.8725545534236636	0.3970032277036053	1.0395816952273316	0.0	1.0	1.0	0.0	1.0	1.0	0.0	0.0	1.0
0.8871813605972296	0.31177129096375295	0.9180574384310222	1.0	1.0	1.0	1.0	0.0	1.0	1.0	0.0	1.0
0.9410006699687345	0.4120942380824074	0.8379440824805665	1.0	1.0	1.0	1.0	1.0	0.0	1.0	1.0	0.0
0.9279961755600131	0.4053549842887551	1.0418543566859317	1.0	1.0	1.0	1.0	0.0	1.0	1.0	0.0	1.0
0.9705950710611237	0.4576343001074281	1.0789385481173794	0.0	1.0	1.0	0.0	1.0	1.0	0.0	1.0	1.0
0.940449505489265	0.5100354418364392	0.9831413061537911	1.0	1.0	1.0	1.0	1.0	1.0	1.0	1.0	1.0
0.8841451367890325	0.4825440107048208	0.8778112718797959	0.0	1.0	1.0	0.0	1.0	1.0	0.0	1.0	1.0
0.9279315154961179	0.3859449453064128	1.101046750115557	1.0	1.0	1.0	1.0	1.0	1.0	1.0	1.0	1.0
