0.9881357052120092	0.6392718183235179	1.0016519827850314	1.0	1.0	1.0	1.0	1.0	1.0	1.0	1.0	1.0
0.8528915027691749	0.5367571060810497	1.1328847227829506	1.0	1.0	1.0	1.0	1.0	1.0	1.0	1.0	0.0
0.9242409623455097	0.5392663585579021	0.9879149895074778	1.0	1.0	1.0	1.0	1.0	1.0	1.0	1.0	1.0
0.9225537757330922	0.39371752437118096	1.0015683998603884	1.0	1.0	1.0	1.0	1.0	1.0	1.0	0.0	1.0
0.911046530515578	0.7171063815656421	1.076988685725834	1.0	1.0	1.0	1.0	1.0	1.0	1.0	1.0	1.0
0.81874518442409	0.4902329453854265	1.2536657499153148	1.0	1.0	0.0	1.0	1.0	0.0	0.0	1.0	0.0
0.9273719463837056	0.40431586055267577	1.012647586714945	1.0	1.0	1.0	1.0	1.0	1.0	1.0	1.0	1.0
0.9490175501728129	0.5222568440150146	1.0122841072043653	1.0	1.0	1.0	1.0	1.0	1.0	1.0	1.0	1.0
0.9698653463914535	0.6146967728471374	1.1157587792446662	1.0	1.0	1.0	1.0	1.0	1.0	1.0	1.0	1.0
0.9386671468486556	0.42398721492311914	1.2088796155028863	1.0	1.0	1.0	1.0	1.0	0.0	1.0	1.0	0.0
0.9322471097172997	0.4247134070588633	1.0229762989269342	1.0	1.0	1.0	1.0	1.0	1.0	1.0	1.0	1.0
0.9336987934857283	0.37885333811122857	0.9630634949479993	1.0	1.0	1.0	1.0	0.0	1.0	1.0	0.0	1.0
0.9850565199666705	0.7240234555016801	0.8741741782823274	1.0	1.0	1.0	1.0	1.0	1.0	1.0	1.0	1.0
0.8657429532658734	0.46443101965040196	1.0652880606684931	1.0	1.0	1.0	1.0	1.0	1.0	0.0	1.0	1.0
0.9718235386129928	0.45474639460561134	1.1531983688759628	1.0	1.0	1.0	1.0	1.0	1.0	1.0	1.0	0.0
0.9832460703321529	0.48512049163598026	1.0790137644875202	1.0	1.0	1.0	1.0	1.0	1.0	1.0	1.0	1.0
0.9343673989896959	0.495135027618723	1.0259571604476474	1.0	1.0	1.0	1.0	1.0	1.0	1.0	1.0	1.0
0.9812802985625345	0.5024428464829723	0.9037548564724104	1.0	1.0	1.0	1.0	1.0	1.0	1.0	1.0	1.0
0.9526833531646032	0.39690721030071807	0.961616306971656	1.0	1.0	1.0	1.0	1.0	1.0	1.0	0.0	1.0
0.9152405402991196	0.4196502253058588	1.1641105125645652	1.0	1.0	1.0	1.0	1.0	0.0	1.0	1.0	0.0
0.9898668013801865	0.5070364764898739	0.8250939131545085	1.0	1.0	1.0	1.0	1.0	1.0	1.0	1.0	0.0
0.8765449531170152	0.5369089138297876	0.9982858155155365	1.0	1.0	1.0	1.0	1.0	1.0	1.0	1.0	1.0
0.979661244379324	0.6439749559174313	1.0271659293121143	1.0	1.0	1.0	1.0	1.0	1.0	1.0	1.0	1.0
0.9529905917266733	0.5495347108836607	0.951051294137501	1.0	1.0	1.0	1.0	1.0	1.0	1.0	1.0	1.0
0.9469550007496487	0.49349363067966434	1.025551800223691	1.0	1.0	1.0	1.0	1.0	1.0	1.0	1.0	1.0
0.8412594332227102	0.4094693650350577	0.9706224839331419	1.0	1.0	1.0	1.0	1.0	1.0	0.0	1.0	1.0
0.9806752826530314	0.6886176767098297	0.9332546653964459	1.0	1.0	1.0	1.0	1.0	1.0	1.0	1.0	1.0
0.944831118319197	0.49975525693658235	0.8987722620638148	1.0	1.0	1.0	1.0	1.0	1.0	1.0	1.0	1.0
0.9607489648173724	0.4819354406080472	0.874583852677679	1.0	1.0	1.0	1.0	1.0	1.0	1.0	1.0	1.0
0.9520976761315957	0.433181687559489	0.9565924706584273	1.0	1.0	1.0	1.0	1.0	1.0	1.0	1.0	1.0
0.9400143166986876	0.3792462988442238	0.9071300592939785	1.0	1.0	1.0	1.0	1.0	1.0	1.0	0.0	1.0
0.9666860941766907	0.4180649592272625	0.8952653637086035	1.0	1.0	1.0	1.0	1.0	1.0	1.0	1.0	1.0
0.9631869878227398	0.44818600258683755	1.0496273063669366	1.0	1.0	1.0	1.0	1.0	1.0	1.0	1.0	1.0
0.9896597950712948	0.5067503991026996	1.0120283335579716	1.0	1.0	1.0	1.0	1.0	1.0	1.0	1.0	1.0
0.9654238284328223	0.5340543959865933	1.168531140293141	1.0	1.0	1.0	1.0	1.0	1.0	1.0	1.0	1.0
0.9497073953136129	0.577360150117691	1.0117621945989745	1.0	1.0	1.0	1.0	1.0	1.0	1.0	1.0	1.0
0.9544145649267046	0.47833896143286	0.9731406723515666	1.0	1.0	1.0	1.0	1.0	1.0	1.0	1.0	1.0
0.9838777123637562	0.6204915838547208	0.9891452023113021	1.0	1.0	1.0	1.0	1.0	1.0	1.0	1.0	1.0
0.9876947367067767	0.5897005506173985	1.0810751698689978	1.0	1.0	1.0	1.0	1.0	1.0	1.0	1.0	1.0
0.9685290977919344	0.3965126901573014	0.9358150774030696	1.0	1.0	1.0	1.0	1.0	1.0	1.0	0.0	1.0
0.9313748253508867	0.5088571504266948	1.0019871180130526	1.0	1.0	1.0	1.0	1.0	1.0	1.0	1.0	1.0
0.9723649331997045	0.5459878696833275	0.9893697824833473	1.0	1.0	1.0	1.0	1.0	1.0	1.0	1.0	1.0
0.941970499291403	0.40910503118458075	0.9518240689477112	1.0	1.0	1.0	1.0	1.0	1.0	1.0	1.0	1.0
0.9817245640832932	0.47794412744273035	0.968772483514462	1.0	1.0	1.0	1.0	1.0	1.0	1.0	1.0	1.0
0.972647319165558	0.5593334537760081	0.8701143967182275	1.0	1.0	1.0	1.0	1.0	1.0	1.0	1.0	1.0
0.9558273817088645	0.4806444187489846	1.0933880282399076	1.0	1.0	1.0	1.0	1.0	1.0	1.0	1.0	1.0
0.9793324882280401	0.45179132188744064	0.9731290795028262	1.0	1.0	1.0	1.0	1.0	1.0	1.0	1.0	1.0
0.9173188595429268	0.46852757580902094	1.107285588038592	1.0	1.0	1.0	1.0	1.0	1.0	1.0	1.0	1.0
0.91921343781803	0.4287159050887119	1.0629853862822707	1.0	1.0	1.0	1.0	1.0	1.0	1.0	1.0	1.0
0.9301551540303546	0.49808889967017184	1.000211626029226	1.0	1.0	1.0	1.0	1.0	1.0	1.0	1.0	1.0
0.9442392264691333	0.45522101019956684	0.8947757823756455	1.0	1.0	1.0	1.0	1.0	1.0	1.0	1.0	1.0
0.9884709500745474	0.4306752284518829	0.9346242962901109	1.0	1.0	1.0	1.0	1.0	1.0	1.0	1.0	1.0
0.9544390614678245	0.5310595216732322	0.9240632264523541	1.0	1.0	1.0	1.0	1.0	1.0	1.0	1.0	1.0
0.9660369838170894	0.5993751338755677	0.9253458846100362	1.0	1.0	1.0	1.0	1.0	1.0	1.0	1.0	1.0
0.9496420222425596	0.5862050517261773	0.9158122450903796	1.0	1.0	1.0	1.0	1.0	1.0	1.0	1.0	1.0
0.9885681669024252	0.4544529363678274	1.0470172566395535	1.0	1.0	1.0	1.0	1.0	1.0	1.0	1.0	1.0
0.8714912120927008	0.4700165752889818	0.9515362515382351	1.0	1.0	1.0	1.0	1.0	1.0	1.0	1.0	1.0
0.9828436519880203	0.5220539970944446	1.0289928660448562	1.0	1.0	1.0	1.0	1.0	1.0	1.0	1.0	1.0
0.9708397990290047	0.49196201765233666	0.9459301342197483	1.0	1.0	1.0	1.0	1.0	1.0	1.0	1.0	1.0
0.9514814832445364	0.45641138645290286	0.9868721468460008	1.0	1.0	1.0	1.0	1.0	1.0	1.0	1.0	1.0
0.9002155700223068	0.4957289849549355	1.0681840642999578	1.0	1.0	1.0	1.0	1.0	1.0	1.0	1.0	1.0
0.9220756084498126	0.4219798612636201	1.1469527878119494	1.0	1.0	1.0	1.0	1.0	1.0	1.0	1.0	1.0
0.9868259240257485	0.6892898729334266	1.1006135437849325	1.0	1.0	1.0	1.0	1.0	1.0	1.0	1.0	1.0
0.9883846919915531	0.5418979051295051	0.9874462641044168	1.0	1.0	1.0	0.0	1.0	1.0	0.0	1.0	1.0
0.9433264053591472	0.43814088843338894	1.0963711959755922	1.0	1.0	1.0	1.0	1.0	1.0	1.0	1.0	1.0
0.98428536886644	0.662054535841825	0.8352582949962278	1.0	1.0	1.0	1.0	1.0	1.0	1.0	1.0	0.0
0.9868001509626995	0.6317834898467931	0.9190667824315056	1.0	1.0	1.0	1.0	1.0	1.0	1.0	1.0	1.0
0.9862597500576872	0.6312593387508285	1.059986527337805	1.0	1.0	1.0	1.0	1.0	1.0	1.0	1.0	1.0
0.9360582538417559	0.4292391645923662	0.9555637898727052	1.0	1.0	1.0	1.0	1.0	1.0	1.0	1.0	1.0
0.9879537074932333	0.5127877067959591	1.017210481529526	1.0	1.0	1.0	0.0	1.0	1.0	0.0	1.0	1.0
0.9677183646036802	0.5226109708635026	0.9878868278240689	1.0	1.0	1.0	1.0	1.0	1.0	1.0	1.0	1.0
0.9374756206862679	0.4473880558904962	1.0070133799116712	1.0	1.0	1.0	1.0	1.0	1.0	1.0	1.0	1.0
0.9695538741854945	0.45909424414108596	1.1588065217659118	1.0	1.0	1.0	1.0	1.0	0.0	1.0	1.0	0.0
0.9848911009463096	0.5732588107190876	0.9584242641703791	1.0	1.0	1.0	1.0	1.0	1.0	1.0	1.0	1.0
0.9695243523201464	0.45088275511681336	0.8532686061909777	1.0	1.0	1.0	1.0	1.0	1.0	1.0	1.0	1.0
0.9575565571858825	0.5069833016088006	1.065067449041779	1.0	1.0	1.0	1.0	1.0	1.0	1.0	1.0	1.0
0.9434806716308395	0.45125994609182374	0.7734535630270227	1.0	1.0	1.0	1.0	1.0	0.0	1.0	1.0	0.0
0.9238000969479603	0.48548077374948134	1.1206620789380213	1.0	1.0	1.0	1.0	1.0	1.0	1.0	1.0	1.0
0.910055875045032	0.40200862846120317	0.8883732954073287	1.0	1.0	1.0	1.0	1.0	1.0	1.0	1.0	1.0
0.9261787650577238	0.4391471850136406	0.9512270086619402	1.0	1.0	1.0	1.0	1.0	1.0	1.0	1.0	1.0
0.8924237207407614	0.3166105419669948	0.8935214931888472	1.0	0.0	1.0	1.0	0.0	1.0	0.0	0.0	1.0
0.9608115869909496	0.4128246698892206	0.873245985934983	1.0	1.0	1.0	1.0	1.0	1.0	1.0	1.0	1.0
0.9461516762633712	0.45760143527626657	0.9367708914343064	1.0	1.0	1.0	1.0	1.0	1.0	1.0	1.0	1.0
0.9406078503947054	0.40951326720989845	1.0576182588698904	1.0	1.0	1.0	1.0	1.0	1.0	1.0	1.0	1.0
0.9805220252949988	0.5939586849600141	1.0160382789694908	1.0	1.0	1.0	1.0	1.0	1.0	1.0	1.0	1.0
0.9422455940297215	0.46535280668902856	0.9062988504813179	1.0	1.0	1.0	1.0	1.0	1.0	1.0	1.0	1.0
0.9864162008757024	0.6037635184938983	0.8956382819868052	1.0	1.0	1.0	1.0	1.0	1.0	1.0	1.0	1.0
0.9503440073074491	0.49448466669492036	0.9774292065677924	1.0	1.0	1.0	1.0	1.0	1.0	1.0	1.0	1.0
0.971821752369318	0.46346073512040703	1.2062796345520352	1.0	1.0	1.0	1.0	1.0	0.0	1.0	1.0	0.0
0.9814665572664175	0.6556077894912486	0.9812172603368471	1.0	1.0	1.0	1.0	1.0	1.0	1.0	1.0	1.0
0.9519094225323856	0.5987434281502655	0.8566375085608899	1.0	1.0	1.0	1.0	1.0	1.0	1.0	1.0	1.0
0.986799500637957	0.3957642393304989	1.0634266754202604	1.0	1.0	1.0	1.0	1.0	1.0	1.0	1.0	1.0
0.9893205448526609	0.6551809919764535	0.8659774068415773	1.0	1.0	1.0	1.0	1.0	1.0	0.0	1.0	1.0
0.9016875382367558	0.5028594934597216	0.9828727088325362	1.0	1.0	1.0	1.0	1.0	1.0	1.0	1.0	1.0
0.9366421692222419	0.5002405329763012	1.0868735547915338	1.0	1.0	1.0	1.0	1.0	1.0	1.0	1.0	1.0
0.8863190488016086	0.4798457717635193	1.1290776107177987	1.0	1.0	1.0	1.0	1.0	1.0	1.0	1.0	0.0
0.9701979713026011	0.4119150270714352	0.9505126798895399	1.0	1.0	1.0	1.0	1.0	1.0	1.0	1.0	1.0
0.8716411772023354	0.4904742078709934	0.8936599266538037	1.0	1.0	1.0	1.0	1.0	1.0	1.0	1.0	1.0
0.9298860245046489	0.5887849221271272	1.084459428708997	1.0	1.0	1.0	1.0	1.0	1.0	1.0	1.0	1.0
0.9804969350346064	0.5765461571487559	0.9331930610795414	1.0	1.0	1.0	1.0	1.0	1.0	1.0	1.0	1.0
0.9263183620209395	0.4626829495080617	1.009251165700493	1.0	1.0	1.0	1.0	1.0	1.0	1.0	1.0	1.0
0.9007507518144214	0.4412451798587366	0.9976256562871422	1.0	1.0	1.0	1.0	1.0	1.0	1.0	1.0	1.0
0.9406312002647247	0.45923612984846135	0.9190107902502516	1.0	1.0	1.0	1.0	1.0	1.0	1.0	1.0	1.0
0.9880555239073994	0.6069562086565838	0.9694803895364597	1.0	1.0	1.0	1.0	1.0	1.0	1.0	1.0	1.0
0.9553582212666374	0.3515420773064059	0.9985780816994578	1.0	1.0	1.0	1.0	0.0	1.0	1.0	0.0	1.0
0.9880145879135295	0.6240944171347159	0.8610610867167974	1.0	1.0	1.0	1.0	1.0	1.0	1.0	1.0	1.0
0.9498274775491843	0.4045861790312702	1.034101958541369	1.0	1.0	1.0	1.0	1.0	1.0	1.0	0.0	1.0
0.9387102487748206	0.5453934979900548	0.9911376108792246	1.0	1.0	1.0	1.0	1.0	1.0	1.0	1.0	1.0
0.9382722908630516	0.4862189700598192	1.0295272103482729	1.0	1.0	1.0	1.0	1.0	1.0	1.0	1.0	1.0
0.9868309461282272	0.6823108649340108	0.982488237589095	1.0	1.0	1.0	1.0	1.0	1.0	1.0	1.0	1.0
0.9453596599813168	0.4806253435547995	1.022989221276185	1.0	1.0	1.0	1.0	1.0	1.0	1.0	1.0	1.0
0.8610643610178962	0.57852675846382	0.995327667156156	1.0	1.0	1.0	1.0	1.0	1.0	1.0	1.0	1.0
0.9809226291832032	0.6856262088271347	1.0523996529544546	1.0	1.0	1.0	1.0	1.0	1.0	1.0	1.0	1.0
0.9508384774096392	0.491104221102654	0.958488620924808	1.0	1.0	1.0	1.0	1.0	1.0	1.0	1.0	1.0
0.9224585210844479	0.47474701335015623	0.964715061792896	1.0	1.0	1.0	1.0	1.0	1.0	1.0	1.0	1.0
0.9386997442688648	0.5375361313980693	0.9983822761154361	1.0	1.0	1.0	1.0	1.0	1.0	1.0	1.0	1.0
0.9872598336465238	0.5279847460169216	0.9825661019603062	1.0	1.0	1.0	1.0	1.0	1.0	1.0	1.0	1.0
0.9327142871349435	0.42787986812764267	0.9729326163534904	1.0	1.0	1.0	1.0	1.0	1.0	1.0	1.0	1.0
0.9856849003007419	0.5598620365455544	1.074169236626182	1.0	1.0	1.0	1.0	1.0	1.0	1.0	1.0	1.0
0.8744323390436985	0.5361125062112029	1.0464781079814482	1.0	1.0	1.0	1.0	1.0	1.0	1.0	1.0	1.0
0.9738879620810595	0.5128978713064427	1.0011678753747895	1.0	1.0	1.0	1.0	1.0	1.0	1.0	1.0	1.0
0.893799049377626	0.43290936182513146	0.9662842346352376	1.0	1.0	1.0	1.0	1.0	1.0	0.0	1.0	1.0
0.8522563838153633	0.3730978116658875	1.044393665613753	1.0	1.0	1.0	0.0	1.0	1.0	0.0	0.0	1.0
0.9640414740778274	0.5034976578667558	0.9789650029011643	1.0	1.0	1.0	1.0	1.0	1.0	1.0	1.0	1.0
0.9464142647529232	0.6253125859618217	1.0994883931653376	1.0	1.0	1.0	1.0	1.0	1.0	1.0	1.0	1.0
0.9599932315292328	0.4315499365946144	1.0693198587137909	1.0	1.0	1.0	1.0	1.0	1.0	1.0	1.0	1.0
0.9741571636827705	0.4918651781663585	0.9742324187559568	1.0	1.0	1.0	1.0	1.0	1.0	1.0	1.0	1.0
0.9325273597150218	0.47239492992168813	0.9622815309307328	1.0	1.0	1.0	1.0	1.0	1.0	1.0	1.0	1.0
0.8136121020289471	0.40007170271151643	1.0048705597788852	1.0	1.0	1.0	1.0	1.0	1.0	0.0	1.0	1.0
0.9225768699245177	0.4923617931807886	1.0150685234800318	1.0	1.0	1.0	1.0	1.0	1.0	1.0	1.0	1.0
0.962246512182304	0.49188070242116205	0.9828292646447567	1.0	1.0	1.0	1.0	1.0	1.0	1.0	1.0	1.0
0.9121896174937559	0.43192878886441555	0.9099588257015938	1.0	1.0	1.0	1.0	1.0	1.0	1.0	1.0	1.0
0.9553102529866335	0.5183168694538897	0.9231859059901891	1.0	1.0	1.0	1.0	1.0	1.0	1.0	1.0	1.0
0.9580921974265433	0.43756374848072105	1.0361387128038833	1.0	1.0	1.0	1.0	1.0	1.0	1.0	1.0	1.0
0.932633227931484	0.52949953283205	0.9529808362382197	1.0	1.0	1.0	1.0	1.0	1.0	1.0	1.0	1.0
0.9365902152927699	0.34374964996074175	0.8826540310028813	1.0	1.0	1.0	1.0	0.0	1.0	1.0	0.0	1.0
0.9693139071416914	0.3932371687067759	0.858822490123135	1.0	1.0	1.0	1.0	1.0	1.0	1.0	0.0	1.0
0.9708997223435455	0.3509446467464071	0.9364855399637174	1.0	1.0	1.0	1.0	0.0	1.0	1.0	0.0	1.0
0.988895908116784	0.5209352812066496	0.9737530137198654	1.0	1.0	1.0	1.0	1.0	1.0	1.0	1.0	1.0
0.9685530569494063	0.43462919265226174	1.0567839013184386	1.0	1.0	1.0	1.0	1.0	1.0	1.0	1.0	1.0
0.9894897507197657	0.5237472688429342	1.1067166011801897	1.0	1.0	1.0	1.0	1.0	1.0	1.0	1.0	1.0
0.9597468650395691	0.5097621588146448	0.8914446626985939	1.0	1.0	1.0	1.0	1.0	1.0	1.0	1.0	1.0
0.942856929774726	0.5409385301387406	0.9735837884919135	1.0	1.0	1.0	1.0	1.0	1.0	1.0	1.0	1.0
0.98980360828442	0.6033520913000636	0.9810698224531037	1.0	1.0	1.0	1.0	1.0	1.0	1.0	1.0	1.0
0.9295374566928207	0.6065279477965423	0.9646101758570068	1.0	1.0	1.0	1.0	1.0	1.0	1.0	1.0	1.0
0.9599929334032097	0.5811286596980458	0.8820321316886872	1.0	1.0	1.0	1.0	1.0	1.0	1.0	1.0	1.0
0.9228310257253257	0.5418512046702455	1.0793088825657144	1.0	1.0	1.0	1.0	1.0	1.0	1.0	1.0	1.0
0.9794786082587024	0.5626900002212711	0.8198333859216843	1.0	1.0	1.0	1.0	1.0	1.0	1.0	1.0	0.0
0.948371866691853	0.46401069313213605	0.9530907807255692	1.0	1.0	1.0	1.0	1.0	1.0	1.0	1.0	1.0
0.9885412951142799	0.5926160808805155	0.9954588509349995	1.0	1.0	1.0	1.0	1.0	1.0	1.0	1.0	1.0
0.9535602392446234	0.5184023621235466	1.13151058407328	1.0	1.0	1.0	1.0	1.0	1.0	1.0	1.0	1.0
0.9164158427239197	0.4339906796381484	1.0464662881573124	1.0	1.0	1.0	1.0	1.0	1.0	1.0	1.0	1.0
0.9022525820048345	0.4619271385707999	0.9176729602181359	1.0	1.0	1.0	1.0	1.0	1.0	1.0	1.0	1.0
0.9553227658410067	0.6424709277698794	0.8530169462139777	1.0	1.0	1.0	1.0	1.0	1.0	1.0	1.0	1.0
0.9116875368011241	0.4151712721911754	1.182584295266721	1.0	1.0	1.0	1.0	1.0	1.0	1.0	1.0	0.0
0.9504832450308559	0.46576354562152933	1.0466104789361146	1.0	1.0	1.0	1.0	1.0	1.0	1.0	1.0	1.0
0.9447511333825841	0.5943806656140932	1.0092128485618528	1.0	1.0	1.0	1.0	1.0	1.0	1.0	1.0	1.0
0.9506968784679855	0.4525373668204718	1.2087933208132082	1.0	1.0	0.0	1.0	1.0	0.0	1.0	1.0	0.0
0.9880991564097634	0.7315299559894364	0.8419152052864046	1.0	1.0	1.0	1.0	1.0	1.0	1.0	1.0	1.0
0.9897094813263277	0.671598589967678	1.0542612579355666	1.0	1.0	1.0	1.0	1.0	1.0	1.0	1.0	1.0
0.9888537200183608	0.7335500077804746	0.9325416670548148	1.0	1.0	1.0	1.0	1.0	1.0	1.0	1.0	1.0
0.9555464656196256	0.5536841925733554	0.9545555319641876	1.0	1.0	1.0	1.0	1.0	1.0	1.0	1.0	1.0
0.9318361740661849	0.4671313988897049	0.9951127236589772	1.0	1.0	1.0	1.0	1.0	1.0	1.0	1.0	1.0
0.9668558841429127	0.4413499327400022	0.9100330183822607	1.0	1.0	1.0	1.0	1.0	1.0	1.0	1.0	1.0
0.8235022731208961	0.4928047597619913	0.8540800760262017	1.0	1.0	1.0	1.0	1.0	1.0	1.0	1.0	0.0
0.878996143654141	0.2822120015961904	0.868540932695032	1.0	1.0	1.0	1.0	0.0	1.0	0.0	0.0	1.0
0.9579470957496777	0.4762901664212495	1.046326046460086	1.0	1.0	1.0	1.0	1.0	1.0	1.0	1.0	1.0
0.8661195354456231	0.44667783196343863	0.9357952693060523	1.0	1.0	1.0	1.0	1.0	1.0	1.0	1.0	1.0
0.9253143858838065	0.4615474274358034	0.9718590196223686	1.0	1.0	1.0	1.0	1.0	1.0	1.0	1.0	1.0
0.960946128875711	0.5261238249047101	0.8866840776772578	1.0	1.0	1.0	1.0	1.0	1.0	1.0	1.0	1.0
0.9648583068330687	0.4935342139144224	0.9103494940130755	1.0	1.0	1.0	1.0	1.0	1.0	1.0	1.0	1.0
0.9681189817686774	0.47580622678225193	0.9999394522261673	1.0	1.0	1.0	1.0	1.0	1.0	1.0	1.0	1.0
0.9397705711797285	0.5240428626938963	0.9329229578319814	1.0	1.0	1.0	1.0	1.0	1.0	1.0	1.0	1.0
0.9799237583221306	0.5992220735747046	0.9842379966774686	1.0	1.0	1.0	1.0	1.0	1.0	1.0	1.0	1.0
0.9352813195449858	0.5732871278696777	0.92033478025059	1.0	1.0	1.0	1.0	1.0	1.0	1.0	1.0	1.0
0.9863148144922534	0.5183529077452195	0.9246097197181624	1.0	1.0	1.0	1.0	1.0	1.0	0.0	1.0	1.0
0.9569674690034463	0.5290844176809288	0.9092365153543094	1.0	1.0	1.0	1.0	1.0	1.0	1.0	1.0	1.0
0.9388059198061707	0.5277635562330446	1.0844026447863708	1.0	1.0	1.0	1.0	1.0	1.0	1.0	1.0	1.0
0.9709428158872605	0.4231938572461874	0.906635057186219	1.0	1.0	1.0	1.0	1.0	1.0	1.0	1.0	1.0
0.968670404087379	0.5753195621668619	0.9059174441856034	1.0	1.0	1.0	1.0	1.0	1.0	1.0	1.0	1.0
0.9101690959600396	0.4030460708123649	0.9207984353291201	1.0	1.0	1.0	1.0	1.0	1.0	1.0	1.0	1.0
0.9779957521765099	0.5178111705388844	1.0996525152594374	1.0	1.0	1.0	1.0	1.0	1.0	1.0	1.0	1.0
0.9762797297055231	0.5349580360020632	0.9857330660762381	1.0	1.0	1.0	1.0	1.0	1.0	1.0	1.0	1.0
0.9389091081259906	0.6032025596657408	1.0690650512561564	1.0	1.0	1.0	1.0	1.0	1.0	1.0	1.0	1.0
0.8456974870348368	0.4110618972630017	0.9301410898296605	1.0	1.0	1.0	1.0	1.0	1.0	0.0	1.0	1.0
0.8907327737642258	0.3160410421418936	0.9319303800412178	1.0	0.0	1.0	0.0	0.0	1.0	0.0	0.0	1.0
0.9771761846955446	0.5180622236756414	0.9632207689586751	1.0	1.0	1.0	1.0	1.0	1.0	1.0	1.0	1.0
0.9671506223008056	0.3962375764735958	1.0077491192229866	1.0	1.0	1.0	1.0	1.0	1.0	1.0	1.0	1.0
0.9421963024837198	0.5722773672950414	1.1496469035191814	1.0	1.0	1.0	1.0	1.0	0.0	1.0	1.0	0.0
0.9800077605863547	0.6444834097106146	1.0316688664704832	1.0	1.0	1.0	1.0	1.0	1.0	1.0	1.0	1.0
0.9626765293171503	0.5423226632840137	1.0098039502045664	1.0	1.0	1.0	1.0	1.0	1.0	1.0	1.0	1.0
0.9116202552619023	0.5382572732787411	1.0528870799323635	1.0	1.0	1.0	1.0	1.0	1.0	1.0	1.0	1.0
0.938631837726151	0.47147009560774794	1.0850754547482138	1.0	1.0	1.0	1.0	1.0	1.0	1.0	1.0	1.0
0.8254547889482049	0.42380564244658525	1.0068242193865062	1.0	1.0	1.0	1.0	1.0	1.0	0.0	1.0	1.0
0.9425792294763461	0.5255303424416303	0.9634514460558437	1.0	1.0	1.0	1.0	1.0	1.0	1.0	1.0	1.0
0.9358519246194714	0.4495818434584942	0.9288854742106957	1.0	1.0	1.0	1.0	1.0	1.0	1.0	1.0	1.0
0.9829959975531898	0.7130155045967401	1.0792405363436486	1.0	1.0	1.0	1.0	1.0	1.0	1.0	1.0	1.0
0.9825320397711601	0.5375119803778113	0.9664790212898834	1.0	1.0	1.0	1.0	1.0	1.0	1.0	1.0	1.0
0.9785614025257338	0.5405334531325464	1.077775017222133	1.0	1.0	1.0	1.0	1.0	1.0	1.0	1.0	1.0
0.9683336167824916	0.44647376889661267	1.055846376735974	1.0	1.0	1.0	1.0	1.0	1.0	1.0	1.0	1.0
0.946465210026018	0.41860600640191853	0.982019677322603	1.0	1.0	1.0	1.0	1.0	1.0	1.0	1.0	1.0
0.9725471867174474	0.47753741276715084	1.0146822855389035	1.0	1.0	1.0	1.0	1.0	1.0	1.0	1.0	1.0
0.9179561652948258	0.4125678456163204	0.9789633123290666	1.0	1.0	1.0	1.0	1.0	1.0	1.0	1.0	1.0
0.8890286371764395	0.3116740642859757	1.1456740815485953	1.0	0.0	1.0	0.0	0.0	0.0	0.0	0.0	0.0
0.9514697880527658	0.5300992006331783	0.9718759686899703	1.0	1.0	1.0	1.0	1.0	1.0	1.0	1.0	1.0
0.9566579714149417	0.5423837022698871	0.9509741540289971	1.0	1.0	1.0	1.0	1.0	1.0	1.0	1.0	1.0
0.987158787376239	0.6233316948822594	0.9515601712553152	1.0	1.0	1.0	1.0	1.0	1.0	1.0	1.0	1.0
0.9864775507879544	0.4409679271267397	1.0177165996742232	1.0	1.0	1.0	1.0	1.0	1.0	0.0	1.0	1.0
0.9464088298057305	0.3542507111504884	0.9678110983822066	1.0	1.0	1.0	1.0	0.0	1.0	1.0	0.0	1.0
0.9219730663735607	0.4443480419552774	0.915427579176482	1.0	1.0	1.0	1.0	1.0	1.0	1.0	1.0	1.0
0.9868884103175032	0.5995427442944585	0.9919911498096787	1.0	1.0	1.0	1.0	1.0	1.0	1.0	1.0	1.0
0.9344662669341094	0.5075661750556777	0.7800991801377191	1.0	1.0	1.0	1.0	1.0	0.0	1.0	1.0	0.0
0.98247107323505	0.5899364165123507	1.0908124963838672	1.0	1.0	1.0	1.0	1.0	1.0	1.0	1.0	1.0
0.9415034156726283	0.4627891728350981	1.0790425751485364	1.0	1.0	1.0	1.0	1.0	1.0	1.0	1.0	1.0
0.9762146887695473	0.5232897689487734	0.9114934957836539	1.0	1.0	1.0	1.0	1.0	1.0	1.0	1.0	1.0
0.9663070867702794	0.4526095552503493	0.8832590872456976	1.0	1.0	1.0	1.0	1.0	1.0	1.0	1.0	1.0
0.9814104391965978	0.4466983412771677	1.0985392920252945	1.0	1.0	1.0	1.0	1.0	1.0	1.0	1.0	1.0
0.9594431884399554	0.487441199599822	1.1419892748749203	1.0	1.0	1.0	1.0	1.0	0.0	1.0	1.0	0.0
0.9675279477226355	0.4995414273460962	1.1123269245281135	1.0	1.0	1.0	1.0	1.0	1.0	1.0	1.0	1.0
0.7926918256443122	0.3839652455612846	0.9259313167718213	1.0	1.0	1.0	0.0	1.0	1.0	0.0	1.0	1.0
0.9878119504778294	0.5667341682059908	0.9226137905725222	1.0	1.0	1.0	1.0	1.0	1.0	1.0	1.0	1.0
0.9662678165851729	0.5391459563656184	0.975085007702377	1.0	1.0	1.0	1.0	1.0	1.0	1.0	1.0	1.0
0.9034215168979688	0.43956289916271124	0.9686407652926952	1.0	1.0	1.0	1.0	1.0	1.0	1.0	1.0	1.0
0.856248024938361	0.35279313074456103	1.0018011792201857	1.0	1.0	1.0	0.0	0.0	1.0	0.0	0.0	1.0
0.9546698009836919	0.5574164373628624	0.9749180806414428	1.0	1.0	1.0	1.0	1.0	1.0	1.0	1.0	1.0
0.9613748708733246	0.5744877572889296	0.879230975742881	1.0	1.0	1.0	1.0	1.0	1.0	1.0	1.0	1.0
0.9898782467872942	0.6311327447430649	0.8370845830635733	1.0	1.0	1.0	1.0	1.0	1.0	1.0	1.0	0.0
0.9383506898119782	0.3712784333552731	1.1027360280963607	1.0	1.0	1.0	1.0	0.0	1.0	1.0	0.0	1.0
0.9306644512215347	0.5050962359141115	1.0957274659049874	1.0	1.0	1.0	1.0	1.0	1.0	1.0	1.0	1.0
0.9688925495109814	0.5694787034272315	1.0558217487863628	1.0	1.0	1.0	1.0	1.0	1.0	1.0	1.0	1.0
0.9743645737718417	0.5684300108774408	0.8595443052272179	1.0	1.0	1.0	1.0	1.0	1.0	1.0	1.0	1.0
0.970526986550798	0.4449489085302769	1.011678634715147	1.0	1.0	1.0	1.0	1.0	1.0	1.0	1.0	1.0
0.9518414481385966	0.5055754239592039	0.958560710310424	1.0	1.0	1.0	1.0	1.0	1.0	1.0	1.0	1.0
0.9836616576395922	0.6046376338892262	0.9463716505593819	1.0	1.0	1.0	1.0	1.0	1.0	1.0	1.0	1.0
0.9886295012062192	0.6028539061612785	0.8987966996040863	1.0	1.0	1.0	1.0	1.0	1.0	1.0	1.0	1.0
0.9650002157541769	0.5169576677481016	1.055891541270699	1.0	1.0	1.0	1.0	1.0	1.0	1.0	1.0	1.0
0.9242967184508135	0.5191726519859459	1.1526065487164052	1.0	1.0	1.0	1.0	1.0	1.0	1.0	1.0	0.0
0.9114545787894621	0.5025435558736474	1.0094536838933512	1.0	1.0	1.0	1.0	1.0	1.0	1.0	1.0	1.0
0.9894555978798175	0.6422446641948388	0.9775617062773942	1.0	1.0	1.0	1.0	1.0	1.0	1.0	1.0	1.0
0.918161486397125	0.42211129712496626	1.1058951162723043	1.0	1.0	1.0	1.0	1.0	1.0	1.0	1.0	1.0
0.9605329682695471	0.40472305186728547	0.9835096590392934	1.0	1.0	1.0	1.0	1.0	1.0	1.0	0.0	1.0
0.9132080142738611	0.447728295344986	1.028876423107151	1.0	1.0	1.0	1.0	1.0	1.0	1.0	1.0	1.0
0.9534274466738009	0.5457723309672508	1.121380170788453	1.0	1.0	1.0	1.0	1.0	1.0	1.0	1.0	1.0
0.9476462805239328	0.4086746465434098	1.0216706107874574	1.0	1.0	1.0	1.0	1.0	1.0	1.0	1.0	1.0
0.9489684875659693	0.46279984083305215	1.0256189418756714	1.0	1.0	1.0	1.0	1.0	1.0	1.0	1.0	1.0
0.9586266879996602	0.5439884531641895	1.0686007343386028	1.0	1.0	1.0	1.0	1.0	1.0	1.0	1.0	1.0
0.9600455749813006	0.557425956034369	1.0327919740284595	1.0	1.0	1.0	1.0	1.0	1.0	1.0	1.0	1.0
0.8805995098165642	0.47612842673184697	1.0632972704241361	1.0	1.0	1.0	1.0	1.0	1.0	1.0	1.0	1.0
0.9352719807004864	0.4488955906233714	1.0227560424404858	1.0	1.0	1.0	1.0	1.0	1.0	1.0	1.0	1.0
0.9356140384886961	0.42487143202836003	1.0523378637006413	1.0	1.0	1.0	1.0	1.0	1.0	1.0	1.0	1.0
0.9888388374768449	0.6757798290865662	1.0082374566741563	1.0	1.0	1.0	1.0	1.0	1.0	1.0	1.0	1.0
0.908692581630261	0.43180661611378945	0.9154337827552639	1.0	1.0	1.0	1.0	1.0	1.0	1.0	1.0	1.0
0.9647136315322444	0.48397572889123947	0.9853682889036841	1.0	1.0	1.0	1.0	1.0	1.0	1.0	1.0	1.0
0.967251395177361	0.5976252234002114	0.9013777270974284	1.0	1.0	1.0	1.0	1.0	1.0	1.0	1.0	1.0
0.9290970358795523	0.6438743803505629	0.9195188844398546	1.0	1.0	1.0	1.0	1.0	1.0	1.0	1.0	1.0
0.9202098476447986	0.4801165726340276	1.0299533632650644	1.0	1.0	1.0	1.0	1.0	1.0	1.0	1.0	1.0
0.9496491491137374	0.5298081926777601	1.0222506614716622	1.0	1.0	1.0	1.0	1.0	1.0	1.0	1.0	1.0
0.9600467260918661	0.5333616266407963	0.9069244967266039	1.0	1.0	1.0	1.0	1.0	1.0	1.0	1.0	1.0
0.9611995881632388	0.44824704892332157	0.897509223945037	1.0	1.0	1.0	1.0	1.0	1.0	1.0	1.0	1.0
0.9595947058023783	0.4864934812471891	0.8769361043909033	1.0	1.0	1.0	1.0	1.0	1.0	1.0	1.0	1.0
0.9319877652346347	0.5455851344416867	0.9550609106362448	1.0	1.0	1.0	1.0	1.0	1.0	1.0	1.0	1.0
0.8667603329564081	0.566062313884957	0.9781679771458737	1.0	1.0	1.0	1.0	1.0	1.0	1.0	1.0	1.0
0.9655242784084902	0.5683712636223641	0.9408132068818308	1.0	1.0	1.0	1.0	1.0	1.0	1.0	1.0	1.0
0.9538758852982353	0.4490841085358034	1.0422828611428523	1.0	1.0	1.0	1.0	1.0	1.0	1.0	1.0	1.0
0.9677464275429833	0.5471763887238128	0.9859751918974674	1.0	1.0	1.0	1.0	1.0	1.0	1.0	1.0	1.0
0.9898189205882927	0.47305058100136294	1.0707986436261698	1.0	1.0	1.0	1.0	1.0	1.0	1.0	1.0	1.0
0.9564035874337381	0.4951498818018577	0.8598430361396204	1.0	1.0	1.0	1.0	1.0	1.0	1.0	1.0	1.0
0.9892798925074602	0.5622476238271442	1.0642546602283733	1.0	1.0	1.0	0.0	1.0	1.0	0.0	1.0	1.0
0.9787799564816806	0.4162947981759803	1.086983498605679	1.0	1.0	1.0	1.0	1.0	1.0	1.0	1.0	1.0
0.98803437663393	0.5875730237443147	1.0289535023701704	1.0	1.0	1.0	1.0	1.0	1.0	0.0	1.0	1.0
0.9109324623823205	0.44810687632515384	1.1287442276619748	1.0	1.0	1.0	1.0	1.0	1.0	1.0	1.0	1.0
0.9876421284989744	0.6885063327203124	0.8769002824472721	1.0	1.0	1.0	1.0	1.0	1.0	1.0	1.0	1.0
0.9588143820362388	0.48332821820240496	1.0801392218352568	1.0	1.0	1.0	1.0	1.0	1.0	1.0	1.0	1.0
0.9051679994132525	0.3913437668631574	1.1667173787204699	1.0	1.0	1.0	1.0	1.0	0.0	1.0	0.0	0.0
0.9184156590921592	0.5499790116331906	1.2608550992142347	1.0	1.0	0.0	1.0	1.0	0.0	1.0	1.0	0.0
0.929047499742543	0.394482242371093	0.9707561181428557	1.0	1.0	1.0	1.0	1.0	1.0	1.0	0.0	1.0
0.9551757736855429	0.48049456281850683	0.8696383496133518	1.0	1.0	1.0	1.0	1.0	1.0	1.0	1.0	1.0
0.9873881353149174	0.5288456833900054	0.948242403553387	1.0	1.0	1.0	1.0	1.0	1.0	1.0	1.0	1.0
0.9879158839987002	0.4386881593190126	0.9185861011510582	1.0	1.0	1.0	1.0	1.0	1.0	1.0	1.0	1.0
0.9374827429289437	0.4624396782151556	0.9551968602151336	1.0	1.0	1.0	1.0	1.0	1.0	1.0	1.0	1.0
0.9332246652937013	0.4459307266058117	0.8917524295499292	1.0	1.0	1.0	1.0	1.0	1.0	1.0	1.0	1.0
0.9600949174400035	0.39399320921512687	0.9909479336196646	1.0	1.0	1.0	1.0	1.0	1.0	1.0	0.0	1.0
0.8972909123650125	0.4032214644302831	0.9249155150064047	1.0	1.0	1.0	1.0	1.0	1.0	1.0	1.0	1.0
0.922056377537105	0.4534502936236507	1.1333813837044855	1.0	1.0	1.0	1.0	1.0	1.0	1.0	1.0	1.0
0.9741616139582729	0.457551677937429	0.9400050046807207	1.0	1.0	1.0	1.0	1.0	1.0	1.0	1.0	1.0
0.9506188877964626	0.44853559337025367	0.9774218344850243	1.0	1.0	1.0	1.0	1.0	1.0	1.0	1.0	1.0
0.924901789907804	0.4380913006423654	0.7908116175115146	1.0	1.0	1.0	1.0	1.0	0.0	1.0	1.0	0.0
0.9693994993385082	0.4819913841210532	0.9403713546944767	1.0	1.0	1.0	1.0	1.0	1.0	1.0	1.0	1.0
0.9419431937002827	0.5264277256872001	1.0111587769560115	1.0	1.0	1.0	1.0	1.0	1.0	1.0	1.0	1.0
0.7126065082741175	0.36949781223145683	1.0014304710123296	1.0	1.0	1.0	1.0	1.0	1.0	1.0	1.0	1.0
0.9889557476308098	0.49728528092355506	1.1037092798696506	1.0	1.0	1.0	1.0	1.0	1.0	1.0	1.0	1.0
0.9560726297039991	0.48435317992695953	1.0291304245908315	1.0	1.0	1.0	1.0	1.0	1.0	1.0	1.0	1.0
0.9181730194868435	0.419084319160497	0.9493911789705963	1.0	1.0	1.0	1.0	1.0	1.0	1.0	1.0	1.0
0.9646096862691762	0.6613124505047313	1.0304427662319686	1.0	1.0	1.0	1.0	1.0	1.0	1.0	1.0	1.0
0.9524962597278854	0.5560914702730653	0.9727298121402195	1.0	1.0	1.0	1.0	1.0	1.0	1.0	1.0	1.0
0.9544780908348025	0.5869673380463195	0.9844211705285975	1.0	1.0	1.0	1.0	1.0	1.0	1.0	1.0	1.0
0.9623258328207759	0.5496038236889284	0.959919742564134	1.0	1.0	1.0	1.0	1.0	1.0	1.0	1.0	1.0
0.9836009925565599	0.48605820534948535	0.9123521127086108	1.0	1.0	1.0	1.0	1.0	1.0	1.0	1.0	1.0
0.9119061617366697	0.4861102662274105	0.9205212199159921	1.0	1.0	1.0	1.0	1.0	1.0	1.0	1.0	1.0
0.9538089858447698	0.40443273787952055	1.0587829077315263	1.0	1.0	1.0	1.0	1.0	1.0	1.0	1.0	1.0
0.9891816493127313	0.5197965868777435	0.8277523142792302	1.0	1.0	1.0	1.0	1.0	1.0	0.0	1.0	0.0
0.8445414722281451	0.43791632304552847	0.973509887205943	1.0	1.0	1.0	1.0	1.0	1.0	0.0	1.0	1.0
0.8546574078700362	0.4015000866856145	0.9764165542320692	1.0	1.0	1.0	1.0	1.0	1.0	0.0	1.0	1.0
0.9562577881465173	0.5029104229886562	1.059065498787082	1.0	1.0	1.0	1.0	1.0	1.0	1.0	1.0	1.0
0.8237700485195133	0.35199971063624974	0.9186970717232148	1.0	1.0	1.0	0.0	1.0	1.0	0.0	0.0	1.0
0.9363229152405642	0.48596227685008536	0.9905422712374444	1.0	1.0	1.0	1.0	1.0	1.0	1.0	1.0	1.0
0.9669408385903115	0.4925692523582414	0.8810343816346576	1.0	1.0	1.0	1.0	1.0	1.0	1.0	1.0	1.0
0.9689353608841181	0.5293185623069604	1.023669210332133	1.0	1.0	1.0	1.0	1.0	1.0	1.0	1.0	1.0
0.9887337929989855	0.5673381523625486	1.1298538929556168	1.0	1.0	1.0	1.0	1.0	1.0	1.0	1.0	1.0
0.9897164787061595	0.6547165619187145	0.9911469973289145	1.0	1.0	1.0	1.0	1.0	1.0	1.0	1.0	1.0
0.9630653096826366	0.507131330344089	1.023132711114442	1.0	1.0	1.0	1.0	1.0	1.0	1.0	1.0	1.0
0.9718065255366733	0.5933428339045989	1.0387643747154194	1.0	1.0	1.0	1.0	1.0	1.0	1.0	1.0	1.0
0.9102200386521163	0.4706862129597275	1.1740912862688704	1.0	1.0	1.0	1.0	1.0	0.0	1.0	1.0	0.0
0.948382023263035	0.5069398833033569	1.1384383118021424	1.0	1.0	1.0	1.0	1.0	1.0	1.0	1.0	1.0
0.9853673287746298	0.5445840974314373	1.1333178975480545	1.0	1.0	1.0	1.0	1.0	1.0	0.0	1.0	0.0
0.9790716882044875	0.5548611946173241	1.02251354571292	1.0	1.0	1.0	1.0	1.0	1.0	1.0	1.0	1.0
0.9871917254059578	0.5092756552544278	1.0174875023784191	1.0	1.0	1.0	0.0	1.0	1.0	0.0	1.0	1.0
0.9334466366381023	0.5910412872869226	0.9494150536438576	1.0	1.0	1.0	1.0	1.0	1.0	1.0	1.0	1.0
0.9550784680397489	0.4184565574207679	0.98980414432183	1.0	1.0	1.0	1.0	1.0	1.0	1.0	1.0	1.0
0.9072866113745506	0.6965423877586481	1.0135538910694895	1.0	1.0	1.0	1.0	1.0	1.0	1.0	1.0	1.0
0.9528107086380415	0.4877220068851022	0.9520144677315298	1.0	1.0	1.0	1.0	1.0	1.0	1.0	1.0	1.0
0.9293901813790173	0.5632083069646083	1.1568991160485862	1.0	1.0	1.0	1.0	1.0	0.0	1.0	1.0	0.0
0.9571347997138581	0.4909145464687489	1.0771464684859553	1.0	1.0	1.0	1.0	1.0	1.0	1.0	1.0	1.0
0.9223391394706796	0.6002797208946067	1.0150372987097325	1.0	1.0	1.0	1.0	1.0	1.0	1.0	1.0	1.0
0.9884794815328797	0.5503352737213532	0.8912038118712486	1.0	1.0	1.0	1.0	1.0	1.0	1.0	1.0	1.0
0.9810286242054954	0.44236530244183786	1.0600296699888672	1.0	1.0	1.0	1.0	1.0	1.0	1.0	1.0	1.0
0.9872590248210763	0.4573029952346513	1.076197247454219	1.0	1.0	1.0	1.0	1.0	1.0	1.0	1.0	1.0
0.9898490987040065	0.5861807137071563	0.869186871652129	1.0	1.0	1.0	0.0	1.0	1.0	0.0	1.0	1.0
0.9102803294432238	0.4444886006012402	1.0021915858050279	1.0	1.0	1.0	1.0	1.0	1.0	1.0	1.0	1.0
0.9487303962669674	0.4696995869320572	1.043823345778984	1.0	1.0	1.0	1.0	1.0	1.0	1.0	1.0	1.0
0.6732017634629615	0.3142738805422059	1.0484022928420427	1.0	1.0	1.0	1.0	1.0	1.0	1.0	1.0	1.0
0.9301481141274788	0.4630005597447926	0.9133286260146419	1.0	1.0	1.0	1.0	1.0	1.0	1.0	1.0	1.0
0.9840075081259243	0.6839057451574889	1.0506826677349155	1.0	1.0	1.0	1.0	1.0	1.0	1.0	1.0	1.0
0.9503697928301341	0.4653191778385508	1.0666737779997026	1.0	1.0	1.0	1.0	1.0	1.0	1.0	1.0	1.0
0.9363936348667855	0.4611659952170819	1.1486399452602674	1.0	1.0	1.0	1.0	1.0	1.0	1.0	1.0	0.0
0.9214994304022135	0.3780173141315194	0.9428938995822622	1.0	1.0	1.0	1.0	0.0	1.0	1.0	0.0	1.0
0.9736807861984446	0.4100044010262211	0.9221312832875005	1.0	1.0	1.0	1.0	1.0	1.0	1.0	1.0	1.0
0.9875402710198111	0.6306641864683025	1.1401765300241096	1.0	1.0	1.0	1.0	1.0	1.0	1.0	1.0	0.0
0.9639211446145313	0.4959977205104339	1.105268015941401	1.0	1.0	1.0	1.0	1.0	1.0	1.0	1.0	1.0
0.9498430521426067	0.4896564429194809	1.0943700915045127	1.0	1.0	1.0	1.0	1.0	1.0	1.0	1.0	1.0
0.9010935009032017	0.5182159979126061	1.1154602555674489	1.0	1.0	1.0	1.0	1.0	1.0	1.0	1.0	1.0
0.9040408589524137	0.47118985767018906	1.0454147229442183	1.0	1.0	1.0	1.0	1.0	1.0	1.0	1.0	1.0
0.9632550969864795	0.5154014869742148	0.9031971494193459	1.0	1.0	1.0	1.0	1.0	1.0	1.0	1.0	1.0
0.9180795194071241	0.3998524970353585	1.0209210902137864	1.0	1.0	1.0	1.0	1.0	1.0	1.0	1.0	1.0
0.9602747157468482	0.43264151404503154	1.0864545590700712	1.0	1.0	1.0	1.0	1.0	1.0	1.0	1.0	1.0
0.9590888944262186	0.5006018028247774	0.9619933499152974	1.0	1.0	1.0	1.0	1.0	1.0	1.0	1.0	1.0
0.9899391350381892	0.6021702457703847	0.9402839347471251	1.0	1.0	1.0	1.0	1.0	1.0	0.0	1.0	1.0
0.9613353451387494	0.5269678933354148	1.068349255079082	1.0	1.0	1.0	1.0	1.0	1.0	1.0	1.0	1.0
0.9781901896552989	0.5336158125543639	0.9890550279095953	1.0	1.0	1.0	1.0	1.0	1.0	1.0	1.0	1.0
0.9791967589187959	0.5447195203127158	1.0123973086590277	1.0	1.0	1.0	1.0	1.0	1.0	1.0	1.0	1.0
0.9858782351209772	0.48774150778623426	0.9952153806595316	1.0	1.0	1.0	1.0	1.0	1.0	1.0	1.0	1.0
0.9836760100620073	0.6333341039998204	0.9465847834885494	1.0	1.0	1.0	1.0	1.0	1.0	1.0	1.0	1.0
0.9018462619041097	0.46905668418794727	1.0669293674743066	1.0	1.0	1.0	1.0	1.0	1.0	1.0	1.0	1.0
0.9645478632568798	0.45889968740461057	1.140621330135639	1.0	1.0	1.0	1.0	1.0	1.0	1.0	1.0	0.0
0.9884801598238898	0.5618395523196705	1.0087624464402118	1.0	1.0	1.0	1.0	1.0	1.0	1.0	1.0	1.0
0.8977364334385773	0.45195142415783984	1.0294960250288852	1.0	1.0	1.0	1.0	1.0	1.0	1.0	1.0	1.0
0.9355653549352871	0.5523827790371938	1.0523446269573784	1.0	1.0	1.0	1.0	1.0	1.0	1.0	1.0	1.0
0.9254431222865017	0.5170306034365983	0.9144898821511238	1.0	1.0	1.0	1.0	1.0	1.0	1.0	1.0	1.0
0.9557196103953836	0.49715679552923364	0.9149915535919547	1.0	1.0	1.0	1.0	1.0	1.0	1.0	1.0	1.0
0.9582098890502946	0.40291778013779034	0.9594875294751553	1.0	1.0	1.0	1.0	1.0	1.0	1.0	1.0	1.0
0.9644820846707012	0.5527182336426567	1.0033301451345253	1.0	1.0	1.0	1.0	1.0	1.0	1.0	1.0	1.0
0.9067737305573771	0.3987880928589355	0.9657441242250563	1.0	1.0	1.0	1.0	1.0	1.0	1.0	1.0	1.0
0.9893644995765517	0.5632819951753855	1.0358616346783525	1.0	1.0	1.0	1.0	1.0	1.0	1.0	1.0	1.0
0.9563396869611418	0.49112523675444425	0.923349550810107	1.0	1.0	1.0	1.0	1.0	1.0	1.0	1.0	1.0
0.883416065741706	0.5032096919938387	0.9066964707666171	1.0	1.0	1.0	1.0	1.0	1.0	1.0	1.0	1.0
0.9369533337821531	0.4722933925544628	1.0665899572023887	1.0	1.0	1.0	1.0	1.0	1.0	1.0	1.0	1.0
0.9836021147931833	0.5391374391730057	0.8578088962265034	1.0	1.0	1.0	0.0	1.0	1.0	0.0	1.0	1.0
0.9639721333927955	0.47137884633593335	0.8894441732296718	1.0	1.0	1.0	1.0	1.0	1.0	1.0	1.0	1.0
0.9490149012798136	0.42406898120594194	0.9963933890449573	1.0	1.0	1.0	1.0	1.0	1.0	1.0	1.0	1.0
0.9898241138581371	0.6751509971474065	0.9223244551577424	1.0	1.0	1.0	1.0	1.0	1.0	0.0	1.0	1.0
0.9763591681884678	0.6235638860816243	0.9309084362904759	1.0	1.0	1.0	1.0	1.0	1.0	1.0	1.0	1.0
0.8901245908444648	0.5361197227368305	0.9882222534869551	1.0	1.0	1.0	1.0	1.0	1.0	1.0	1.0	1.0
0.9520028406812373	0.48667787771138327	0.9955431380765005	1.0	1.0	1.0	1.0	1.0	1.0	1.0	1.0	1.0
0.9537716793528306	0.6408390107153098	0.9027160973622638	1.0	1.0	1.0	1.0	1.0	1.0	1.0	1.0	1.0
0.9671359467919236	0.44210302283928316	0.978280229735059	1.0	1.0	1.0	1.0	1.0	1.0	1.0	1.0	1.0
0.9401450488197695	0.43090300095582	0.9406772806264608	1.0	1.0	1.0	1.0	1.0	1.0	1.0	1.0	1.0
0.7931344677268823	0.4884295231227338	0.9612693416882688	1.0	1.0	1.0	1.0	1.0	1.0	0.0	1.0	1.0
0.8801344304117455	0.44666700549897326	0.9961514892977553	1.0	1.0	1.0	1.0	1.0	1.0	0.0	1.0	1.0
0.9399889485710204	0.5368839037565089	0.9038109627081864	1.0	1.0	1.0	1.0	1.0	1.0	1.0	1.0	1.0
0.9459585892444287	0.5421989442657674	1.105424508324584	1.0	1.0	1.0	1.0	1.0	1.0	1.0	1.0	1.0
0.9696176881677583	0.43248506281990734	0.9812242232177587	1.0	1.0	1.0	1.0	1.0	1.0	1.0	1.0	1.0
0.9167979227919192	0.43758718427498894	1.0647376448312942	1.0	1.0	1.0	1.0	1.0	1.0	1.0	1.0	1.0
0.9696366618105936	0.5600670616166495	1.0406932515541205	1.0	1.0	1.0	1.0	1.0	1.0	1.0	1.0	1.0
0.9894108485088602	0.5634786840617817	0.8675936478170995	1.0	1.0	1.0	1.0	1.0	1.0	1.0	1.0	1.0
0.7546663247911147	0.33411468173221676	0.9067217901631094	1.0	1.0	1.0	1.0	1.0	1.0	1.0	1.0	1.0
0.8787197633449817	0.47447452213904406	1.0273319044647784	1.0	1.0	1.0	1.0	1.0	1.0	1.0	1.0	1.0
0.9321128606745328	0.42706596954143206	0.9213404813312638	1.0	1.0	1.0	1.0	1.0	1.0	1.0	1.0	1.0
0.9623600645708061	0.5103933983765448	1.0861055667612083	1.0	1.0	1.0	1.0	1.0	1.0	1.0	1.0	1.0
0.8640853019337278	0.44686105567039835	0.9934656645613026	1.0	1.0	1.0	1.0	1.0	1.0	0.0	1.0	1.0
0.9573097492398129	0.4078272642002542	1.053031066251061	1.0	1.0	1.0	1.0	1.0	1.0	1.0	0.0	1.0
0.9413802721224487	0.4743232723534966	1.068859469919362	1.0	1.0	1.0	1.0	1.0	1.0	1.0	1.0	1.0
0.9874713376216646	0.5545734916348772	0.8840781896792815	1.0	1.0	1.0	1.0	1.0	1.0	0.0	1.0	1.0
0.9665601222933591	0.5227372084719676	0.8925502760653411	1.0	1.0	1.0	1.0	1.0	1.0	1.0	1.0	1.0
0.9893587540430495	0.6629352798114444	0.8807465827295395	1.0	1.0	1.0	1.0	1.0	1.0	1.0	1.0	1.0
0.9107851458305765	0.337211844028	0.8031679818610101	1.0	0.0	1.0	1.0	0.0	0.0	1.0	0.0	0.0
0.9848980026750276	0.5044568773495818	1.010578449073332	1.0	1.0	1.0	1.0	1.0	1.0	1.0	1.0	1.0
0.9487720300279536	0.6083417042520677	0.9952014972514647	1.0	1.0	1.0	1.0	1.0	1.0	1.0	1.0	1.0
0.9402301222189036	0.49255807822908065	0.9427394598987601	1.0	1.0	1.0	1.0	1.0	1.0	1.0	1.0	1.0
0.9063179328686201	0.49976948137507166	0.9166362947804266	1.0	1.0	1.0	1.0	1.0	1.0	1.0	1.0	1.0
0.9507364926621569	0.47112584567008675	1.0619781232910828	1.0	1.0	1.0	1.0	1.0	1.0	1.0	1.0	1.0
0.9129481181894469	0.5570709544468604	0.9167811556917052	1.0	1.0	1.0	1.0	1.0	1.0	1.0	1.0	1.0
0.9515506522368486	0.47509725103051614	1.0170660092511987	1.0	1.0	1.0	1.0	1.0	1.0	1.0	1.0	1.0
0.9662964427318461	0.4275087720063227	0.9783411361471183	1.0	1.0	1.0	1.0	1.0	1.0	1.0	1.0	1.0
0.989323970471282	0.5560015316191597	1.0221730685398178	1.0	1.0	1.0	1.0	1.0	1.0	1.0	1.0	1.0
0.9534111504158495	0.6504625278446085	0.9891941207400489	1.0	1.0	1.0	1.0	1.0	1.0	1.0	1.0	1.0
0.9603571709689027	0.4576416702901788	0.7813633366074358	1.0	1.0	1.0	1.0	1.0	0.0	1.0	1.0	0.0
0.9233109553406939	0.3634464817682145	0.9931570097291602	1.0	1.0	1.0	1.0	0.0	1.0	1.0	0.0	1.0
0.9676998821495153	0.48404428204991556	0.9112928690491325	1.0	1.0	1.0	1.0	1.0	1.0	1.0	1.0	1.0
0.9815118920573497	0.6445930005902233	0.9472460434807946	1.0	1.0	1.0	1.0	1.0	1.0	1.0	1.0	1.0
0.9695018842154238	0.5382142142290264	0.932697462538389	1.0	1.0	1.0	1.0	1.0	1.0	1.0	1.0	1.0
0.9419578869570623	0.4562061028798542	0.9012979868499785	1.0	1.0	1.0	1.0	1.0	1.0	1.0	1.0	1.0
0.988525407178973	0.5198231201625177	0.9442013925293188	1.0	1.0	1.0	1.0	1.0	1.0	0.0	1.0	1.0
0.9411759532212048	0.5219906098078699	0.8231243253627404	1.0	1.0	1.0	1.0	1.0	1.0	1.0	1.0	0.0
0.9515882512744402	0.5059863342818794	0.940800003091164	1.0	1.0	1.0	1.0	1.0	1.0	1.0	1.0	1.0
0.8927752166403624	0.2649572978396139	0.9578349986618037	1.0	0.0	1.0	1.0	0.0	1.0	0.0	0.0	1.0
0.9574827196195921	0.5070785500353736	1.0163256860623882	1.0	1.0	1.0	1.0	1.0	1.0	1.0	1.0	1.0
0.8983451621934363	0.4254791885580672	1.0499965966938134	1.0	1.0	1.0	1.0	1.0	1.0	1.0	1.0	1.0
0.9605677211441119	0.44593351114415564	0.9288017710415643	1.0	1.0	1.0	1.0	1.0	1.0	1.0	1.0	1.0
0.9685860686333089	0.5582810451914827	1.1090006236134329	1.0	1.0	1.0	1.0	1.0	1.0	1.0	1.0	1.0
0.935857899576152	0.6149001630193636	1.0501736170653597	1.0	1.0	1.0	1.0	1.0	1.0	1.0	1.0	1.0
0.9375447156309424	0.597799286111096	1.079803020066627	1.0	1.0	1.0	1.0	1.0	1.0	1.0	1.0	1.0
0.9871994200316869	0.529982449514323	1.1074077439369225	1.0	1.0	1.0	1.0	1.0	1.0	1.0	1.0	1.0
0.9648748315749197	0.4969075175139762	1.0714088140562026	1.0	1.0	1.0	1.0	1.0	1.0	1.0	1.0	1.0
0.9271206480000491	0.4161664506955577	1.0735520973352244	1.0	1.0	1.0	1.0	1.0	1.0	1.0	1.0	1.0
0.9032352317824462	0.3987823696820391	1.0510812129417995	1.0	1.0	1.0	1.0	1.0	1.0	1.0	1.0	1.0
0.9811111120853533	0.6389070177591075	0.9095997657649564	1.0	1.0	1.0	1.0	1.0	1.0	1.0	1.0	1.0
0.92226985681755	0.5121203861880828	0.9183415481587909	1.0	1.0	1.0	1.0	1.0	1.0	1.0	1.0	1.0
0.9313260877933927	0.6370807051884676	1.0198784661886044	1.0	1.0	1.0	1.0	1.0	1.0	1.0	1.0	1.0
0.9362243668947636	0.5264256534928211	1.159870391396675	1.0	1.0	1.0	1.0	1.0	1.0	1.0	1.0	0.0
0.9494231963171782	0.5301112915483699	1.1351389149793423	1.0	1.0	1.0	1.0	1.0	1.0	1.0	1.0	0.0
0.9696389417163179	0.410402240658595	1.036096357840902	1.0	1.0	1.0	1.0	1.0	1.0	1.0	1.0	1.0
0.9684893863186926	0.5092742048046489	0.9977698137261544	1.0	1.0	1.0	1.0	1.0	1.0	1.0	1.0	1.0
0.9602235495372439	0.4914149113936178	0.9951566206650995	1.0	1.0	1.0	1.0	1.0	1.0	1.0	1.0	1.0
0.9614080022515505	0.4859215416214775	0.884116536241704	1.0	1.0	1.0	1.0	1.0	1.0	1.0	1.0	1.0
0.9223464079172485	0.487840105690113	1.1154782373649619	1.0	1.0	1.0	1.0	1.0	1.0	1.0	1.0	0.0
0.9311861034382403	0.4273922593686973	1.027419503670883	1.0	1.0	1.0	1.0	1.0	1.0	1.0	1.0	1.0
0.7690269537159667	0.41012874967667196	0.9224546870354694	1.0	1.0	1.0	0.0	1.0	1.0	0.0	1.0	1.0
0.7631036645661113	0.40249081351169563	1.098107046698707	1.0	1.0	1.0	0.0	1.0	1.0	0.0	1.0	1.0
0.9470853199570026	0.520044385361206	1.0947763490644489	1.0	1.0	1.0	1.0	1.0	1.0	1.0	1.0	1.0
0.8264891967091552	0.5418377356376832	1.016539369160674	1.0	1.0	1.0	1.0	1.0	1.0	1.0	1.0	1.0
0.9282415128657003	0.4759149418300226	0.8595462965681665	1.0	1.0	1.0	1.0	1.0	1.0	1.0	1.0	1.0
0.7335293051331856	0.38531714669012973	1.1317223542994364	1.0	1.0	1.0	0.0	1.0	1.0	0.0	1.0	0.0
0.9738155041959603	0.5619456058418446	1.0389516373639864	1.0	1.0	1.0	1.0	1.0	1.0	1.0	1.0	1.0
0.9137969284839103	0.5357542422556596	0.9825254728130967	1.0	1.0	1.0	1.0	1.0	1.0	1.0	1.0	1.0
0.9885871520883351	0.582659676157778	0.8334169678726758	1.0	1.0	1.0	1.0	1.0	1.0	1.0	1.0	0.0
0.9611873769337418	0.4888157698901719	1.153578363936324	1.0	1.0	1.0	1.0	1.0	1.0	1.0	1.0	0.0
0.971151196921207	0.4681527019346502	0.9361587545692392	1.0	1.0	1.0	1.0	1.0	1.0	1.0	1.0	1.0
0.9779142802761469	0.45028220440838657	0.9234756730956288	1.0	1.0	1.0	1.0	1.0	1.0	1.0	1.0	1.0
0.9242375533540228	0.49184666510915187	0.9013772031563999	1.0	1.0	1.0	1.0	1.0	1.0	1.0	1.0	1.0
0.9754968181496587	0.6304193372615206	1.1870250288053235	1.0	1.0	1.0	1.0	1.0	0.0	1.0	1.0	0.0
0.9219124691303933	0.4599508057029687	1.181757020134765	1.0	1.0	1.0	1.0	1.0	0.0	1.0	1.0	0.0
0.966329091527021	0.49296041624416076	0.9641332935804263	1.0	1.0	1.0	1.0	1.0	1.0	1.0	1.0	1.0
0.9417675101715243	0.3946619105979323	0.8454855152891051	1.0	1.0	1.0	1.0	1.0	1.0	1.0	0.0	1.0
0.9752250746720414	0.5945374260602737	1.0748933880754281	1.0	1.0	1.0	1.0	1.0	1.0	1.0	1.0	1.0
0.9419747226112197	0.5904530551193772	0.9741737473327933	1.0	1.0	1.0	1.0	1.0	1.0	1.0	1.0	1.0
0.9483635245791857	0.4664034998080864	1.0900944720803252	1.0	1.0	1.0	1.0	1.0	1.0	1.0	1.0	1.0
0.9117162795122649	0.48686932796161686	0.991361938024403	1.0	1.0	1.0	1.0	1.0	1.0	1.0	1.0	1.0
0.9605506390959847	0.45443171916724223	1.239918148718286	1.0	1.0	0.0	1.0	1.0	0.0	1.0	1.0	0.0
0.9407911238507995	0.521455973003762	1.039714374062864	1.0	1.0	1.0	1.0	1.0	1.0	1.0	1.0	1.0
0.9200092233100101	0.47124542326417185	1.0137545331655258	1.0	1.0	1.0	1.0	1.0	1.0	1.0	1.0	1.0
0.9416547991645816	0.5478328529453623	1.1729382172047884	1.0	1.0	1.0	1.0	1.0	1.0	1.0	1.0	0.0
0.9111259903678155	0.4334541724913267	1.023632022858695	1.0	1.0	1.0	1.0	1.0	1.0	1.0	1.0	1.0
0.9636231662707271	0.5904133082099823	0.9589923638782212	1.0	1.0	1.0	1.0	1.0	1.0	1.0	1.0	1.0
0.9335192032354965	0.4951126553496391	1.0375483253884819	1.0	1.0	1.0	1.0	1.0	1.0	1.0	1.0	1.0
0.9818533316493763	0.5582547119711797	1.0452987279539914	1.0	1.0	1.0	1.0	1.0	1.0	1.0	1.0	1.0
0.9418392390418391	0.4294550676111121	0.9230203604204086	1.0	1.0	1.0	1.0	1.0	1.0	1.0	1.0	1.0
0.9464427025796552	0.48850990317521226	1.0386878683708425	1.0	1.0	1.0	1.0	1.0	1.0	1.0	1.0	1.0
0.9875981553364328	0.6011289079639316	1.0167011740916163	1.0	1.0	1.0	1.0	1.0	1.0	1.0	1.0	1.0
0.906548350403438	0.4339747308222024	0.8737278097395992	1.0	1.0	1.0	1.0	1.0	1.0	1.0	1.0	1.0
0.8754645087585015	0.4287045223434201	0.9111976899571682	1.0	1.0	1.0	1.0	1.0	1.0	0.0	1.0	1.0
0.959954409087578	0.4824585789035631	0.9631618400379208	1.0	1.0	1.0	1.0	1.0	1.0	1.0	1.0	1.0
0.761390382166751	0.28065364630528267	1.0486118234480457	1.0	1.0	1.0	0.0	0.0	1.0	0.0	0.0	1.0
0.9437858146670761	0.543695404625227	0.9380877351675917	1.0	1.0	1.0	1.0	1.0	1.0	1.0	1.0	1.0
0.9868513833933441	0.623468935151083	1.0448493060046986	0.0	1.0	1.0	0.0	1.0	1.0	0.0	1.0	1.0
0.9669934541848565	0.43152453313492084	1.0002217234770387	1.0	1.0	1.0	1.0	1.0	1.0	1.0	1.0	1.0
0.9436403609843574	0.46921617957772427	1.0193866207315936	1.0	1.0	1.0	1.0	1.0	1.0	1.0	1.0	1.0
0.9303813032010118	0.4487927243610756	0.8652846262885626	1.0	1.0	1.0	1.0	1.0	1.0	1.0	1.0	1.0
0.9515389839877367	0.5260207394123833	1.0091258164156516	1.0	1.0	1.0	1.0	1.0	1.0	1.0	1.0	1.0
0.945922683517072	0.49897556431555357	1.0650833718572845	1.0	1.0	1.0	1.0	1.0	1.0	1.0	1.0	1.0
0.9823198822436062	0.4154007685076214	0.8675311355398811	1.0	1.0	1.0	1.0	1.0	1.0	1.0	1.0	1.0
0.9554785021788108	0.533381918037885	1.1183027011373086	1.0	1.0	1.0	1.0	1.0	1.0	1.0	1.0	1.0
0.9441920732595188	0.5125112450278027	0.9661894021375451	1.0	1.0	1.0	1.0	1.0	1.0	1.0	1.0	1.0
0.9595286668960399	0.3105737204786053	0.9660319253025828	1.0	0.0	1.0	1.0	0.0	1.0	1.0	0.0	1.0
0.9624358780380878	0.5072486686205088	1.0138069431002472	1.0	1.0	1.0	1.0	1.0	1.0	1.0	1.0	1.0
0.9577807974226952	0.41040109548236187	0.9672807655065591	1.0	1.0	1.0	1.0	1.0	1.0	1.0	1.0	1.0
0.9898325948991111	0.7124345692193377	0.9791667088754111	1.0	1.0	1.0	1.0	1.0	1.0	1.0	1.0	1.0
0.9783899912668518	0.4011922134373425	1.0856372489716695	1.0	1.0	1.0	1.0	1.0	1.0	1.0	1.0	1.0
0.9827229172549147	0.4525930988074401	0.8480129454946604	1.0	1.0	1.0	1.0	1.0	1.0	1.0	1.0	1.0
0.989205019046512	0.61005102931236	0.8913887342253404	1.0	1.0	1.0	1.0	1.0	1.0	1.0	1.0	1.0
0.9370109712152842	0.4154220920496125	1.1482069518067592	1.0	1.0	1.0	1.0	1.0	1.0	1.0	1.0	1.0
0.9100620358787029	0.4419967204910707	0.8129765523036163	1.0	1.0	1.0	1.0	1.0	0.0	1.0	1.0	0.0
0.9852059871340065	0.6174995679590447	0.8821014069327503	1.0	1.0	1.0	1.0	1.0	1.0	1.0	1.0	1.0
0.9278423870174883	0.43751411702946275	0.9746555486182874	1.0	1.0	1.0	1.0	1.0	1.0	1.0	1.0	1.0
0.9492284318113035	0.48941591039358345	0.9430116414530365	1.0	1.0	1.0	1.0	1.0	1.0	1.0	1.0	1.0
0.9738137600625345	0.46262108133417223	0.7703299945045267	1.0	1.0	1.0	1.0	1.0	0.0	1.0	1.0	0.0
0.9327981140135163	0.42954155978444414	1.1133570892356126	1.0	1.0	1.0	1.0	1.0	1.0	1.0	1.0	1.0
0.989824126274512	0.5402433689964589	1.0187856543920388	1.0	1.0	1.0	1.0	1.0	1.0	1.0	1.0	1.0
0.9486283487547357	0.5052085805001094	1.0215094215843428	1.0	1.0	1.0	1.0	1.0	1.0	1.0	1.0	1.0
0.901599707815952	0.5000309819384305	0.901210342221892	1.0	1.0	1.0	1.0	1.0	1.0	1.0	1.0	1.0
0.9657683418039894	0.495793030020584	1.0568394136036507	1.0	1.0	1.0	1.0	1.0	1.0	1.0	1.0	1.0
