0.9768713295583266	0.5827699490717438	1.0758459229315507	1.0	1.0	1.0	1.0	1.0	1.0	1.0	1.0	1.0
0.8776813146865549	0.5277292770023067	1.156578943743935	1.0	1.0	1.0	1.0	1.0	1.0	1.0	1.0	1.0
0.9237338876165111	0.5552425759250984	0.9788243027134494	1.0	1.0	1.0	1.0	1.0	1.0	1.0	1.0	1.0
0.9411496734831525	0.3918409830481201	0.9740002067017647	1.0	1.0	1.0	1.0	1.0	1.0	1.0	0.0	1.0
0.9473261286985784	0.6759555554212758	1.0518406303560524	1.0	1.0	1.0	1.0	1.0	1.0	1.0	1.0	1.0
0.8833984943299286	0.5509005797694325	1.2083476746363324	1.0	1.0	1.0	1.0	1.0	0.0	1.0	1.0	0.0
0.920013063774509	0.41457987418820236	0.9938475369185361	1.0	1.0	1.0	1.0	1.0	1.0	1.0	1.0	1.0
0.9486852293101781	0.5400700928770282	1.0230917599177414	1.0	1.0	1.0	1.0	1.0	1.0	1.0	1.0	1.0
0.9628045539436063	0.5746368629794976	1.0802445431205778	1.0	1.0	1.0	1.0	1.0	1.0	1.0	1.0	1.0
0.9328502904124938	0.42412258266959135	1.2096735320651832	1.0	1.0	1.0	1.0	1.0	0.0	1.0	1.0	0.0
0.9390576821026364	0.4327488062079284	1.0165521700721198	1.0	1.0	1.0	1.0	1.0	1.0	1.0	1.0	1.0
0.9276633490194033	0.36008039483129023	0.9485668128303579	1.0	1.0	1.0	1.0	0.0	1.0	1.0	0.0	1.0
0.9809405455601136	0.7259275352409017	0.8498230985209303	1.0	1.0	1.0	1.0	1.0	1.0	1.0	1.0	1.0
0.8362443051643661	0.40488370569312104	1.0619458649062994	1.0	1.0	1.0	1.0	1.0	1.0	0.0	1.0	1.0
0.9682791917839522	0.433860426851973	1.150815803552508	1.0	1.0	1.0	1.0	1.0	1.0	1.0	1.0	0.0
0.9857628959359203	0.49330134720264496	1.0499300293960987	1.0	1.0	1.0	1.0	1.0	1.0	1.0	1.0	1.0
0.9502082530393727	0.5346702636029792	1.0371688879438834	1.0	1.0	1.0	1.0	1.0	1.0	1.0	1.0	1.0
0.9835769400202841	0.4813059452387776	0.9253200017064367	1.0	1.0	1.0	1.0	1.0	1.0	1.0	1.0	1.0
0.9487363978276814	0.40482838533342835	0.9284642684391642	1.0	1.0	1.0	1.0	1.0	1.0	1.0	0.0	1.0
0.8907641942756543	0.4265849226278788	1.1614950415191423	1.0	1.0	1.0	1.0	1.0	0.0	1.0	1.0	0.0
0.9385287742564722	0.46420638606449655	0.8412444821127081	1.0	1.0	1.0	1.0	1.0	1.0	1.0	1.0	0.0
0.907195899519625	0.5683918942854191	0.9838364640597005	1.0	1.0	1.0	1.0	1.0	1.0	1.0	1.0	1.0
0.9587813839031493	0.5947512580172132	1.0343093805865313	1.0	1.0	1.0	1.0	1.0	1.0	1.0	1.0	1.0
0.9401442689304544	0.5268066076989406	0.9791879860334454	1.0	1.0	1.0	1.0	1.0	1.0	1.0	1.0	1.0
0.9450933193830255	0.4995365301110212	1.0318537504755172	1.0	1.0	1.0	1.0	1.0	1.0	1.0	1.0	1.0
0.8620489559735842	0.44537849747894426	0.9867584407922597	1.0	1.0	1.0	0.0	1.0	1.0	0.0	1.0	1.0
0.960442468643329	0.6314131668025565	0.9256228333379104	1.0	1.0	1.0	1.0	1.0	1.0	1.0	1.0	1.0
0.9482219721825207	0.5064573695419263	0.9249774862764889	1.0	1.0	1.0	1.0	1.0	1.0	1.0	1.0	1.0
0.951467106125058	0.44655975409826126	0.9382363984754096	1.0	1.0	1.0	1.0	1.0	1.0	1.0	1.0	1.0
0.9566098516974775	0.44374059684223877	0.9572030733473185	1.0	1.0	1.0	1.0	1.0	1.0	1.0	1.0	1.0
0.9455801406201964	0.37108183916308435	0.8882809645795389	1.0	1.0	1.0	1.0	1.0	1.0	1.0	0.0	1.0
0.9633316352742034	0.45977192965200103	0.8795292748210543	1.0	1.0	1.0	1.0	1.0	1.0	1.0	1.0	1.0
0.9669253086629755	0.45856829466442867	1.0782481869169878	1.0	1.0	1.0	1.0	1.0	1.0	1.0	1.0	1.0
0.9859131514102485	0.4821193290070215	0.9946466571217076	1.0	1.0	1.0	1.0	1.0	1.0	0.0	1.0	1.0
0.9515816764781231	0.5471652498838558	1.158082585780501	1.0	1.0	1.0	1.0	1.0	0.0	1.0	1.0	0.0
0.9394995015501921	0.555198160401234	1.0277789392241616	1.0	1.0	1.0	1.0	1.0	1.0	1.0	1.0	1.0
0.9576521485958666	0.4592011003496803	0.9968979435518102	1.0	1.0	1.0	1.0	1.0	1.0	1.0	1.0	1.0
0.9803241978062573	0.5820222164564377	0.9943562907755976	1.0	1.0	1.0	1.0	1.0	1.0	1.0	1.0	1.0
0.9307244837276097	0.48932263326479153	1.0809724065057382	1.0	1.0	1.0	1.0	1.0	1.0	1.0	1.0	1.0
0.9735198758919386	0.37309610588478	0.9423815027654197	1.0	1.0	1.0	1.0	1.0	1.0	1.0	0.0	1.0
0.9184542454066106	0.500984287514259	0.974073355629711	1.0	1.0	1.0	1.0	1.0	1.0	1.0	1.0	1.0
0.9656548797204131	0.5024108851285709	0.9725187063639107	1.0	1.0	1.0	1.0	1.0	1.0	1.0	1.0	1.0
0.9488783942693383	0.418091757087462	0.9432543760064204	1.0	1.0	1.0	1.0	1.0	1.0	1.0	1.0	1.0
0.9731734971640175	0.4527280529174855	0.9837167151444068	1.0	1.0	1.0	1.0	1.0	1.0	1.0	1.0	1.0
0.9638867579607969	0.49876163141110746	0.8161849931049221	1.0	1.0	1.0	1.0	1.0	1.0	1.0	1.0	1.0
0.9553835428941849	0.4778929088333713	1.1068473949040105	1.0	1.0	1.0	1.0	1.0	1.0	1.0	1.0	1.0
0.9791428971919962	0.4160268261146891	0.9561176656654994	1.0	1.0	1.0	1.0	1.0	1.0	1.0	1.0	1.0
0.9283914065352953	0.4801730280956139	1.064945237419091	1.0	1.0	1.0	1.0	1.0	1.0	1.0	1.0	1.0
0.9183289346558458	0.44757615977705384	1.0562932507645628	1.0	1.0	1.0	1.0	1.0	1.0	1.0	1.0	1.0
0.9279620490248865	0.47817803259892	0.9763160342177607	1.0	1.0	1.0	1.0	1.0	1.0	1.0	1.0	1.0
0.9505796299980248	0.4441994034657424	0.8860917946433102	1.0	1.0	1.0	1.0	1.0	1.0	1.0	1.0	1.0
0.9769113484229424	0.43744931721834235	0.9327601610276826	1.0	1.0	1.0	1.0	1.0	1.0	1.0	1.0	1.0
0.9511010005441389	0.5202068464025067	0.9263906683988828	1.0	1.0	1.0	1.0	1.0	1.0	1.0	1.0	1.0
0.9569935631871248	0.5849674306575801	0.9416172625994744	1.0	1.0	1.0	1.0	1.0	1.0	1.0	1.0	1.0
0.935604345786209	0.606857681331973	0.9386022825624493	1.0	1.0	1.0	1.0	1.0	1.0	1.0	1.0	1.0
0.9854153004622908	0.46152915764416796	1.0153286920804534	1.0	1.0	1.0	1.0	1.0	1.0	1.0	1.0	1.0
0.9023297730636729	0.49373260453500817	0.960535081967924	1.0	1.0	1.0	1.0	1.0	1.0	0.0	1.0	1.0
0.9873105046046335	0.5171716483094987	1.017600588977936	1.0	1.0	1.0	1.0	1.0	1.0	1.0	1.0	1.0
0.9632918449355223	0.4689264542552083	0.982324907337158	1.0	1.0	1.0	1.0	1.0	1.0	1.0	1.0	1.0
0.9482294694800103	0.4358203484488333	1.0432332995224678	1.0	1.0	1.0	1.0	1.0	1.0	1.0	1.0	1.0
0.8976622007148636	0.5062886841025571	1.0532197816641515	1.0	1.0	1.0	1.0	1.0	1.0	1.0	1.0	1.0
0.9239769044392794	0.40107613159993516	1.1067156962647031	1.0	1.0	1.0	1.0	1.0	1.0	1.0	1.0	1.0
0.9680957456871825	0.6399365240621592	1.1210105990432462	1.0	1.0	1.0	1.0	1.0	1.0	1.0	1.0	1.0
0.9872512352892053	0.5223498186642376	0.953318335161512	1.0	1.0	1.0	1.0	1.0	1.0	0.0	1.0	1.0
0.9417211349615656	0.4305356455553274	1.1334265607259517	1.0	1.0	1.0	1.0	1.0	1.0	1.0	1.0	1.0
0.9672627198750329	0.6381845464093111	0.8330318481522395	1.0	1.0	1.0	1.0	1.0	1.0	1.0	1.0	1.0
0.9788412276204236	0.5899768494956673	0.9191063039710303	1.0	1.0	1.0	1.0	1.0	1.0	1.0	1.0	1.0
0.9798096296053729	0.6267302399825947	1.0855895207031259	1.0	1.0	1.0	1.0	1.0	1.0	1.0	1.0	1.0
0.9326597357591777	0.4634472585792646	0.936056689380298	1.0	1.0	1.0	1.0	1.0	1.0	1.0	1.0	1.0
0.98836387684884	0.501328523272606	1.0121745609266628	1.0	1.0	1.0	0.0	1.0	1.0	0.0	1.0	1.0
0.9753521951366038	0.5335300847053371	0.9966265537961417	1.0	1.0	1.0	1.0	1.0	1.0	1.0	1.0	1.0
0.9340005442810418	0.4434364174221328	0.9775590578021458	1.0	1.0	1.0	1.0	1.0	1.0	1.0	1.0	1.0
0.9697850184243089	0.484557730880941	1.1595622212522447	1.0	1.0	1.0	1.0	1.0	1.0	1.0	1.0	0.0
0.9652512774627138	0.5290030475207603	0.9805445303821073	1.0	1.0	1.0	1.0	1.0	1.0	1.0	1.0	1.0
0.9760024009282458	0.4443762532007947	0.8555016112615702	1.0	1.0	1.0	1.0	1.0	1.0	1.0	1.0	1.0
0.9538857181489631	0.4964008169509187	1.0544930943443946	1.0	1.0	1.0	1.0	1.0	1.0	1.0	1.0	1.0
0.9469883872109205	0.44169166469435217	0.7654392713074635	1.0	1.0	1.0	1.0	1.0	0.0	1.0	1.0	0.0
0.9106917697599003	0.4814966470229298	1.1056053341380858	1.0	1.0	1.0	1.0	1.0	1.0	1.0	1.0	1.0
0.9010389836384172	0.4196675887407621	0.8654771611132859	1.0	1.0	1.0	1.0	1.0	1.0	1.0	1.0	1.0
0.9095074859116351	0.43030920271470874	0.9555113141350721	1.0	1.0	1.0	1.0	1.0	1.0	1.0	1.0	1.0
0.8605855786118363	0.28947734354013616	0.8966778023261082	1.0	0.0	1.0	0.0	0.0	1.0	0.0	0.0	1.0
0.9625206784378214	0.4257956569800454	0.8286636234980884	1.0	1.0	1.0	1.0	1.0	1.0	1.0	1.0	1.0
0.9553520386751484	0.49243854405782245	0.9501254704576076	1.0	1.0	1.0	1.0	1.0	1.0	1.0	1.0	1.0
0.9463772531347238	0.4184500577115956	1.0258438594806782	1.0	1.0	1.0	1.0	1.0	1.0	1.0	1.0	1.0
0.9758342652839678	0.5750520925356839	1.0536540592920258	1.0	1.0	1.0	1.0	1.0	1.0	1.0	1.0	1.0
0.9350644653268012	0.45403270313730604	0.931846989687109	1.0	1.0	1.0	1.0	1.0	1.0	1.0	1.0	1.0
0.9670683122631759	0.5488045579921279	0.9213420531037972	1.0	1.0	1.0	1.0	1.0	1.0	1.0	1.0	1.0
0.958890338258399	0.522909805039769	0.9276343641755309	1.0	1.0	1.0	1.0	1.0	1.0	1.0	1.0	1.0
0.9677473837915993	0.4453754810725376	1.1657388464394232	1.0	1.0	1.0	1.0	1.0	0.0	1.0	1.0	0.0
0.9534400362305698	0.551365411675959	1.0042866221977782	1.0	1.0	1.0	1.0	1.0	1.0	1.0	1.0	1.0
0.9479722060455391	0.5927043185240166	0.8643061368170577	1.0	1.0	1.0	1.0	1.0	1.0	1.0	1.0	1.0
0.9781517277593307	0.4083196361372979	1.0463794411061145	1.0	1.0	1.0	1.0	1.0	1.0	1.0	1.0	1.0
0.9837189916399478	0.5957603182171697	0.8268330194837527	1.0	1.0	1.0	1.0	1.0	1.0	1.0	1.0	1.0
0.9094029861897958	0.5250039381676408	0.9693123743134627	1.0	1.0	1.0	1.0	1.0	1.0	1.0	1.0	1.0
0.937548356565446	0.5283601032408268	1.1202052739319655	1.0	1.0	1.0	1.0	1.0	1.0	1.0	1.0	1.0
0.8602960110250414	0.48216144386459975	1.1419994744800803	1.0	1.0	1.0	1.0	1.0	1.0	1.0	1.0	0.0
0.9620310687126479	0.41820824419284797	0.9398010986557156	1.0	1.0	1.0	1.0	1.0	1.0	1.0	1.0	1.0
0.8628308604956749	0.4734957925338443	0.8909619371721318	1.0	1.0	1.0	1.0	1.0	1.0	0.0	1.0	1.0
0.9241720773910476	0.5893169315320813	1.0651795752109403	1.0	1.0	1.0	1.0	1.0	1.0	1.0	1.0	1.0
0.9772132380266133	0.5540913256330628	0.9315318914503266	1.0	1.0	1.0	1.0	1.0	1.0	1.0	1.0	1.0
0.9164303078185433	0.44273851319509366	0.9942418574836739	1.0	1.0	1.0	1.0	1.0	1.0	1.0	1.0	1.0
0.8816377727099265	0.4246895191671614	0.9923817875714717	1.0	1.0	1.0	1.0	1.0	1.0	0.0	1.0	1.0
0.9431006219243815	0.4723337531839499	0.8984002586387535	1.0	1.0	1.0	1.0	1.0	1.0	1.0	1.0	1.0
0.9726032322656695	0.5795697291863618	0.9496379332234706	1.0	1.0	1.0	1.0	1.0	1.0	1.0	1.0	1.0
0.9510855240411037	0.38834801922212037	1.0174785163714404	1.0	1.0	1.0	1.0	0.0	1.0	1.0	0.0	1.0
0.9728913461701456	0.5750176669008218	0.8588011051229012	1.0	1.0	1.0	1.0	1.0	1.0	1.0	1.0	1.0
0.9576491829058508	0.37932577151918345	1.063302231508419	1.0	1.0	1.0	1.0	1.0	1.0	1.0	0.0	1.0
0.9207228520422881	0.5212597949474408	0.9767121978433291	1.0	1.0	1.0	1.0	1.0	1.0	1.0	1.0	1.0
0.9421493363004775	0.5031537365753889	1.0027075662158984	1.0	1.0	1.0	1.0	1.0	1.0	1.0	1.0	1.0
0.944058438341404	0.5891940322907143	1.0301190874872739	1.0	1.0	1.0	1.0	1.0	1.0	1.0	1.0	1.0
0.9513280711927267	0.5027495000208332	1.003381076368741	1.0	1.0	1.0	1.0	1.0	1.0	1.0	1.0	1.0
0.9166678647174388	0.6016442029504676	0.9913756992750211	1.0	1.0	1.0	1.0	1.0	1.0	1.0	1.0	1.0
0.963879841557768	0.6384847889238862	1.0963418706444765	1.0	1.0	1.0	1.0	1.0	1.0	1.0	1.0	1.0
0.9450174392325575	0.4828599562017836	0.9443691416954351	1.0	1.0	1.0	1.0	1.0	1.0	1.0	1.0	1.0
0.9114608442211687	0.4825026673958762	0.9441928304489383	1.0	1.0	1.0	1.0	1.0	1.0	1.0	1.0	1.0
0.9287968573100989	0.5350378298475481	1.000678331706234	1.0	1.0	1.0	1.0	1.0	1.0	1.0	1.0	1.0
0.9624098710137712	0.4811709628072591	0.9575292115112292	1.0	1.0	1.0	1.0	1.0	1.0	1.0	1.0	1.0
0.926529544296013	0.4610825595016973	0.9691086812143371	1.0	1.0	1.0	1.0	1.0	1.0	1.0	1.0	1.0
0.9828971007267325	0.5409231715139032	1.0906264667035381	1.0	1.0	1.0	1.0	1.0	1.0	1.0	1.0	1.0
0.898729383889455	0.5419201718149035	1.0573344658154917	1.0	1.0	1.0	1.0	1.0	1.0	1.0	1.0	1.0
0.9643307470006564	0.48685738652545046	0.999185801637653	1.0	1.0	1.0	1.0	1.0	1.0	1.0	1.0	1.0
0.8868566505534722	0.4245613470260243	0.9731439884944125	1.0	1.0	1.0	1.0	1.0	1.0	0.0	1.0	1.0
0.8473938282794365	0.3640660515691388	1.039924247466724	1.0	1.0	1.0	0.0	1.0	1.0	0.0	0.0	1.0
0.9674286797394102	0.48604554427703495	1.039344786744573	1.0	1.0	1.0	1.0	1.0	1.0	1.0	1.0	1.0
0.9450438828812041	0.6293008372732677	1.1011145434452159	1.0	1.0	1.0	1.0	1.0	1.0	1.0	1.0	1.0
0.9666607080315254	0.43229532717595137	1.0302603084290214	1.0	1.0	1.0	1.0	1.0	1.0	1.0	1.0	1.0
0.981296973826614	0.510851994424904	0.9397975063859153	1.0	1.0	1.0	1.0	1.0	1.0	1.0	1.0	1.0
0.9315612116377731	0.461287165598925	0.959312597503149	1.0	1.0	1.0	1.0	1.0	1.0	1.0	1.0	1.0
0.8462736857553902	0.43902897588614226	0.9833455345981993	1.0	1.0	1.0	0.0	1.0	1.0	0.0	1.0	1.0
0.9227927014369852	0.46064697554980627	0.9943833889707099	1.0	1.0	1.0	1.0	1.0	1.0	1.0	1.0	1.0
0.9648032891343356	0.5022023181777772	0.9875011365938567	1.0	1.0	1.0	1.0	1.0	1.0	1.0	1.0	1.0
0.9036827644408321	0.4410261661239831	0.9093812251013426	1.0	1.0	1.0	1.0	1.0	1.0	1.0	1.0	1.0
0.9633382450827712	0.5281755729598605	0.9061606882184894	1.0	1.0	1.0	1.0	1.0	1.0	1.0	1.0	1.0
0.9533227154207352	0.44264429212459555	1.0286799115451262	1.0	1.0	1.0	1.0	1.0	1.0	1.0	1.0	1.0
0.9228539887628144	0.5199691161121727	0.9827137986027114	1.0	1.0	1.0	1.0	1.0	1.0	1.0	1.0	1.0
0.9394396422075332	0.3560727779154173	0.8980966367509339	1.0	1.0	1.0	1.0	0.0	1.0	1.0	0.0	1.0
0.9583043075625371	0.3839369295109973	0.8492060216678282	1.0	1.0	1.0	1.0	1.0	1.0	1.0	0.0	1.0
0.95823171637448	0.3214870945430981	0.8976025082181798	1.0	0.0	1.0	1.0	0.0	1.0	1.0	0.0	1.0
0.9849574421720269	0.5185795993776947	0.9706580731335004	1.0	1.0	1.0	1.0	1.0	1.0	1.0	1.0	1.0
0.975915774486941	0.4192669782989953	1.056103330874795	1.0	1.0	1.0	1.0	1.0	1.0	1.0	1.0	1.0
0.9866055366965609	0.4835245429824374	1.1296408004825196	1.0	1.0	1.0	1.0	1.0	1.0	0.0	1.0	1.0
0.9689763792140557	0.5484823777714061	0.8843768347944773	1.0	1.0	1.0	1.0	1.0	1.0	1.0	1.0	1.0
0.9377677446371177	0.5395725517440783	0.9634295861864369	1.0	1.0	1.0	1.0	1.0	1.0	1.0	1.0	1.0
0.9759887693471361	0.5243537029846788	0.9591577351036534	1.0	1.0	1.0	1.0	1.0	1.0	1.0	1.0	1.0
0.9497013742172613	0.6263079492537659	0.9869369744993581	1.0	1.0	1.0	1.0	1.0	1.0	1.0	1.0	1.0
0.9490356781653494	0.5434341310627282	0.8872459401865675	1.0	1.0	1.0	1.0	1.0	1.0	1.0	1.0	1.0
0.8979185771177859	0.5204783571274042	1.0926106060936402	1.0	1.0	1.0	1.0	1.0	1.0	1.0	1.0	1.0
0.9701412307969293	0.5416175975192372	0.8076792111212422	1.0	1.0	1.0	1.0	1.0	1.0	1.0	1.0	0.0
0.9552300806214021	0.4636180056614083	0.9522976096489303	1.0	1.0	1.0	1.0	1.0	1.0	1.0	1.0	1.0
0.9664326084086935	0.5065065949310563	1.084182402215061	1.0	1.0	1.0	1.0	1.0	1.0	1.0	1.0	1.0
0.9571347025482891	0.5118897173707153	1.0951874525343817	1.0	1.0	1.0	1.0	1.0	1.0	1.0	1.0	1.0
0.9221292589753116	0.4351407702300321	1.039460333575498	1.0	1.0	1.0	1.0	1.0	1.0	1.0	1.0	1.0
0.8966140038277364	0.47284002765549143	0.8979792590887358	1.0	1.0	1.0	1.0	1.0	1.0	1.0	1.0	1.0
0.949669807028184	0.6550561673189533	0.8519910125501401	1.0	1.0	1.0	1.0	1.0	1.0	1.0	1.0	1.0
0.9135005944455468	0.4160409458470767	1.1879755259605134	1.0	1.0	1.0	1.0	1.0	0.0	1.0	1.0	0.0
0.9477744002058686	0.46400591896313725	1.0375865365361236	1.0	1.0	1.0	1.0	1.0	1.0	1.0	1.0	1.0
0.9406216579229852	0.5708404943835792	1.0161848001913485	1.0	1.0	1.0	1.0	1.0	1.0	1.0	1.0	1.0
0.950200057475831	0.48018914358821385	1.2501117477248014	1.0	1.0	0.0	1.0	1.0	0.0	1.0	1.0	0.0
0.9588503587485393	0.6608585575347382	0.8740121722520128	1.0	1.0	1.0	1.0	1.0	1.0	1.0	1.0	1.0
0.959039192531913	0.5756858429386986	1.0968634662520051	1.0	1.0	1.0	1.0	1.0	1.0	1.0	1.0	1.0
0.9676135403499547	0.6809917415522356	0.9240520640155049	1.0	1.0	1.0	1.0	1.0	1.0	1.0	1.0	1.0
0.9424505173733534	0.5505007195543458	0.9762931715227294	1.0	1.0	1.0	1.0	1.0	1.0	1.0	1.0	1.0
0.9229706373135261	0.4548751633621271	1.0482345459113422	1.0	1.0	1.0	1.0	1.0	1.0	1.0	1.0	1.0
0.9636820852034881	0.44822191597881056	0.9164690735186587	1.0	1.0	1.0	1.0	1.0	1.0	1.0	1.0	1.0
0.8916697766427398	0.5525757973097581	0.8261012983057984	1.0	1.0	1.0	1.0	1.0	1.0	0.0	1.0	0.0
0.8772734361759126	0.2698005839102728	0.8762583927275572	1.0	0.0	1.0	0.0	0.0	1.0	0.0	0.0	0.0
0.9549091330266798	0.4638523706645456	1.0561198450610099	1.0	1.0	1.0	1.0	1.0	1.0	1.0	1.0	1.0
0.8747777890847009	0.4455421008216815	0.9462119019953824	1.0	1.0	1.0	1.0	1.0	1.0	0.0	1.0	1.0
0.91619372430298	0.4711756444186827	0.9858433713585907	1.0	1.0	1.0	1.0	1.0	1.0	1.0	1.0	1.0
0.9684199768105656	0.5233572577523392	0.8761899364245994	1.0	1.0	1.0	1.0	1.0	1.0	1.0	1.0	1.0
0.9622804709633753	0.4896738995608992	0.9231981073799831	1.0	1.0	1.0	1.0	1.0	1.0	1.0	1.0	1.0
0.9598959168398968	0.46865806361888607	0.9847728906537178	1.0	1.0	1.0	1.0	1.0	1.0	1.0	1.0	1.0
0.9440268334150604	0.5202352899976009	0.9439118760666728	1.0	1.0	1.0	1.0	1.0	1.0	1.0	1.0	1.0
0.9754979317474753	0.6025897133565159	0.9731527724310964	1.0	1.0	1.0	1.0	1.0	1.0	1.0	1.0	1.0
0.9288673629727734	0.567508519613453	0.9099087413930239	1.0	1.0	1.0	1.0	1.0	1.0	1.0	1.0	1.0
0.9860656022285212	0.5542523471080973	0.9230636047930325	1.0	1.0	1.0	1.0	1.0	1.0	1.0	1.0	1.0
0.95490041479283	0.5208917990044974	0.8876351648127285	1.0	1.0	1.0	1.0	1.0	1.0	1.0	1.0	1.0
0.9379182877911878	0.541368186080029	1.0639567414523203	1.0	1.0	1.0	1.0	1.0	1.0	1.0	1.0	1.0
0.9834353195676518	0.4456147911457517	0.9111415198088025	1.0	1.0	1.0	1.0	1.0	1.0	1.0	1.0	1.0
0.955081945652342	0.5540514121762872	0.9251999632597346	1.0	1.0	1.0	1.0	1.0	1.0	1.0	1.0	1.0
0.8973620445341258	0.38429990360595107	0.919231749231464	1.0	1.0	1.0	1.0	1.0	1.0	1.0	1.0	1.0
0.9599206387653698	0.4527220340853131	1.094895560710301	1.0	1.0	1.0	1.0	1.0	1.0	1.0	1.0	1.0
0.9724170935490468	0.5047262321771421	0.9639333963155914	1.0	1.0	1.0	1.0	1.0	1.0	1.0	1.0	1.0
0.9129630025460124	0.5674482560879165	1.0836074041227268	1.0	1.0	1.0	1.0	1.0	1.0	1.0	1.0	1.0
0.8680572643396929	0.4033848855347662	0.931307046456495	1.0	1.0	1.0	0.0	1.0	1.0	0.0	1.0	1.0
0.8904327752045823	0.3358055773606623	0.8958483757686029	1.0	0.0	1.0	0.0	0.0	1.0	0.0	0.0	1.0
0.9810184718646141	0.5059264987886454	0.9794503789748266	1.0	1.0	1.0	1.0	1.0	1.0	1.0	1.0	1.0
0.9683851239272832	0.40150279045522386	0.9914342809845512	1.0	1.0	1.0	1.0	1.0	1.0	1.0	1.0	1.0
0.9206058904679809	0.5390000560857466	1.1402583992060338	1.0	1.0	1.0	1.0	1.0	0.0	1.0	1.0	0.0
0.9726452085072456	0.615552035889627	1.0795374823516297	1.0	1.0	1.0	1.0	1.0	1.0	1.0	1.0	1.0
0.9531011163135588	0.49356066311808316	1.0104766445606082	1.0	1.0	1.0	1.0	1.0	1.0	1.0	1.0	1.0
0.9333652321636902	0.5668399479181574	1.0642205794957236	1.0	1.0	1.0	1.0	1.0	1.0	1.0	1.0	1.0
0.9302772242949819	0.4842377949154862	1.061134621341965	1.0	1.0	1.0	1.0	1.0	1.0	1.0	1.0	1.0
0.8629051336864476	0.4852270066038946	0.9790109623369467	1.0	1.0	1.0	0.0	1.0	1.0	0.0	1.0	1.0
0.9261518998287711	0.492952591288893	0.9505391459651319	1.0	1.0	1.0	1.0	1.0	1.0	1.0	1.0	1.0
0.9360000729456244	0.4493911756315733	0.9272811233283965	1.0	1.0	1.0	1.0	1.0	1.0	1.0	1.0	1.0
0.9756970554462929	0.6633518260983249	1.1113341460276904	1.0	1.0	1.0	1.0	1.0	1.0	1.0	1.0	1.0
0.9626645562850675	0.5026240344818574	0.9532816306976276	1.0	1.0	1.0	1.0	1.0	1.0	1.0	1.0	1.0
0.9830786609277476	0.517412173739435	1.0919012211061052	1.0	1.0	1.0	1.0	1.0	1.0	1.0	1.0	1.0
0.9718808065261253	0.45159755031393917	1.0546795868437562	1.0	1.0	1.0	1.0	1.0	1.0	1.0	1.0	1.0
0.9406233357680356	0.44615557058297833	1.0007278320360857	1.0	1.0	1.0	1.0	1.0	1.0	1.0	1.0	1.0
0.9746563575630103	0.4776442242556984	1.035068828030422	1.0	1.0	1.0	1.0	1.0	1.0	1.0	1.0	1.0
0.9391680334165697	0.4449550118928323	0.9969557835009402	1.0	1.0	1.0	1.0	1.0	1.0	1.0	1.0	1.0
0.87028312347088	0.27450848036461806	1.1486794398295463	1.0	0.0	1.0	0.0	0.0	0.0	0.0	0.0	0.0
0.9448596542930939	0.5097002150838716	0.9732025721361319	1.0	1.0	1.0	1.0	1.0	1.0	1.0	1.0	1.0
0.9491513733461663	0.5140006374913881	0.9583005287241791	1.0	1.0	1.0	1.0	1.0	1.0	1.0	1.0	1.0
0.9712699634123848	0.5913519873847874	0.9413073595415291	1.0	1.0	1.0	1.0	1.0	1.0	1.0	1.0	1.0
0.9886057905101018	0.47183749049902174	0.9501886514673694	1.0	1.0	1.0	0.0	1.0	1.0	0.0	1.0	1.0
0.9524170394630336	0.3484957188473295	0.9924941889006093	1.0	1.0	1.0	1.0	0.0	1.0	1.0	0.0	1.0
0.9215205575733223	0.4636718414057051	0.9003882288201667	1.0	1.0	1.0	1.0	1.0	1.0	1.0	1.0	1.0
0.9858967858837645	0.5614891466650461	0.9650939550513211	1.0	1.0	1.0	1.0	1.0	1.0	1.0	1.0	1.0
0.9339173560106299	0.5006933646356043	0.7802080188455219	1.0	1.0	1.0	1.0	1.0	0.0	1.0	1.0	0.0
0.9765642562304125	0.5599399896011404	1.0535899135520477	1.0	1.0	1.0	1.0	1.0	1.0	1.0	1.0	1.0
0.9573276839512797	0.48534290853942724	1.0754366269185254	1.0	1.0	1.0	1.0	1.0	1.0	1.0	1.0	1.0
0.9732303533025461	0.5161464701857077	0.9074177842775154	1.0	1.0	1.0	1.0	1.0	1.0	1.0	1.0	1.0
0.978101725606233	0.456471435080853	0.8547657438422813	1.0	1.0	1.0	1.0	1.0	1.0	1.0	1.0	1.0
0.9836748904341722	0.4534753564506357	1.0830264710614	1.0	1.0	1.0	1.0	1.0	1.0	1.0	1.0	1.0
0.9573068369536846	0.48597204519314985	1.1424072537782641	1.0	1.0	1.0	1.0	1.0	1.0	1.0	1.0	0.0
0.9610321603932117	0.46920206468466896	1.1224520717347422	1.0	1.0	1.0	1.0	1.0	1.0	1.0	1.0	1.0
0.8280821488913176	0.40244632423949017	0.8690271778653709	1.0	1.0	1.0	0.0	1.0	1.0	0.0	1.0	1.0
0.9806980941684478	0.555472879953195	0.9031129600100076	1.0	1.0	1.0	1.0	1.0	1.0	1.0	1.0	1.0
0.9650135170547799	0.5324961191654917	0.9807460043779879	1.0	1.0	1.0	1.0	1.0	1.0	1.0	1.0	1.0
0.8987711604947094	0.442768703901428	0.9407033334186303	1.0	1.0	1.0	1.0	1.0	1.0	1.0	1.0	1.0
0.8394126767983848	0.30474556297916133	0.9879982961301352	1.0	1.0	1.0	0.0	0.0	1.0	0.0	0.0	1.0
0.9477322761254771	0.55771441039931	0.9589308918701885	1.0	1.0	1.0	1.0	1.0	1.0	1.0	1.0	1.0
0.9400978303850417	0.5390782177159869	0.8850869347581086	1.0	1.0	1.0	1.0	1.0	1.0	1.0	1.0	1.0
0.9646428449982933	0.5616904478909244	0.8279526449149311	1.0	1.0	1.0	1.0	1.0	1.0	1.0	1.0	1.0
0.9405776866405037	0.36431245824241165	1.1041322762009023	1.0	1.0	1.0	1.0	0.0	1.0	1.0	0.0	1.0
0.9240789580769819	0.5078853674763862	1.0929909283716344	1.0	1.0	1.0	1.0	1.0	1.0	1.0	1.0	1.0
0.9606854079260101	0.5473199305347541	1.0535656751654523	1.0	1.0	1.0	1.0	1.0	1.0	1.0	1.0	1.0
0.976772373630976	0.540096968474585	0.8699839634128467	1.0	1.0	1.0	1.0	1.0	1.0	1.0	1.0	1.0
0.9738644873198229	0.4400937332520459	1.038176507470164	1.0	1.0	1.0	1.0	1.0	1.0	1.0	1.0	1.0
0.9503542955513719	0.4999488790842155	0.9808501984418431	1.0	1.0	1.0	1.0	1.0	1.0	1.0	1.0	1.0
0.9790404006629705	0.6014715993326724	0.9703660184190638	1.0	1.0	1.0	1.0	1.0	1.0	1.0	1.0	1.0
0.98657764991255	0.5696984456600398	0.8847866318111366	1.0	1.0	1.0	1.0	1.0	1.0	1.0	1.0	1.0
0.9510408754679253	0.5204209375988956	1.0569919500415044	1.0	1.0	1.0	1.0	1.0	1.0	1.0	1.0	1.0
0.9206592318369828	0.504035549332046	1.1315628453147322	1.0	1.0	1.0	1.0	1.0	1.0	1.0	1.0	0.0
0.9011356117239334	0.4875056558381273	1.003850395500683	1.0	1.0	1.0	1.0	1.0	1.0	1.0	1.0	1.0
0.9535306465498455	0.5509027970267892	0.9776995138467869	1.0	1.0	1.0	1.0	1.0	1.0	1.0	1.0	1.0
0.9153105779507607	0.4184148981787794	1.1162800897163587	1.0	1.0	1.0	1.0	1.0	1.0	1.0	1.0	1.0
0.9629674222738087	0.42927091538419815	0.9437762091426386	1.0	1.0	1.0	1.0	1.0	1.0	1.0	0.0	1.0
0.9145571965299418	0.48026921411400475	1.0755062114968819	1.0	1.0	1.0	1.0	1.0	1.0	1.0	1.0	1.0
0.9564900688861325	0.5214884922190075	1.1036859109959447	1.0	1.0	1.0	1.0	1.0	1.0	1.0	1.0	1.0
0.9379969000311947	0.3983329249722501	1.0281954461635974	1.0	1.0	1.0	1.0	1.0	1.0	1.0	0.0	1.0
0.9452164739396508	0.4603143882057731	1.0192920610357505	1.0	1.0	1.0	1.0	1.0	1.0	1.0	1.0	1.0
0.9607727187225009	0.5383178895873711	1.0712301265267088	1.0	1.0	1.0	1.0	1.0	1.0	1.0	1.0	1.0
0.9567520113218178	0.6124672558111423	1.0468465275387595	1.0	1.0	1.0	1.0	1.0	1.0	1.0	1.0	1.0
0.8885140153644597	0.49580271807358656	1.0234627730794623	1.0	1.0	1.0	1.0	1.0	1.0	1.0	1.0	1.0
0.9184966946870505	0.4326832219931911	0.9851296445824819	1.0	1.0	1.0	1.0	1.0	1.0	1.0	1.0	1.0
0.9310476904091468	0.41033869104156817	1.062622858791088	1.0	1.0	1.0	1.0	1.0	1.0	1.0	1.0	1.0
0.9414152475708939	0.5410325158430905	1.0492324590500035	1.0	1.0	1.0	1.0	1.0	1.0	1.0	1.0	1.0
0.8897919150764126	0.3992589492183533	0.9004535527894482	1.0	1.0	1.0	1.0	1.0	1.0	1.0	1.0	1.0
0.9832407649817069	0.503527846475949	0.9832780124127732	1.0	1.0	1.0	1.0	1.0	1.0	1.0	1.0	1.0
0.9607983459367	0.6029638028071649	0.8999918982104793	1.0	1.0	1.0	1.0	1.0	1.0	1.0	1.0	1.0
0.9443626701944114	0.6641648787861152	0.9037402321000678	1.0	1.0	1.0	1.0	1.0	1.0	1.0	1.0	1.0
0.9274433778016835	0.5012711931273549	1.0326286459847123	1.0	1.0	1.0	1.0	1.0	1.0	1.0	1.0	1.0
0.9495434435542301	0.540743802931028	1.0093330911383878	1.0	1.0	1.0	1.0	1.0	1.0	1.0	1.0	1.0
0.9543127745907881	0.5148495747541909	0.9309796314314132	1.0	1.0	1.0	1.0	1.0	1.0	1.0	1.0	1.0
0.9698896160988265	0.4437158173618205	0.8940493818425858	1.0	1.0	1.0	1.0	1.0	1.0	1.0	1.0	1.0
0.9545044997428023	0.4920706905332784	0.8492615296115195	1.0	1.0	1.0	1.0	1.0	1.0	1.0	1.0	1.0
0.9258313674092017	0.557001428988293	0.9751709737157284	1.0	1.0	1.0	1.0	1.0	1.0	1.0	1.0	1.0
0.815836545273766	0.4797576837278884	0.9740342719794644	1.0	1.0	1.0	1.0	1.0	1.0	1.0	1.0	1.0
0.9678788494202024	0.5305788396819632	0.9712956151644505	1.0	1.0	1.0	1.0	1.0	1.0	1.0	1.0	1.0
0.9468981410824242	0.4344128202654645	1.0441118515383434	1.0	1.0	1.0	1.0	1.0	1.0	1.0	1.0	1.0
0.9740826493130865	0.5779294549717663	0.993709031338662	1.0	1.0	1.0	1.0	1.0	1.0	1.0	1.0	1.0
0.9856952462095746	0.48451337946402384	1.0463001589018892	1.0	1.0	1.0	1.0	1.0	1.0	1.0	1.0	1.0
0.9641763233179017	0.5072556317641922	0.8466155488440038	1.0	1.0	1.0	1.0	1.0	1.0	1.0	1.0	1.0
0.9844744191540629	0.5528742590402108	1.0352903712346433	1.0	1.0	1.0	1.0	1.0	1.0	0.0	1.0	1.0
0.9738392798379953	0.4209756595084785	1.03819629087858	1.0	1.0	1.0	1.0	1.0	1.0	1.0	1.0	1.0
0.9891999511515852	0.5653508009497649	1.0448175735057932	1.0	1.0	1.0	1.0	1.0	1.0	1.0	1.0	1.0
0.9092355615431554	0.42338390614236404	1.0859227231814765	1.0	1.0	1.0	1.0	1.0	1.0	1.0	1.0	1.0
0.9666310870725598	0.653442375606085	0.9104705320309849	1.0	1.0	1.0	1.0	1.0	1.0	1.0	1.0	1.0
0.9644149808733338	0.44865200666614324	1.0520570887610494	1.0	1.0	1.0	1.0	1.0	1.0	1.0	1.0	1.0
0.9061846628333103	0.3754354409846088	1.1752894423035143	1.0	1.0	1.0	1.0	0.0	1.0	1.0	0.0	0.0
0.8726109910402258	0.4983995914315703	1.2352056687006763	1.0	1.0	0.0	1.0	1.0	0.0	1.0	1.0	0.0
0.9204145770904085	0.38464633630602996	0.9145995828339353	1.0	1.0	1.0	1.0	1.0	1.0	1.0	0.0	1.0
0.9640710755385746	0.5006093931519686	0.8650157957090507	1.0	1.0	1.0	1.0	1.0	1.0	1.0	1.0	1.0
0.9832428242362142	0.5198471191215851	0.9503030663131068	1.0	1.0	1.0	1.0	1.0	1.0	1.0	1.0	1.0
0.9881718719587594	0.46455590028443855	0.9073864306823296	1.0	1.0	1.0	1.0	1.0	1.0	1.0	1.0	1.0
0.926511398997307	0.48447217794071434	0.9255341388291853	1.0	1.0	1.0	1.0	1.0	1.0	1.0	1.0	1.0
0.9383562357584674	0.4442389739214988	0.9120365058026767	1.0	1.0	1.0	1.0	1.0	1.0	1.0	1.0	1.0
0.9606852965193831	0.3712185567430813	1.0014705904123877	1.0	1.0	1.0	1.0	1.0	1.0	1.0	0.0	1.0
0.9073607894406154	0.4033548036643329	0.9205674675784132	1.0	1.0	1.0	1.0	1.0	1.0	0.0	0.0	1.0
0.9239570751991754	0.452856343553766	1.1051557680550548	1.0	1.0	1.0	1.0	1.0	1.0	1.0	1.0	1.0
0.974271988287407	0.4611746352230094	0.926467003849317	1.0	1.0	1.0	1.0	1.0	1.0	1.0	1.0	1.0
0.9496107923394499	0.43377146830140373	0.9494911784252965	1.0	1.0	1.0	1.0	1.0	1.0	1.0	1.0	1.0
0.9181017160454663	0.4404760820109266	0.803186087991203	1.0	1.0	1.0	1.0	1.0	0.0	1.0	1.0	0.0
0.9612490243373092	0.4830531855510234	0.9595297204695321	1.0	1.0	1.0	1.0	1.0	1.0	1.0	1.0	1.0
0.9376644718406305	0.5037507014712392	1.0342447402805541	1.0	1.0	1.0	1.0	1.0	1.0	1.0	1.0	1.0
0.9793948874312857	0.6667221726264737	0.961346376811726	1.0	1.0	1.0	1.0	1.0	1.0	1.0	1.0	1.0
0.9844381598444099	0.48622188093796226	1.101008771348363	1.0	1.0	1.0	1.0	1.0	1.0	1.0	1.0	1.0
0.9654852899159377	0.5039586624897595	1.0169048158532064	1.0	1.0	1.0	1.0	1.0	1.0	1.0	1.0	1.0
0.9031860591564831	0.4071649731941171	0.957724149307736	1.0	1.0	1.0	1.0	1.0	1.0	1.0	1.0	1.0
0.8986456141176483	0.5996003655427573	1.0632109807525532	1.0	1.0	1.0	1.0	1.0	1.0	1.0	1.0	1.0
0.9334737795674738	0.5228848724297643	0.9593649495312385	1.0	1.0	1.0	1.0	1.0	1.0	1.0	1.0	1.0
0.9495495671572983	0.5757083355557314	0.9976173618480998	1.0	1.0	1.0	1.0	1.0	1.0	1.0	1.0	1.0
0.9595629856310253	0.587529013107087	0.9270818746542628	1.0	1.0	1.0	1.0	1.0	1.0	1.0	1.0	1.0
0.9787356460035086	0.49461787425897136	0.9232851635506	1.0	1.0	1.0	1.0	1.0	1.0	1.0	1.0	1.0
0.9303504090892597	0.5257586030193033	0.8863175976664037	1.0	1.0	1.0	1.0	1.0	1.0	1.0	1.0	1.0
0.9570656902672413	0.43423886607599943	1.0997772627396287	1.0	1.0	1.0	1.0	1.0	1.0	1.0	1.0	1.0
0.9814871101315165	0.5258934034240091	0.8352297645975232	1.0	1.0	1.0	1.0	1.0	0.0	0.0	1.0	0.0
0.8446326939320896	0.42523649787743706	0.979302741263115	1.0	1.0	1.0	1.0	1.0	1.0	0.0	1.0	1.0
0.8424047408372719	0.400656596961398	0.9924755917366255	1.0	1.0	1.0	0.0	1.0	1.0	0.0	1.0	1.0
0.9578144553537573	0.5060350251114789	1.0678699606704491	1.0	1.0	1.0	1.0	1.0	1.0	1.0	1.0	1.0
0.8589607101973059	0.38363133818029516	0.9114492797298227	1.0	1.0	1.0	0.0	1.0	1.0	0.0	0.0	1.0
0.9259844109703984	0.46048455918763015	1.0119339353957204	1.0	1.0	1.0	1.0	1.0	1.0	1.0	1.0	1.0
0.9689320301772625	0.5141252806941471	0.8826633316328585	1.0	1.0	1.0	1.0	1.0	1.0	1.0	1.0	1.0
0.9721322964157346	0.5012785742363807	1.0359823510948716	1.0	1.0	1.0	1.0	1.0	1.0	1.0	1.0	1.0
0.9899270036531764	0.5356231478166896	1.1361924659283127	1.0	1.0	1.0	1.0	1.0	1.0	1.0	1.0	1.0
0.9388459835962152	0.533858197647497	1.0230757753661675	1.0	1.0	1.0	1.0	1.0	1.0	1.0	1.0	1.0
0.9510360927809436	0.4849816331205222	1.001276872692884	1.0	1.0	1.0	1.0	1.0	1.0	1.0	1.0	1.0
0.9557749911914241	0.5634468443995284	1.0563288152901196	1.0	1.0	1.0	1.0	1.0	1.0	1.0	1.0	1.0
0.9165668041178598	0.49872402963168855	1.1883639877728134	1.0	1.0	1.0	1.0	1.0	0.0	1.0	1.0	0.0
0.9521981727199896	0.5219844369045593	1.1367448440001624	1.0	1.0	1.0	1.0	1.0	1.0	1.0	1.0	0.0
0.9840877721755886	0.5503994875004978	1.1223949201188828	1.0	1.0	1.0	1.0	1.0	1.0	0.0	1.0	1.0
0.9833105425339275	0.5353258531879759	1.03497696517419	1.0	1.0	1.0	1.0	1.0	1.0	1.0	1.0	1.0
0.9807143783565718	0.5413569508395267	0.9768054406872579	1.0	1.0	1.0	1.0	1.0	1.0	0.0	1.0	1.0
0.8919237273419419	0.5271350922737839	0.9487620402088975	1.0	1.0	1.0	1.0	1.0	1.0	1.0	1.0	1.0
0.9543584992662288	0.45302624377934936	0.959948422242793	1.0	1.0	1.0	1.0	1.0	1.0	1.0	1.0	1.0
0.9704370900106536	0.7766770941754776	0.9371634462327217	1.0	1.0	1.0	1.0	1.0	1.0	1.0	1.0	1.0
0.9576004087733329	0.51336598624174	0.9523761712427296	1.0	1.0	1.0	1.0	1.0	1.0	1.0	1.0	1.0
0.9078780578623629	0.5336995275175023	1.1420339396454369	1.0	1.0	1.0	1.0	1.0	0.0	1.0	1.0	0.0
0.9560345980088591	0.49242090456720305	1.0757672429019964	1.0	1.0	1.0	1.0	1.0	1.0	1.0	1.0	1.0
0.9094279675709903	0.5958019349920911	0.9744020831555091	1.0	1.0	1.0	1.0	1.0	1.0	1.0	1.0	1.0
0.9857610762335727	0.5090728231183738	0.8602057677931003	1.0	1.0	1.0	1.0	1.0	1.0	1.0	1.0	1.0
0.9874891471459007	0.446154986754391	1.0703141726936882	1.0	1.0	1.0	1.0	1.0	1.0	1.0	1.0	1.0
0.9885055788907909	0.48152711698307354	1.0588329536899026	1.0	1.0	1.0	1.0	1.0	1.0	1.0	1.0	1.0
0.9880723152559612	0.5482485171018587	0.9047877756319597	1.0	1.0	1.0	0.0	1.0	1.0	0.0	1.0	1.0
0.8929701382091292	0.42047473569384647	0.992758051539656	1.0	1.0	1.0	1.0	1.0	1.0	1.0	1.0	1.0
0.9558669710574241	0.4747726875451525	1.0527671596327401	1.0	1.0	1.0	1.0	1.0	1.0	1.0	1.0	1.0
0.9517611669577712	0.5451312812024993	1.0228808793568918	1.0	1.0	1.0	1.0	1.0	1.0	1.0	1.0	1.0
0.9405155394240163	0.49940245356008744	0.9375207216121454	1.0	1.0	1.0	1.0	1.0	1.0	1.0	1.0	1.0
0.969969563908436	0.6304682028108523	1.0444674082422247	1.0	1.0	1.0	1.0	1.0	1.0	1.0	1.0	1.0
0.9520644240154789	0.4526611504390717	1.0567014681010307	1.0	1.0	1.0	1.0	1.0	1.0	1.0	1.0	1.0
0.9274574400131135	0.46131200629040053	1.1433003946771654	1.0	1.0	1.0	1.0	1.0	1.0	1.0	1.0	0.0
0.9318338258230873	0.3855596389687015	0.9045223214427247	1.0	1.0	1.0	1.0	0.0	1.0	1.0	0.0	1.0
0.978441161503138	0.42187978564994966	0.9248241168370914	1.0	1.0	1.0	1.0	1.0	1.0	1.0	1.0	1.0
0.981360387489616	0.5806273458976839	1.1396054659212878	1.0	1.0	1.0	1.0	1.0	1.0	1.0	1.0	0.0
0.9596511822992991	0.47391620243210725	1.1295254828356347	1.0	1.0	1.0	1.0	1.0	1.0	1.0	1.0	1.0
0.9540454633846785	0.48488385393653033	1.0993318624991464	1.0	1.0	1.0	1.0	1.0	1.0	1.0	1.0	1.0
0.9050521367112262	0.5245783008911427	1.1249164021602414	1.0	1.0	1.0	1.0	1.0	1.0	1.0	1.0	1.0
0.908474529314819	0.49989555046871564	1.0205530692472373	1.0	1.0	1.0	1.0	1.0	1.0	0.0	1.0	1.0
0.9755942052411607	0.5164247686497534	0.8748604497404008	1.0	1.0	1.0	1.0	1.0	1.0	1.0	1.0	1.0
0.8982511912475407	0.35911671191139505	0.9959663780552905	1.0	1.0	1.0	1.0	1.0	1.0	1.0	0.0	1.0
0.9572010319105269	0.44712647941352107	1.0766960542706396	1.0	1.0	1.0	1.0	1.0	1.0	1.0	1.0	1.0
0.9599741417771734	0.5125541032817886	0.941296647759212	1.0	1.0	1.0	1.0	1.0	1.0	1.0	1.0	1.0
0.9769851598148618	0.5685924246205176	0.9828508730152677	1.0	1.0	1.0	1.0	1.0	1.0	0.0	1.0	1.0
0.954761281483348	0.48957548597321776	1.054908133175068	1.0	1.0	1.0	1.0	1.0	1.0	1.0	1.0	1.0
0.9558439633375314	0.49310949998626785	0.9887167440485052	1.0	1.0	1.0	1.0	1.0	1.0	1.0	1.0	1.0
0.9694201837567821	0.5267119853639548	1.0223459004596491	1.0	1.0	1.0	1.0	1.0	1.0	1.0	1.0	1.0
0.986584706785168	0.4755284158757682	0.9747399678365626	1.0	1.0	1.0	1.0	1.0	1.0	1.0	1.0	1.0
0.969116014158295	0.5931983009887347	0.962128509496317	1.0	1.0	1.0	1.0	1.0	1.0	1.0	1.0	1.0
0.8740091588262843	0.44679455568489795	1.0381995695130117	1.0	1.0	1.0	1.0	1.0	1.0	0.0	1.0	1.0
0.9701533538477137	0.4730319223210336	1.1267038603652584	1.0	1.0	1.0	1.0	1.0	1.0	1.0	1.0	0.0
0.976460729470221	0.5246010727614633	0.996574115372649	1.0	1.0	1.0	1.0	1.0	1.0	1.0	1.0	1.0
0.8895164569036142	0.4445833360653703	1.0091533478462824	1.0	1.0	1.0	1.0	1.0	1.0	1.0	1.0	1.0
0.9304205154720875	0.5604107568355479	1.057835550172618	1.0	1.0	1.0	1.0	1.0	1.0	1.0	1.0	1.0
0.9123623273990646	0.5087014806689919	0.885380230609176	1.0	1.0	1.0	1.0	1.0	1.0	1.0	1.0	1.0
0.9539933369752603	0.504360967038563	0.916170532311175	1.0	1.0	1.0	1.0	1.0	1.0	1.0	1.0	1.0
0.9537417192558783	0.381115356114959	0.9546650322990383	1.0	1.0	1.0	1.0	1.0	1.0	1.0	0.0	1.0
0.9591355605884332	0.5258333907358081	1.0334408699683406	1.0	1.0	1.0	1.0	1.0	1.0	1.0	1.0	1.0
0.9086084858950926	0.4017845260671073	0.9506481073520523	1.0	1.0	1.0	1.0	1.0	1.0	1.0	0.0	1.0
0.9837193918152871	0.5310365820421199	1.0558573498709563	1.0	1.0	1.0	1.0	1.0	1.0	1.0	1.0	1.0
0.9534207998974449	0.4839435612068573	0.9627584321215903	1.0	1.0	1.0	1.0	1.0	1.0	1.0	1.0	1.0
0.8664565036696453	0.47715495657616563	0.8879614927792673	1.0	1.0	1.0	1.0	1.0	1.0	0.0	1.0	1.0
0.9284568636707607	0.4692886234841566	1.1067604575479795	1.0	1.0	1.0	1.0	1.0	1.0	1.0	1.0	1.0
0.9836123338919034	0.5580837184760222	0.7984664549395518	1.0	1.0	1.0	0.0	1.0	1.0	0.0	1.0	1.0
0.9652808225805085	0.4385544245460046	0.9399726230644208	1.0	1.0	1.0	1.0	1.0	1.0	1.0	1.0	1.0
0.9416613176509571	0.4168708532828035	0.9908212469241068	1.0	1.0	1.0	1.0	1.0	1.0	1.0	1.0	1.0
0.8391248410993651	0.468409344234448	0.9515404342201608	1.0	1.0	1.0	1.0	1.0	1.0	0.0	1.0	1.0
0.9742515665541128	0.625947476458941	0.933698072277859	1.0	1.0	1.0	1.0	1.0	1.0	1.0	1.0	1.0
0.9348973280094113	0.5874210410765307	0.9627753832136144	1.0	1.0	1.0	1.0	1.0	1.0	1.0	1.0	1.0
0.9470236849548814	0.5022287216578278	1.0060641087540252	1.0	1.0	1.0	1.0	1.0	1.0	1.0	1.0	1.0
0.9303726230086404	0.5863244486375345	0.8688074739696291	1.0	1.0	1.0	1.0	1.0	1.0	1.0	1.0	1.0
0.960820819555259	0.44480659550740864	0.9816668582620445	1.0	1.0	1.0	1.0	1.0	1.0	1.0	1.0	1.0
0.9371586088117115	0.42241999745422243	0.948548174604258	1.0	1.0	1.0	1.0	1.0	1.0	1.0	1.0	1.0
0.8174305140873981	0.5107426947647745	0.9685843201306021	1.0	1.0	1.0	1.0	1.0	1.0	0.0	1.0	1.0
0.8769310129979686	0.46103073838966296	1.0152553608040633	1.0	1.0	1.0	1.0	1.0	1.0	0.0	1.0	1.0
0.9335759814325384	0.5060759507423608	0.9056757510286934	1.0	1.0	1.0	1.0	1.0	1.0	1.0	1.0	1.0
0.9396437861005724	0.5196230558711056	1.0695247564883819	1.0	1.0	1.0	1.0	1.0	1.0	1.0	1.0	1.0
0.9737109820698548	0.43417891394073066	0.9308496458574802	1.0	1.0	1.0	1.0	1.0	1.0	1.0	1.0	1.0
0.9093113710228187	0.4289312647974085	1.049341377222374	1.0	1.0	1.0	1.0	1.0	1.0	1.0	1.0	1.0
0.9731054989060668	0.5627743406094509	1.043228145212177	1.0	1.0	1.0	1.0	1.0	1.0	1.0	1.0	1.0
0.9866127008412197	0.5293582093514022	0.8625553622145036	1.0	1.0	1.0	1.0	1.0	1.0	1.0	1.0	1.0
0.9390588120876818	0.49298206429784897	0.899440009004297	1.0	1.0	1.0	1.0	1.0	1.0	1.0	1.0	1.0
0.8606002008849026	0.4429096827589202	0.9980953115391453	1.0	1.0	1.0	1.0	1.0	1.0	0.0	1.0	1.0
0.9195160115127294	0.4163817435324313	0.9412540473374778	1.0	1.0	1.0	1.0	1.0	1.0	1.0	1.0	1.0
0.9678580129114119	0.5344430859124045	1.0770675206363016	1.0	1.0	1.0	1.0	1.0	1.0	1.0	1.0	1.0
0.8625246099865184	0.44590440142832183	0.9815365589785242	1.0	1.0	1.0	1.0	1.0	1.0	0.0	1.0	1.0
0.9595256718167132	0.4149235000141431	1.0378580220495326	1.0	1.0	1.0	1.0	1.0	1.0	1.0	0.0	1.0
0.9281311455187212	0.4588778369497481	1.0744370140679511	1.0	1.0	1.0	1.0	1.0	1.0	1.0	1.0	1.0
0.9897493435162181	0.5416190675222523	0.9277569626561364	1.0	1.0	1.0	1.0	1.0	1.0	0.0	1.0	1.0
0.9671849691261801	0.5371652614477871	0.8775052991051099	1.0	1.0	1.0	1.0	1.0	1.0	1.0	1.0	1.0
0.9766037798330427	0.6552843405958	0.8740320476489287	1.0	1.0	1.0	1.0	1.0	1.0	1.0	1.0	1.0
0.9086596587454912	0.3398166303822387	0.8037918309130158	1.0	0.0	1.0	1.0	0.0	0.0	1.0	0.0	0.0
0.9865147554257114	0.5069303019100672	1.0067274432419784	1.0	1.0	1.0	1.0	1.0	1.0	1.0	1.0	1.0
0.9408577533956929	0.6167769181027849	0.9523323783102449	1.0	1.0	1.0	1.0	1.0	1.0	1.0	1.0	1.0
0.9392922372319892	0.4820283842871198	0.9282694285473985	1.0	1.0	1.0	1.0	1.0	1.0	1.0	1.0	1.0
0.8842834403901029	0.4701492130692977	0.8751363270374146	1.0	1.0	1.0	1.0	1.0	1.0	1.0	1.0	1.0
0.9527980519334903	0.4833622084186708	1.088868263226929	1.0	1.0	1.0	1.0	1.0	1.0	1.0	1.0	1.0
0.929222492143712	0.5563832889769874	0.8862006321990513	1.0	1.0	1.0	1.0	1.0	1.0	1.0	1.0	1.0
0.9490318588351805	0.4492897038802925	1.0455673499343827	1.0	1.0	1.0	1.0	1.0	1.0	1.0	1.0	1.0
0.9570218741336084	0.4518530580764261	0.9585213690848949	1.0	1.0	1.0	1.0	1.0	1.0	1.0	1.0	1.0
0.9813666867659686	0.5195248087045027	1.0618021914360147	1.0	1.0	1.0	1.0	1.0	1.0	1.0	1.0	1.0
0.9511548984751903	0.6386086091395425	1.0186833607878982	1.0	1.0	1.0	1.0	1.0	1.0	1.0	1.0	1.0
0.9642252812044715	0.4695227605072623	0.7663801342849315	1.0	1.0	1.0	1.0	1.0	0.0	1.0	1.0	0.0
0.9299667540858781	0.38124129404717105	0.9756766225011978	1.0	1.0	1.0	1.0	0.0	1.0	1.0	0.0	1.0
0.9709058587172226	0.493998812123761	0.9211291904492185	1.0	1.0	1.0	1.0	1.0	1.0	1.0	1.0	1.0
0.9785181114557929	0.5962404856097938	0.935863505196027	1.0	1.0	1.0	1.0	1.0	1.0	1.0	1.0	1.0
0.9622492399394261	0.5391120527616847	0.9645141081451607	1.0	1.0	1.0	1.0	1.0	1.0	1.0	1.0	1.0
0.9268550246016565	0.45431819635303833	0.906179999466598	1.0	1.0	1.0	1.0	1.0	1.0	1.0	1.0	1.0
0.9838578478358402	0.4907075605110137	0.9426811145393845	1.0	1.0	1.0	1.0	1.0	1.0	1.0	1.0	1.0
0.9350890431594845	0.49781846893697235	0.8385216593930274	1.0	1.0	1.0	1.0	1.0	1.0	1.0	1.0	0.0
0.9572272299112714	0.5221707692403958	0.9107113176178607	1.0	1.0	1.0	1.0	1.0	1.0	1.0	1.0	1.0
0.8910320624858569	0.25419294485729366	1.000181815039752	1.0	0.0	1.0	1.0	0.0	1.0	0.0	0.0	1.0
0.9625685983290561	0.5369964719153262	1.0088509037914288	1.0	1.0	1.0	1.0	1.0	1.0	1.0	1.0	1.0
0.8927376459705381	0.40469054840476243	1.031844959607816	1.0	1.0	1.0	1.0	1.0	1.0	0.0	1.0	1.0
0.9571968211966718	0.4729184033600493	0.896425075593286	1.0	1.0	1.0	1.0	1.0	1.0	1.0	1.0	1.0
0.962180779248934	0.533203631674037	1.100895329552684	1.0	1.0	1.0	1.0	1.0	1.0	1.0	1.0	1.0
0.93222272378995	0.6431990809436386	1.0845668760988318	1.0	1.0	1.0	1.0	1.0	1.0	1.0	1.0	1.0
0.931755406821554	0.5779995897604157	1.0927408958817526	1.0	1.0	1.0	1.0	1.0	1.0	1.0	1.0	1.0
0.9808491700608705	0.49299363110711575	1.0557530952603429	1.0	1.0	1.0	1.0	1.0	1.0	1.0	1.0	1.0
0.9738319281361069	0.48131778091143446	1.0266118699442357	1.0	1.0	1.0	1.0	1.0	1.0	1.0	1.0	1.0
0.9218305407227848	0.38847901376927185	1.0752011033426359	1.0	1.0	1.0	1.0	1.0	1.0	1.0	1.0	1.0
0.9105222320271976	0.4105978132423473	1.059861774419511	1.0	1.0	1.0	1.0	1.0	1.0	1.0	1.0	1.0
0.9743891520125133	0.6414009754197812	0.9073963807853968	1.0	1.0	1.0	1.0	1.0	1.0	1.0	1.0	1.0
0.9140959786194469	0.5414509807932281	0.9329943990684857	1.0	1.0	1.0	1.0	1.0	1.0	1.0	1.0	1.0
0.9353955835632625	0.617748718473896	0.9843686805940479	1.0	1.0	1.0	1.0	1.0	1.0	1.0	1.0	1.0
0.9410570459707637	0.5496114473515347	1.127924147904782	1.0	1.0	1.0	1.0	1.0	0.0	1.0	1.0	0.0
0.942612671118209	0.5257545878730803	1.1382398671497274	1.0	1.0	1.0	1.0	1.0	1.0	1.0	1.0	0.0
0.9710094422496327	0.41790867735366843	1.0423946538512465	1.0	1.0	1.0	1.0	1.0	1.0	1.0	1.0	1.0
0.9668451910996152	0.4768833927629993	0.9989560314184505	1.0	1.0	1.0	1.0	1.0	1.0	1.0	1.0	1.0
0.9620730327781107	0.5204151395074965	0.9579595948225644	1.0	1.0	1.0	1.0	1.0	1.0	1.0	1.0	1.0
0.94224065132268	0.45280229620105217	0.91184463428178	1.0	1.0	1.0	1.0	1.0	1.0	1.0	1.0	1.0
0.9322819571635812	0.4915448168432788	1.1362412148892824	1.0	1.0	1.0	1.0	1.0	1.0	1.0	1.0	0.0
0.9300804411616156	0.41110195856175163	1.0391482837273087	1.0	1.0	1.0	1.0	1.0	1.0	1.0	1.0	1.0
0.830848473628636	0.4826475634935008	0.9104765849012106	1.0	1.0	1.0	0.0	1.0	1.0	0.0	1.0	1.0
0.7958096636038754	0.42035224390790077	1.1195561711047473	1.0	1.0	1.0	0.0	1.0	1.0	0.0	1.0	1.0
0.9457356781409599	0.5182477523611901	1.0793405788496455	1.0	1.0	1.0	1.0	1.0	1.0	1.0	1.0	1.0
0.8954419093951462	0.5923420392641762	1.0330803278838716	1.0	1.0	1.0	1.0	1.0	1.0	1.0	1.0	1.0
0.913748056126335	0.47048402916956755	0.8488636408390532	1.0	1.0	1.0	1.0	1.0	1.0	1.0	1.0	1.0
0.8047240363943696	0.4765604686097055	1.1441078864666347	1.0	1.0	1.0	0.0	1.0	1.0	0.0	1.0	1.0
0.9795194588711994	0.5349882690507567	1.0412703820018787	1.0	1.0	1.0	1.0	1.0	1.0	1.0	1.0	1.0
0.8835754405008708	0.49100350192657616	0.9806994549185529	1.0	1.0	1.0	1.0	1.0	1.0	1.0	1.0	1.0
0.9669220709413362	0.5421982642703098	0.8531312800856667	1.0	1.0	1.0	1.0	1.0	1.0	1.0	1.0	0.0
0.9580560289382039	0.4793107927907731	1.1653942165080704	1.0	1.0	1.0	1.0	1.0	1.0	1.0	1.0	0.0
0.9772020158334606	0.4768554154588645	0.9347582707209873	1.0	1.0	1.0	1.0	1.0	1.0	1.0	1.0	1.0
0.9761687617950635	0.4758181074752486	0.8959101177443487	1.0	1.0	1.0	1.0	1.0	1.0	1.0	1.0	1.0
0.9261080707966838	0.5030572988761114	0.932437501177008	1.0	1.0	1.0	1.0	1.0	1.0	1.0	1.0	1.0
0.9586978560882945	0.5863713971336267	1.1456630648157358	1.0	1.0	1.0	1.0	1.0	0.0	1.0	1.0	0.0
0.8991241257024605	0.4378671761958409	1.152203454592475	1.0	1.0	1.0	1.0	1.0	0.0	1.0	1.0	0.0
0.9742161601568756	0.4793240234625468	0.9402045994632109	1.0	1.0	1.0	1.0	1.0	1.0	1.0	1.0	1.0
0.9259666940922479	0.3803738508301142	0.8486291272729748	1.0	1.0	1.0	1.0	1.0	1.0	1.0	0.0	1.0
0.9660464337679677	0.5855840127327875	1.0832206786344132	1.0	1.0	1.0	1.0	1.0	1.0	1.0	1.0	1.0
0.9161115024702273	0.5851801391458926	0.9834030507241209	1.0	1.0	1.0	1.0	1.0	1.0	1.0	1.0	1.0
0.9404470050029587	0.4390975262046837	1.1115751071558326	1.0	1.0	1.0	1.0	1.0	1.0	1.0	1.0	1.0
0.9095445660934732	0.46571679195538856	0.9627745140594017	1.0	1.0	1.0	1.0	1.0	1.0	1.0	1.0	1.0
0.9624678791431477	0.4406338912805263	1.23639018827097	1.0	1.0	1.0	1.0	1.0	0.0	1.0	1.0	0.0
0.9363479646983641	0.5248298804624153	1.0579250295486515	1.0	1.0	1.0	1.0	1.0	1.0	1.0	1.0	1.0
0.9081038590103356	0.4800766180114732	1.0390728011573798	1.0	1.0	1.0	1.0	1.0	1.0	1.0	1.0	1.0
0.9282294660617414	0.520677664565957	1.1294678551376545	1.0	1.0	1.0	1.0	1.0	0.0	1.0	1.0	0.0
0.9078037034152028	0.4526487461818713	1.03338696231654	1.0	1.0	1.0	1.0	1.0	1.0	1.0	1.0	1.0
0.9408278501685179	0.5352748529307795	0.9264330360425472	1.0	1.0	1.0	1.0	1.0	1.0	1.0	1.0	1.0
0.9153467287017771	0.4706345088454715	1.0760674075803875	1.0	1.0	1.0	1.0	1.0	1.0	1.0	1.0	1.0
0.9504179098945575	0.5023356919816102	1.048864595345506	1.0	1.0	1.0	1.0	1.0	1.0	1.0	1.0	1.0
0.9378195066546643	0.40267492676155237	0.9208134787262289	1.0	1.0	1.0	1.0	1.0	1.0	1.0	1.0	1.0
0.9512741203449858	0.5106709323377246	1.0205168462818266	1.0	1.0	1.0	1.0	1.0	1.0	1.0	1.0	1.0
0.9561879124765353	0.5271904914090472	1.0325358441558334	1.0	1.0	1.0	1.0	1.0	1.0	1.0	1.0	1.0
0.9069334459725472	0.42174704763430815	0.8404759182446359	1.0	1.0	1.0	1.0	1.0	1.0	1.0	1.0	1.0
0.8684837178358872	0.43809940283336063	0.8961352900235838	1.0	1.0	1.0	1.0	1.0	1.0	0.0	1.0	1.0
0.9487492936831587	0.47630852686829667	0.9672724020561787	1.0	1.0	1.0	1.0	1.0	1.0	1.0	1.0	1.0
0.7693081772744677	0.26303157604221017	1.042590155287769	0.0	1.0	1.0	0.0	0.0	1.0	0.0	0.0	1.0
0.9313887526456353	0.5114131728912092	0.9418136403702646	1.0	1.0	1.0	1.0	1.0	1.0	1.0	1.0	1.0
0.9887314522855479	0.5931143833330018	1.0018362080801553	0.0	1.0	1.0	0.0	1.0	1.0	0.0	1.0	1.0
0.9668656620867286	0.4149835926168329	0.9845519247560682	1.0	1.0	1.0	1.0	1.0	1.0	1.0	0.0	1.0
0.9311106463111405	0.4784375147664969	1.0131466833746896	1.0	1.0	1.0	1.0	1.0	1.0	1.0	1.0	1.0
0.9233616112944647	0.45901911926042255	0.8284209870230518	1.0	1.0	1.0	1.0	1.0	1.0	1.0	1.0	1.0
0.9473353763831431	0.51533549611225	1.03404511807765	1.0	1.0	1.0	1.0	1.0	1.0	1.0	1.0	1.0
0.9387151122315018	0.51106411072102	1.0324251431635734	1.0	1.0	1.0	1.0	1.0	1.0	1.0	1.0	1.0
0.9757363976374347	0.4231200402301557	0.8869670408591618	1.0	1.0	1.0	1.0	1.0	1.0	1.0	1.0	1.0
0.9469279925334549	0.5359940992630433	1.1346367847591199	1.0	1.0	1.0	1.0	1.0	1.0	1.0	1.0	1.0
0.9353923442248985	0.49404296525867103	0.9595824664726522	1.0	1.0	1.0	1.0	1.0	1.0	1.0	1.0	1.0
0.9467846221637698	0.3115380048794631	0.9664402726427175	1.0	0.0	1.0	1.0	0.0	1.0	1.0	0.0	1.0
0.9608970233382421	0.4930488087409587	0.9892980370580953	1.0	1.0	1.0	1.0	1.0	1.0	1.0	1.0	1.0
0.9571128684849243	0.4249281993121068	0.9653972779870061	1.0	1.0	1.0	1.0	1.0	1.0	1.0	1.0	1.0
0.9482086437958523	0.6102896464834764	1.0431340786601	1.0	1.0	1.0	1.0	1.0	1.0	1.0	1.0	1.0
0.9883836362049998	0.40463970712906405	1.0963536996635723	1.0	1.0	1.0	1.0	1.0	1.0	1.0	0.0	1.0
0.9873589500102941	0.4414230624399994	0.8396563462016349	1.0	1.0	1.0	1.0	1.0	1.0	1.0	1.0	1.0
0.955356325144109	0.5350271486199303	0.9091741795629549	1.0	1.0	1.0	1.0	1.0	1.0	1.0	1.0	1.0
0.9307700760999141	0.4182281531644762	1.1509121767367052	1.0	1.0	1.0	1.0	1.0	1.0	1.0	1.0	0.0
0.9018048342304451	0.4217938125978689	0.8149921454175468	1.0	1.0	1.0	1.0	1.0	1.0	1.0	1.0	0.0
0.971090167295979	0.5731678733458898	0.9253743639550995	1.0	1.0	1.0	1.0	1.0	1.0	1.0	1.0	1.0
0.932193606380871	0.4688713930202248	0.9645559057660695	1.0	1.0	1.0	1.0	1.0	1.0	1.0	1.0	1.0
0.9376814246644238	0.46137119675032656	0.9451311966552802	1.0	1.0	1.0	1.0	1.0	1.0	1.0	1.0	1.0
0.9801645402850704	0.45638542856837827	0.7338439361228568	1.0	1.0	1.0	1.0	1.0	0.0	1.0	1.0	0.0
0.926279926606695	0.43467945332269586	1.1407592850522226	1.0	1.0	1.0	1.0	1.0	1.0	1.0	1.0	1.0
0.982962510109257	0.5058843113519276	1.0526807997897694	1.0	1.0	1.0	1.0	1.0	1.0	1.0	1.0	1.0
0.9497361000842054	0.5082375486785908	1.0098039905246334	1.0	1.0	1.0	1.0	1.0	1.0	1.0	1.0	1.0
0.8913241851712023	0.48620488168056336	0.8981386013080004	1.0	1.0	1.0	1.0	1.0	1.0	1.0	1.0	1.0
0.9754445982182316	0.4840094932355623	1.0315524957314162	1.0	1.0	1.0	1.0	1.0	1.0	1.0	1.0	1.0
