0.2521420135404568	1.7764145980667847	8.363444097571655	1.0810303598966842
-0.9694182599169932	0.002666254757916237	0.9649913400714284	0.9810197396178961
-0.969786066935771	0.0065075612807905655	0.9703498648440297	0.9858621453598886
-0.007738321189006001	0.23904672103874613	0.9578104153973338	0.48232945995995613
-0.448198908698547	4.711836389595462e-6	0.44548390623171347	0.15645190794456543
-0.018267515385281766	0.004148815773273473	0.22593546478662227	0.04037041395638366
0.20367813811807658	1.460577421625646	2.281428010367306	0.7552254169161046
-0.9697760330082957	0.0026917507879657097	0.9647209950915661	0.9815406541760028
-0.511965091218797	-0.1466191080747592	0.3167225412121873	0.30831894831366036
-0.3440466312934012	-0.0025673149916842363	0.3401291195782439	0.18981009879675603
-0.2955413953346131	-0.05372819985893081	0.14129539875583616	0.14089595580178563
