0.8417165557388308	0.5731280924816534	1.0756070568510092	1.0	1.0	1.0	1.0	1.0	1.0	1.0	1.0	1.0
0.9414963175715995	0.5546067977801846	0.9609581229383206	1.0	1.0	1.0	1.0	1.0	1.0	1.0	1.0	1.0
0.9293394028918588	0.5549041440483914	0.9255312297950362	1.0	1.0	1.0	1.0	1.0	1.0	1.0	1.0	1.0
0.9573242280023493	0.45944247732223814	1.0845238121156178	1.0	1.0	1.0	1.0	1.0	1.0	1.0	1.0	1.0
0.9592205439613566	0.48895474464761535	0.9740687802756982	1.0	1.0	1.0	1.0	1.0	1.0	1.0	1.0	1.0
0.9153490712629974	0.5054610899324938	0.9991440963295459	1.0	1.0	1.0	1.0	1.0	1.0	1.0	1.0	1.0
0.9426442031511372	0.4020899286671276	0.9955370608696626	1.0	1.0	1.0	1.0	1.0	1.0	1.0	1.0	1.0
0.9221504084161003	0.5454256974590644	0.90432453467704	1.0	1.0	1.0	1.0	1.0	1.0	1.0	1.0	1.0
0.9372536659442563	0.5259255165303887	1.0134336296665456	1.0	1.0	1.0	1.0	1.0	1.0	1.0	1.0	1.0
0.921942294241064	0.505585562432719	1.0083876555923434	1.0	1.0	1.0	1.0	1.0	1.0	1.0	1.0	1.0
0.9124048495645384	0.48570353126616567	1.022192256431829	1.0	1.0	1.0	1.0	1.0	1.0	1.0	1.0	1.0
0.8965178230037307	0.4758961854024048	1.1396889964825099	1.0	1.0	1.0	1.0	1.0	1.0	1.0	1.0	1.0
0.8603786938107773	0.4008435560006052	1.2061090771867202	1.0	1.0	1.0	1.0	1.0	0.0	0.0	1.0	0.0
0.8829040764306332	0.5304396126375434	0.936920923541553	1.0	1.0	1.0	1.0	1.0	1.0	1.0	1.0	1.0
0.9175133864030702	0.4178907552537601	0.9710487115775213	1.0	1.0	1.0	1.0	1.0	1.0	1.0	1.0	1.0
0.936067158342999	0.445443029471453	1.003908285101219	1.0	1.0	1.0	1.0	1.0	1.0	1.0	1.0	1.0
0.8685137019729761	0.37746769517579803	1.0403228298258358	1.0	1.0	1.0	1.0	1.0	1.0	0.0	1.0	1.0
0.9300129930195465	0.4663906063936064	1.0735152279139768	1.0	1.0	1.0	1.0	1.0	1.0	1.0	1.0	1.0
0.9375038669218629	0.4740825786486999	0.8674040557769662	1.0	1.0	1.0	1.0	1.0	1.0	1.0	1.0	0.0
0.8914318054481648	0.37935514448262947	0.9317572724582412	1.0	1.0	1.0	1.0	1.0	1.0	1.0	0.0	1.0
0.9469327543213362	0.42099771862420493	0.9988636626675111	1.0	1.0	1.0	1.0	1.0	1.0	1.0	1.0	1.0
0.9372058937968264	0.5640429576317761	1.0253194183274303	1.0	1.0	1.0	1.0	1.0	1.0	1.0	1.0	1.0
0.9021342431037157	0.468743272874791	1.0366901923376206	1.0	1.0	1.0	1.0	1.0	1.0	1.0	1.0	1.0
0.9067701538369202	0.44174427304841263	0.9467109486091667	1.0	1.0	1.0	1.0	1.0	1.0	1.0	1.0	1.0
0.9254282024141638	0.511922406700529	1.0080797349747475	1.0	1.0	1.0	1.0	1.0	1.0	1.0	1.0	1.0
0.9453251794405089	0.42089992629630085	1.0518346233046123	1.0	1.0	1.0	1.0	1.0	1.0	1.0	1.0	1.0
0.9569843085768349	0.4096375521062134	1.0018861469481855	1.0	1.0	1.0	1.0	1.0	1.0	1.0	1.0	1.0
0.8664921869767379	0.3430411766749027	0.9176346430948912	1.0	1.0	1.0	0.0	0.0	1.0	0.0	0.0	1.0
0.9460521253026382	0.4342484814311342	0.9535294341783709	1.0	1.0	1.0	1.0	1.0	1.0	1.0	1.0	1.0
0.9475284629554215	0.5272628162368086	0.9297477616571872	1.0	1.0	1.0	1.0	1.0	1.0	1.0	1.0	1.0
0.9200739122107056	0.4574660200889387	0.9852294690458584	1.0	1.0	1.0	1.0	1.0	1.0	1.0	1.0	1.0
0.8800835200295892	0.4765812958871941	0.9140019037889043	1.0	1.0	1.0	1.0	1.0	1.0	1.0	1.0	1.0
0.9509269581991096	0.4738265650303456	1.1194144363443983	1.0	1.0	1.0	1.0	1.0	1.0	1.0	1.0	1.0
0.9395702232071806	0.4571955593901406	1.0790659905758846	1.0	1.0	1.0	1.0	1.0	1.0	1.0	1.0	1.0
0.9550936513784724	0.5116182537768477	0.9931419044702103	1.0	1.0	1.0	1.0	1.0	1.0	1.0	1.0	1.0
0.8834479512609028	0.5420339701335756	0.8887903277294872	1.0	1.0	1.0	1.0	1.0	1.0	1.0	1.0	1.0
0.9001129214135959	0.46927846919749844	1.007389769707236	1.0	1.0	1.0	1.0	1.0	1.0	1.0	1.0	1.0
0.8969769235615531	0.5590405385766389	1.0099117391282078	1.0	1.0	1.0	1.0	1.0	1.0	1.0	1.0	1.0
0.8924202305499639	0.4582216048037104	1.0253526135960667	1.0	1.0	1.0	1.0	1.0	1.0	1.0	1.0	1.0
0.889982110234386	0.42923108439653296	1.041797043524388	1.0	1.0	1.0	1.0	1.0	1.0	1.0	1.0	1.0
0.9412551409888358	0.5836432761153075	1.1039061720908716	1.0	1.0	1.0	1.0	1.0	1.0	1.0	1.0	1.0
0.8974998109502416	0.46077648514967257	0.8999915551640195	1.0	1.0	1.0	1.0	1.0	1.0	1.0	1.0	1.0
0.9401479278333652	0.4509648440426765	1.0335010690333266	1.0	1.0	1.0	1.0	1.0	1.0	1.0	1.0	1.0
0.9353985290710192	0.4711674247852159	1.067441919557442	1.0	1.0	1.0	1.0	1.0	1.0	1.0	1.0	1.0
0.9228928671823151	0.4382900864835874	1.0372898929333774	1.0	1.0	1.0	1.0	1.0	1.0	1.0	1.0	1.0
0.9602048963768948	0.48434510820007143	1.065311444782887	1.0	1.0	1.0	1.0	1.0	1.0	1.0	1.0	1.0
0.8995802570459542	0.5109142799902399	0.8391456935968348	1.0	1.0	1.0	1.0	1.0	1.0	1.0	1.0	0.0
0.9146033773900123	0.45556520107679205	1.0013378066098866	1.0	1.0	1.0	1.0	1.0	1.0	1.0	1.0	1.0
0.9516658500374113	0.4472150212685558	1.085896390831603	1.0	1.0	1.0	1.0	1.0	1.0	1.0	1.0	1.0
0.9349869374097339	0.4373261164486292	1.1119848909304642	1.0	1.0	1.0	1.0	1.0	1.0	1.0	1.0	1.0
0.8566404526056467	0.40278328297356775	0.9197920431203014	1.0	1.0	1.0	1.0	1.0	1.0	0.0	1.0	1.0
0.9463053496632536	0.41321035803468986	0.9109931389852493	1.0	1.0	1.0	1.0	1.0	1.0	1.0	1.0	1.0
0.8926166024989481	0.5482591337359715	1.0263147202807457	1.0	1.0	1.0	1.0	1.0	1.0	1.0	1.0	1.0
0.957591816752791	0.49557519745422707	1.128285174281251	1.0	1.0	1.0	1.0	1.0	1.0	1.0	1.0	1.0
0.9198222149411822	0.4484473576868477	0.8260910952722388	1.0	1.0	1.0	1.0	1.0	0.0	1.0	1.0	0.0
0.925333600918292	0.5374587286398207	0.9036843182626791	1.0	1.0	1.0	1.0	1.0	1.0	1.0	1.0	1.0
0.8957479006426365	0.429467699735327	0.9459398405389872	1.0	1.0	1.0	1.0	1.0	1.0	1.0	1.0	1.0
0.8851328440633425	0.5417499635893883	0.9974438685382208	1.0	1.0	1.0	1.0	1.0	1.0	1.0	1.0	1.0
0.8804629540995295	0.3676253993883545	1.023655462171448	1.0	1.0	1.0	1.0	1.0	1.0	0.0	0.0	1.0
0.8887381463823977	0.5556870422896572	0.9512168381018399	1.0	1.0	1.0	1.0	1.0	1.0	1.0	1.0	1.0
0.9295005240119067	0.5063761518767014	1.1747201247765828	1.0	1.0	1.0	1.0	1.0	1.0	1.0	1.0	0.0
0.9460072805580516	0.5217836172123691	0.9179807565381399	1.0	1.0	1.0	1.0	1.0	1.0	1.0	1.0	1.0
0.9155880527595062	0.5113054378603807	0.9170106557671719	1.0	1.0	1.0	1.0	1.0	1.0	1.0	1.0	1.0
0.9218818001266974	0.41882245507544175	1.1907933565200535	1.0	1.0	1.0	1.0	1.0	0.0	1.0	1.0	0.0
0.8860226782130481	0.5230258094707247	1.0255231441394386	1.0	1.0	1.0	1.0	1.0	1.0	1.0	1.0	1.0
0.914639502986961	0.4976635981167108	0.9760099332309575	1.0	1.0	1.0	1.0	1.0	1.0	1.0	1.0	1.0
0.8961849923165187	0.4537822812487505	1.0024722190725572	1.0	1.0	1.0	1.0	1.0	1.0	1.0	1.0	1.0
0.9371103604064803	0.4712825945667033	0.9387597996200271	1.0	1.0	1.0	1.0	1.0	1.0	1.0	1.0	1.0
0.9131933612612393	0.5418616666254363	1.0382727976333372	1.0	1.0	1.0	1.0	1.0	1.0	1.0	1.0	1.0
0.9144738702156264	0.44217385604461124	0.9984186425813979	1.0	1.0	1.0	1.0	1.0	1.0	1.0	1.0	1.0
0.8768465117136446	0.3865698372805668	1.0773639377456992	1.0	1.0	1.0	1.0	1.0	1.0	1.0	1.0	1.0
0.8887679289199865	0.5081653353055596	0.871304296131563	1.0	1.0	1.0	1.0	1.0	1.0	1.0	1.0	1.0
0.9103493057749987	0.46804406025257705	1.0346461943273393	1.0	1.0	1.0	1.0	1.0	1.0	1.0	1.0	1.0
0.9457212841049477	0.4644988520364571	1.049314137789118	1.0	1.0	1.0	1.0	1.0	1.0	1.0	1.0	1.0
0.9413934843387098	0.4332917739709623	1.0267782943529888	1.0	1.0	1.0	1.0	1.0	1.0	1.0	1.0	1.0
0.8875909062908791	0.3584469581029011	1.1278774554395465	1.0	1.0	1.0	1.0	0.0	1.0	0.0	0.0	1.0
0.905869036566756	0.3629681488674925	1.0010488957331543	1.0	1.0	1.0	1.0	0.0	1.0	1.0	0.0	1.0
0.9445175802883631	0.42701877083301604	1.1747959141950648	1.0	1.0	1.0	1.0	1.0	0.0	1.0	1.0	0.0
0.9425608745756381	0.4521291940693501	0.9798770193465254	1.0	1.0	1.0	1.0	1.0	1.0	1.0	1.0	1.0
0.9541692566885316	0.5076268159702615	1.1294131245073162	1.0	1.0	1.0	1.0	1.0	1.0	1.0	1.0	1.0
0.9381654265088167	0.5126019370529675	0.9730330374614671	1.0	1.0	1.0	1.0	1.0	1.0	1.0	1.0	1.0
0.9520990631461913	0.4759378601841121	1.0571815302217829	1.0	1.0	1.0	1.0	1.0	1.0	1.0	1.0	1.0
0.9381327264860176	0.4108846355549925	1.0254270450635312	1.0	1.0	1.0	1.0	1.0	1.0	1.0	1.0	1.0
0.9488828313133603	0.4974836658793847	0.9752265823684549	1.0	1.0	1.0	1.0	1.0	1.0	1.0	1.0	1.0
0.8861862023137208	0.3977653348738233	0.9538071384871498	1.0	1.0	1.0	1.0	1.0	1.0	0.0	1.0	1.0
0.9565520431296716	0.42456096212298106	1.0638974841701914	1.0	1.0	1.0	1.0	1.0	1.0	1.0	1.0	1.0
0.8506402132416	0.41136152057203945	1.0225689422463777	1.0	1.0	1.0	0.0	1.0	1.0	0.0	1.0	1.0
0.8981878000586506	0.46044298957868907	0.9930139733994656	1.0	1.0	1.0	1.0	1.0	1.0	1.0	1.0	1.0
0.919419913655598	0.4994162380102367	1.0026274453415993	1.0	1.0	1.0	1.0	1.0	1.0	1.0	1.0	1.0
0.9448622368416205	0.32438347989927513	1.08477776753727	1.0	0.0	1.0	1.0	0.0	1.0	1.0	0.0	1.0
0.8879232946723943	0.37832820168591874	1.0189375888526215	1.0	1.0	1.0	1.0	1.0	1.0	0.0	0.0	1.0
0.9078219475333809	0.49561476040539704	1.0114954952896955	1.0	1.0	1.0	1.0	1.0	1.0	1.0	1.0	1.0
0.9275191761282451	0.5224733131055327	1.1774192198631603	1.0	1.0	1.0	1.0	1.0	1.0	1.0	1.0	0.0
0.935420153752455	0.5095584319062518	1.0707177606462004	1.0	1.0	1.0	1.0	1.0	1.0	1.0	1.0	1.0
0.9409701033411703	0.41938613955356757	1.157184057294991	1.0	1.0	1.0	1.0	1.0	1.0	1.0	1.0	1.0
0.8920305442013569	0.6180122087845619	1.1033010499614142	1.0	1.0	1.0	1.0	1.0	1.0	1.0	1.0	1.0
0.8405493878368928	0.3523149633008026	1.1216893253627185	0.0	1.0	1.0	0.0	1.0	1.0	0.0	0.0	1.0
0.9727667448265631	0.5908263118258087	0.9064554831178954	1.0	1.0	1.0	1.0	1.0	1.0	1.0	1.0	1.0
0.9588214579931189	0.4425291834033996	0.9782171881363829	1.0	1.0	1.0	1.0	1.0	1.0	1.0	1.0	1.0
0.972955806458831	0.5325639958218111	0.9975935384467197	1.0	1.0	1.0	1.0	1.0	1.0	1.0	1.0	1.0
0.9552549223046193	0.5559596337396392	0.9893047525808703	1.0	1.0	1.0	1.0	1.0	1.0	1.0	1.0	1.0
0.9360793259404585	0.42522615788597085	0.9842575649056292	1.0	1.0	1.0	1.0	1.0	1.0	1.0	1.0	1.0
0.8859375099431931	0.42031379738547675	0.9206771614850339	1.0	1.0	1.0	1.0	1.0	1.0	1.0	1.0	1.0
0.929186973127128	0.4202604472827785	1.0105901585697585	1.0	1.0	1.0	1.0	1.0	1.0	1.0	1.0	1.0
0.9682829608500629	0.5268852896802788	1.0727275251554282	1.0	1.0	1.0	1.0	1.0	1.0	1.0	1.0	1.0
0.9169709815616232	0.4971569960137661	1.0864155792046493	1.0	1.0	1.0	1.0	1.0	1.0	1.0	1.0	1.0
0.8855611035937413	0.5018139596835356	0.9549134573702414	1.0	1.0	1.0	1.0	1.0	1.0	1.0	1.0	1.0
0.958342619974499	0.4605154807026467	1.0736793054860445	1.0	1.0	1.0	1.0	1.0	1.0	1.0	1.0	1.0
0.9342639669525837	0.46743343556093353	0.9660785987826144	1.0	1.0	1.0	1.0	1.0	1.0	1.0	1.0	1.0
0.9304101351838338	0.5113674310435372	1.006610517406226	1.0	1.0	1.0	1.0	1.0	1.0	1.0	1.0	1.0
0.841208585466016	0.42907302286254634	1.0185823784562862	1.0	1.0	1.0	1.0	1.0	1.0	0.0	1.0	1.0
0.8590346631016539	0.4302543888984381	0.9871802987421868	1.0	1.0	1.0	1.0	1.0	1.0	0.0	1.0	1.0
0.8813151565012073	0.37263108497864433	1.0496008017215732	1.0	1.0	1.0	1.0	1.0	1.0	0.0	0.0	1.0
0.958044495610087	0.5321577755975239	0.9580985436119301	1.0	1.0	1.0	1.0	1.0	1.0	1.0	1.0	1.0
0.8892180776468446	0.3088260324464881	0.9203852569201474	1.0	0.0	1.0	1.0	0.0	1.0	0.0	0.0	1.0
0.9194889899472515	0.36732887788708096	0.9090453911014796	1.0	1.0	1.0	1.0	1.0	1.0	1.0	0.0	1.0
0.970165054689034	0.49937196370534875	0.9098465210872584	1.0	1.0	1.0	1.0	1.0	1.0	1.0	1.0	1.0
0.8783187277785426	0.47470894751458925	0.9279107581424995	1.0	1.0	1.0	1.0	1.0	1.0	1.0	1.0	1.0
0.9216025695912627	0.5105530998469797	0.9248398320665893	1.0	1.0	1.0	1.0	1.0	1.0	1.0	1.0	1.0
0.9291691968236347	0.3999219692128239	1.047758836472061	1.0	1.0	1.0	1.0	1.0	1.0	1.0	1.0	1.0
0.9160685191229031	0.5006906242743447	0.962544777762478	1.0	1.0	1.0	1.0	1.0	1.0	1.0	1.0	1.0
0.888869947603772	0.4412080990568924	1.027261910068883	1.0	1.0	1.0	1.0	1.0	1.0	1.0	1.0	1.0
0.9205341522798787	0.37333091310374694	0.9581368385273689	1.0	1.0	1.0	1.0	1.0	1.0	1.0	0.0	1.0
0.923194020076434	0.4092208396985649	0.873441976840133	1.0	1.0	1.0	1.0	1.0	1.0	1.0	1.0	1.0
0.9395625911379986	0.5211286464951257	0.9976045328719821	1.0	1.0	1.0	1.0	1.0	1.0	1.0	1.0	1.0
0.9112371759246501	0.4340985723964973	0.9050853432683893	1.0	1.0	1.0	1.0	1.0	1.0	1.0	1.0	1.0
0.9601580354245054	0.48619601342189706	0.9408859038495339	1.0	1.0	1.0	1.0	1.0	1.0	1.0	1.0	1.0
0.9552175160422451	0.5144733160878712	1.0894110506919894	1.0	1.0	1.0	1.0	1.0	1.0	1.0	1.0	1.0
0.932549750096795	0.4966801374581637	1.0010407097629344	1.0	1.0	1.0	1.0	1.0	1.0	1.0	1.0	1.0
0.9142020029717922	0.4695916300735965	1.0164820636898946	1.0	1.0	1.0	1.0	1.0	1.0	1.0	1.0	1.0
0.9156281275276402	0.5258416777824609	1.0733244595028966	1.0	1.0	1.0	1.0	1.0	1.0	1.0	1.0	1.0
0.9381599133594144	0.38757262161856404	0.9701870168167307	1.0	1.0	1.0	1.0	1.0	1.0	1.0	0.0	1.0
0.8495599119449764	0.5131681717844745	1.1187709729690631	1.0	1.0	1.0	1.0	1.0	1.0	1.0	1.0	1.0
0.8879696386467928	0.41762215556551857	1.1286134490681017	1.0	1.0	1.0	1.0	1.0	1.0	1.0	1.0	1.0
0.943994655274114	0.4874167911894655	1.1351498147886625	1.0	1.0	1.0	1.0	1.0	1.0	1.0	1.0	1.0
0.9089848295084837	0.4278504965398539	0.9173862178335214	1.0	1.0	1.0	1.0	1.0	1.0	1.0	1.0	1.0
0.9218932872531727	0.4256028109964001	1.0722154918474505	1.0	1.0	1.0	1.0	1.0	1.0	1.0	1.0	1.0
0.8919604122274315	0.456328129467249	0.8876288232581288	1.0	1.0	1.0	1.0	1.0	1.0	1.0	1.0	1.0
0.9146769489609886	0.4395449056532505	0.8582174311424602	1.0	1.0	1.0	1.0	1.0	1.0	1.0	1.0	0.0
0.9203913752875922	0.46661198665242754	1.1347909699333187	1.0	1.0	1.0	1.0	1.0	1.0	1.0	1.0	1.0
0.9346770790924045	0.39519029053682136	1.0060410077007766	1.0	1.0	1.0	1.0	1.0	1.0	1.0	1.0	1.0
0.8953500050053371	0.520675890331302	1.188187797224089	1.0	1.0	1.0	1.0	1.0	0.0	1.0	1.0	0.0
0.8835773560137402	0.465259300124944	1.0308339492204968	1.0	1.0	1.0	1.0	1.0	1.0	1.0	1.0	1.0
0.8932641841074427	0.536577245594667	1.010501672696937	1.0	1.0	1.0	1.0	1.0	1.0	1.0	1.0	1.0
0.8706432660751802	0.5035398541521955	1.0871496568498356	1.0	1.0	1.0	1.0	1.0	1.0	1.0	1.0	1.0
0.969670622488518	0.55979484555904	1.2147876184577755	1.0	1.0	1.0	1.0	1.0	1.0	1.0	1.0	0.0
0.9464552083983142	0.4475553617024676	0.9984119410044204	1.0	1.0	1.0	1.0	1.0	1.0	1.0	1.0	1.0
0.9231382457878379	0.49711586149707965	0.9755330442954975	1.0	1.0	1.0	1.0	1.0	1.0	1.0	1.0	1.0
0.9643826995646189	0.4892302998259136	0.9582351373128466	1.0	1.0	1.0	1.0	1.0	1.0	1.0	1.0	1.0
0.9144014269128624	0.4345617839874687	1.003930758400428	1.0	1.0	1.0	1.0	1.0	1.0	1.0	1.0	1.0
0.9132274283215011	0.489570968690538	1.0135006709118002	1.0	1.0	1.0	1.0	1.0	1.0	1.0	1.0	1.0
0.8470784197220382	0.3770225692593772	0.8952000606196536	1.0	1.0	1.0	0.0	1.0	1.0	0.0	1.0	1.0
0.9602026103943848	0.5171441228221162	1.0207622441182587	1.0	1.0	1.0	1.0	1.0	1.0	1.0	1.0	1.0
0.9241348291879659	0.45144616679731325	1.030760145529997	1.0	1.0	1.0	1.0	1.0	1.0	1.0	1.0	1.0
0.8915060703557101	0.5148175374354061	0.8915584621324714	1.0	1.0	1.0	1.0	1.0	1.0	1.0	1.0	1.0
0.9252175662503483	0.4235713603341689	1.0243387359663405	1.0	1.0	1.0	1.0	1.0	1.0	1.0	1.0	1.0
0.8676753383573905	0.5489475332980825	0.9481984982718995	1.0	1.0	1.0	1.0	1.0	1.0	1.0	1.0	1.0
0.9586409295157525	0.5091418001773126	0.9685013709375133	1.0	1.0	1.0	1.0	1.0	1.0	1.0	1.0	1.0
0.9360487956223685	0.4646779153723409	0.8649591105554053	1.0	1.0	1.0	1.0	1.0	1.0	1.0	1.0	0.0
0.9072425625335014	0.5030398333648962	1.0382548347010063	1.0	1.0	1.0	1.0	1.0	1.0	1.0	1.0	1.0
0.9405578614021022	0.5092418030456856	1.2544363011388666	1.0	1.0	1.0	1.0	1.0	0.0	1.0	1.0	0.0
0.9591606277551251	0.5214264330394475	0.8865377465242126	1.0	1.0	1.0	1.0	1.0	1.0	1.0	1.0	1.0
0.8867052867957947	0.5001869114897224	1.1102938820146122	1.0	1.0	1.0	1.0	1.0	1.0	1.0	1.0	1.0
0.9789965490459898	0.5380429131778166	1.0683981667081206	1.0	1.0	1.0	1.0	1.0	1.0	0.0	1.0	1.0
0.9144434427806251	0.48668270501781663	1.0794993046690706	1.0	1.0	1.0	1.0	1.0	1.0	1.0	1.0	1.0
0.9385133195235313	0.4339429726310149	1.0296232612791656	1.0	1.0	1.0	1.0	1.0	1.0	1.0	1.0	1.0
0.8557518579598254	0.4861022501451117	0.9633510660758872	1.0	1.0	1.0	1.0	1.0	1.0	1.0	1.0	1.0
0.8123148232332281	0.3547932601368965	0.9250164493916254	0.0	1.0	1.0	0.0	0.0	1.0	0.0	0.0	1.0
0.9527625493788208	0.521920117025894	0.9420795103976636	1.0	1.0	1.0	1.0	1.0	1.0	1.0	1.0	1.0
0.9637064691259373	0.5489099368483236	1.072717449607546	1.0	1.0	1.0	1.0	1.0	1.0	1.0	1.0	1.0
0.8544103254237103	0.4895242829367242	0.9416493378708983	1.0	1.0	1.0	1.0	1.0	1.0	1.0	1.0	1.0
0.8711401702468112	0.39708197447164106	1.0803446691464687	1.0	1.0	1.0	0.0	1.0	1.0	0.0	1.0	1.0
0.8485367688404148	0.345503449462837	1.1039193761251551	1.0	1.0	1.0	0.0	0.0	1.0	0.0	0.0	1.0
0.9317184792621398	0.4353938173397937	0.9533093959033738	1.0	1.0	1.0	1.0	1.0	1.0	1.0	1.0	1.0
0.8856161135706174	0.42292319140254675	0.9330731043270034	1.0	1.0	1.0	1.0	1.0	1.0	1.0	1.0	1.0
0.9478012472499575	0.4952210067810465	1.0416595489794835	1.0	1.0	1.0	1.0	1.0	1.0	1.0	1.0	1.0
0.8906236247477555	0.44023697782773563	1.0618894805941912	1.0	1.0	1.0	1.0	1.0	1.0	1.0	1.0	1.0
0.9356854296268436	0.4862406683631406	1.0421194109501413	1.0	1.0	1.0	1.0	1.0	1.0	1.0	1.0	1.0
0.950106746792551	0.45680802408922555	1.1507881082848188	1.0	1.0	1.0	1.0	1.0	1.0	1.0	1.0	1.0
0.9266529707113798	0.46181104557886493	1.0383691283227892	1.0	1.0	1.0	1.0	1.0	1.0	1.0	1.0	1.0
0.9085240034751892	0.4117288630867855	1.0834989263687458	1.0	1.0	1.0	1.0	1.0	1.0	1.0	1.0	1.0
0.8757530772500494	0.6184149006832037	0.9132448317584698	1.0	1.0	1.0	1.0	1.0	1.0	1.0	1.0	1.0
0.9011124002261659	0.5463533526642003	0.927345150809811	1.0	1.0	1.0	1.0	1.0	1.0	1.0	1.0	1.0
0.9271056859899865	0.4342027516325683	0.9289791875452512	1.0	1.0	1.0	1.0	1.0	1.0	1.0	1.0	1.0
0.9393208320587412	0.5200925852410002	0.9541248249675955	1.0	1.0	1.0	1.0	1.0	1.0	1.0	1.0	1.0
0.9456664372040295	0.4325299380804515	1.118331817150279	1.0	1.0	1.0	1.0	1.0	1.0	1.0	1.0	1.0
0.9213982037313326	0.48091433457819166	0.9581670862899831	1.0	1.0	1.0	1.0	1.0	1.0	1.0	1.0	1.0
0.950886052248723	0.4543637520743514	1.093054010700656	1.0	1.0	1.0	1.0	1.0	1.0	1.0	1.0	1.0
0.9671177318854963	0.4656602302021378	1.1334166950940465	1.0	1.0	1.0	1.0	1.0	1.0	1.0	1.0	1.0
0.9313993676518271	0.49135899008185063	0.9555107624481614	1.0	1.0	1.0	1.0	1.0	1.0	1.0	1.0	1.0
0.9505396318639081	0.5261388291106643	1.0262775937832627	1.0	1.0	1.0	1.0	1.0	1.0	1.0	1.0	1.0
0.953453082843001	0.5628292396138602	0.9761191800027531	1.0	1.0	1.0	1.0	1.0	1.0	1.0	1.0	1.0
0.9135709558063397	0.5024004159085874	1.0046542133855234	1.0	1.0	1.0	1.0	1.0	1.0	1.0	1.0	1.0
0.8756294804592295	0.4564128828615269	1.1248247161154936	1.0	1.0	1.0	1.0	1.0	1.0	1.0	1.0	1.0
0.9310967937024718	0.43916819723715106	1.0511842107111213	1.0	1.0	1.0	1.0	1.0	1.0	1.0	1.0	1.0
0.9011009212177389	0.5464187687146569	0.976706451439732	1.0	1.0	1.0	1.0	1.0	1.0	1.0	1.0	1.0
0.8794087141800561	0.4358738496895504	0.9595280923365068	1.0	1.0	1.0	1.0	1.0	1.0	1.0	1.0	1.0
0.9453995186067652	0.5394900452362736	1.0125214567252232	1.0	1.0	1.0	1.0	1.0	1.0	1.0	1.0	1.0
0.9441270964912523	0.4684305935234623	1.102698573717562	1.0	1.0	1.0	1.0	1.0	1.0	1.0	1.0	1.0
0.9245924764219028	0.3816313515498011	0.93090784753394	1.0	1.0	1.0	1.0	1.0	1.0	1.0	0.0	1.0
0.9326445921540865	0.5397048235473689	0.9351269918584981	1.0	1.0	1.0	1.0	1.0	1.0	1.0	1.0	1.0
0.9693117281362441	0.5321532813939748	1.0228291567244319	1.0	1.0	1.0	1.0	1.0	1.0	1.0	1.0	1.0
0.9182054499699006	0.40466885883841325	0.9611687176363898	1.0	1.0	1.0	1.0	1.0	1.0	1.0	1.0	1.0
0.9484812785025925	0.5531816336328045	1.1025706381177065	1.0	1.0	1.0	1.0	1.0	1.0	1.0	1.0	1.0
0.8436732288913967	0.3317629967542464	1.169285951295464	0.0	1.0	1.0	0.0	0.0	0.0	0.0	0.0	0.0
0.8811860503789077	0.41176380549534014	1.0327149825358823	1.0	1.0	1.0	1.0	1.0	1.0	0.0	1.0	1.0
0.922351313974937	0.4027125455766123	0.9564950555693719	1.0	1.0	1.0	1.0	1.0	1.0	1.0	1.0	1.0
0.950625604956421	0.42311795179431083	1.231041996335693	1.0	1.0	0.0	1.0	1.0	0.0	1.0	1.0	0.0
0.8536022275130098	0.5609913178236476	0.9469964538329757	1.0	1.0	1.0	1.0	1.0	1.0	1.0	1.0	1.0
0.8896254285618905	0.4212521321926665	1.0018985718318458	1.0	1.0	1.0	1.0	1.0	1.0	1.0	1.0	1.0
0.8722537904998909	0.3962539893584528	0.9747743943500198	1.0	1.0	1.0	0.0	1.0	1.0	0.0	1.0	1.0
0.9344217228190413	0.4320324226640125	1.1546250332965593	1.0	1.0	1.0	1.0	1.0	1.0	1.0	1.0	0.0
0.9312132222244287	0.4760342348370146	1.0524890158475153	1.0	1.0	1.0	1.0	1.0	1.0	1.0	1.0	1.0
0.8856377549683079	0.5694599227276214	0.9949504760531958	1.0	1.0	1.0	1.0	1.0	1.0	1.0	1.0	1.0
0.9273349945601018	0.44475387457591786	0.9658992611190524	1.0	1.0	1.0	1.0	1.0	1.0	1.0	1.0	1.0
0.8442345020859917	0.41701438683983144	1.0671637540364916	1.0	1.0	1.0	0.0	1.0	1.0	0.0	1.0	1.0
0.9558085894864571	0.4599340877882898	1.0915668621164725	1.0	1.0	1.0	1.0	1.0	1.0	1.0	1.0	1.0
0.9063791038544922	0.3803350080591311	1.0001059894173112	1.0	1.0	1.0	1.0	1.0	1.0	1.0	0.0	1.0
0.9328069033727472	0.463985163649465	0.9952919286195702	1.0	1.0	1.0	1.0	1.0	1.0	1.0	1.0	1.0
0.9568216895352507	0.4577793549420654	0.9928456998798194	1.0	1.0	1.0	1.0	1.0	1.0	1.0	1.0	1.0
0.9488527906086547	0.5264425127726574	0.9462144158599982	1.0	1.0	1.0	1.0	1.0	1.0	1.0	1.0	1.0
0.962992772491668	0.4364372787560149	1.2743170883388155	1.0	1.0	0.0	1.0	1.0	0.0	1.0	1.0	0.0
0.9572181040422478	0.431557196653143	1.0108428204414566	1.0	1.0	1.0	1.0	1.0	1.0	1.0	1.0	1.0
0.9312107815792977	0.469010447091411	1.0728977552252246	1.0	1.0	1.0	1.0	1.0	1.0	1.0	1.0	1.0
0.9155050212844131	0.4843532332035957	0.91282980927805	1.0	1.0	1.0	1.0	1.0	1.0	1.0	1.0	1.0
0.9414970257927847	0.4801107749138672	0.9457464236479722	1.0	1.0	1.0	1.0	1.0	1.0	1.0	1.0	1.0
0.9548802141897482	0.44762997675679744	1.028472185380514	1.0	1.0	1.0	1.0	1.0	1.0	1.0	1.0	1.0
0.9475447679377401	0.39382477423858	1.1306890704703387	1.0	1.0	1.0	1.0	1.0	1.0	1.0	1.0	1.0
0.8949357125641507	0.504068820089236	0.8314860317930582	1.0	1.0	1.0	1.0	1.0	0.0	1.0	1.0	0.0
0.8428785798105082	0.42766691813311425	1.0987669811061187	1.0	1.0	1.0	1.0	1.0	1.0	0.0	1.0	1.0
0.9161342415180552	0.5144391277533379	0.9265049153004374	1.0	1.0	1.0	1.0	1.0	1.0	1.0	1.0	1.0
0.9559845638449471	0.5142257908045594	1.180586792540746	1.0	1.0	1.0	1.0	1.0	0.0	1.0	1.0	0.0
0.9641320553582263	0.5643802413333829	0.8194750718033239	1.0	1.0	1.0	1.0	1.0	1.0	1.0	1.0	0.0
0.9487140197249074	0.49691016147592726	1.1498878416479013	1.0	1.0	1.0	1.0	1.0	1.0	1.0	1.0	1.0
0.9451258701746521	0.48790793983263064	1.0234837785086932	1.0	1.0	1.0	1.0	1.0	1.0	1.0	1.0	1.0
0.8894233303717196	0.43409031239547385	1.043653603784637	1.0	1.0	1.0	1.0	1.0	1.0	1.0	1.0	1.0
0.9228493841609916	0.4845810386356594	0.9633487146126954	1.0	1.0	1.0	1.0	1.0	1.0	1.0	1.0	1.0
0.8526599023271186	0.5536998198330266	0.8887000444070813	1.0	1.0	1.0	1.0	1.0	1.0	1.0	1.0	1.0
0.9487125967260341	0.4354591249948225	1.0740928773559892	1.0	1.0	1.0	1.0	1.0	1.0	1.0	1.0	1.0
0.954260185558435	0.4810928463930435	1.0940965752009546	1.0	1.0	1.0	1.0	1.0	1.0	1.0	1.0	1.0
0.923657852537631	0.5501845878225108	1.0163738540205522	1.0	1.0	1.0	1.0	1.0	1.0	1.0	1.0	1.0
0.9520686456774434	0.4882219728947367	1.0091507119119965	1.0	1.0	1.0	1.0	1.0	1.0	1.0	1.0	1.0
0.940086967992664	0.4912767802435219	0.9681588904868597	1.0	1.0	1.0	1.0	1.0	1.0	1.0	1.0	1.0
0.9234582045684708	0.5345435993619615	1.1024800903490297	1.0	1.0	1.0	1.0	1.0	1.0	1.0	1.0	1.0
0.8745266851645782	0.45062952509294374	0.8433638383843481	1.0	1.0	1.0	1.0	1.0	1.0	1.0	1.0	0.0
0.9114985717930711	0.3658535383166975	1.0302903522127502	1.0	1.0	1.0	1.0	0.0	1.0	1.0	0.0	1.0
0.9262615919379881	0.5536378963147958	1.0119248269794134	1.0	1.0	1.0	1.0	1.0	1.0	1.0	1.0	1.0
0.9603777049979548	0.4694813652879446	1.0239041142762308	1.0	1.0	1.0	1.0	1.0	1.0	1.0	1.0	1.0
0.8920731772493325	0.5165068975986209	0.9699015910306329	1.0	1.0	1.0	1.0	1.0	1.0	1.0	1.0	1.0
0.9182575743557405	0.3991359937920125	0.8949288836043393	1.0	1.0	1.0	1.0	1.0	1.0	1.0	1.0	1.0
0.9497512969951968	0.5005134747376118	1.1133503932686906	1.0	1.0	1.0	1.0	1.0	1.0	1.0	1.0	1.0
0.9191951507330705	0.3683125486153691	0.9286146137140757	1.0	1.0	1.0	1.0	0.0	1.0	1.0	0.0	1.0
0.9667797969926194	0.43289144805640806	1.0943121692384192	1.0	1.0	1.0	1.0	1.0	1.0	1.0	1.0	1.0
0.9246239580707457	0.4669827960568443	1.1088971674214965	1.0	1.0	1.0	1.0	1.0	1.0	1.0	1.0	1.0
0.9442893925580819	0.4951703437890408	0.990820644031615	1.0	1.0	1.0	1.0	1.0	1.0	1.0	1.0	1.0
0.8681527732923914	0.4958049034591111	0.9931475520240285	1.0	1.0	1.0	1.0	1.0	1.0	1.0	1.0	1.0
0.9524774908457774	0.478117642031124	1.081017937842042	1.0	1.0	1.0	1.0	1.0	1.0	1.0	1.0	1.0
0.8440897606887775	0.5512392266982132	0.9582261176216851	1.0	1.0	1.0	1.0	1.0	1.0	1.0	1.0	1.0
0.9147317496966989	0.362958082969271	1.2907373753117364	1.0	1.0	0.0	1.0	0.0	0.0	1.0	0.0	0.0
0.9391646922066728	0.5036955225628336	1.0592024691007322	1.0	1.0	1.0	1.0	1.0	1.0	1.0	1.0	1.0
0.890455115768097	0.33737742210001087	0.9130856184761342	1.0	1.0	1.0	1.0	0.0	1.0	1.0	0.0	1.0
0.9016885290175087	0.3902317694647685	1.01884040381018	1.0	1.0	1.0	1.0	1.0	1.0	1.0	1.0	1.0
0.9625373753531389	0.4633351699199206	0.966384532726042	1.0	1.0	1.0	1.0	1.0	1.0	1.0	1.0	1.0
0.8753846492552874	0.5236911373930844	1.084697713957492	1.0	1.0	1.0	1.0	1.0	1.0	1.0	1.0	1.0
0.9164977015764607	0.3633286319984926	1.0760917583967358	1.0	1.0	1.0	1.0	0.0	1.0	1.0	0.0	1.0
0.8841952788348266	0.5316861751973277	1.100658952714257	1.0	1.0	1.0	1.0	1.0	1.0	1.0	1.0	1.0
0.9016757425573724	0.4460232704169849	0.9170379917620958	1.0	1.0	1.0	1.0	1.0	1.0	1.0	1.0	1.0
0.9367509088810919	0.48680022342348767	1.0709503352462009	1.0	1.0	1.0	1.0	1.0	1.0	1.0	1.0	1.0
0.951974473921229	0.5620184628545863	1.17493194098934	1.0	1.0	1.0	1.0	1.0	0.0	1.0	1.0	0.0
0.9446751019968651	0.5192942800202736	1.206479967636735	1.0	1.0	1.0	1.0	1.0	0.0	1.0	1.0	0.0
0.9407523213831631	0.49635977774952317	1.073417120776626	1.0	1.0	1.0	1.0	1.0	1.0	1.0	1.0	1.0
0.928028747198341	0.4414844479888303	1.0018679953411547	1.0	1.0	1.0	1.0	1.0	1.0	1.0	1.0	1.0
0.8641653594823283	0.42769373470545663	1.0213391750186769	1.0	1.0	1.0	0.0	1.0	1.0	0.0	1.0	1.0
0.8866535795661439	0.42950618983072236	0.8207190098220026	1.0	1.0	1.0	1.0	1.0	0.0	1.0	1.0	0.0
0.9196973881561371	0.44946238660263005	0.821371385579534	1.0	1.0	1.0	1.0	1.0	0.0	1.0	1.0	0.0
0.9424550123772315	0.4667162593463365	1.0848875119462118	1.0	1.0	1.0	1.0	1.0	1.0	1.0	1.0	1.0
0.9012768190145065	0.5007082359822718	0.924095949607833	1.0	1.0	1.0	1.0	1.0	1.0	1.0	1.0	1.0
0.9574577025895246	0.49825524556554884	1.2263222089980692	1.0	1.0	1.0	1.0	1.0	0.0	1.0	1.0	0.0
0.9329899889201096	0.5264871747323885	1.0441536991118785	1.0	1.0	1.0	1.0	1.0	1.0	1.0	1.0	1.0
0.9215060541986059	0.42452040779727557	1.017163770248866	1.0	1.0	1.0	1.0	1.0	1.0	1.0	1.0	1.0
0.8640495061559464	0.4200219796999053	1.0122895118036568	1.0	1.0	1.0	1.0	1.0	1.0	0.0	1.0	1.0
0.9564822292655708	0.43035761573053033	1.0371743443523103	1.0	1.0	1.0	1.0	1.0	1.0	1.0	1.0	1.0
0.971309494687385	0.49566396622671544	1.033106117318726	1.0	1.0	1.0	1.0	1.0	1.0	1.0	1.0	1.0
0.9739006844513962	0.5669402942432588	1.1338792469643397	1.0	1.0	1.0	1.0	1.0	1.0	1.0	1.0	1.0
0.9098748888512836	0.48867447108291706	0.9333845540436825	1.0	1.0	1.0	1.0	1.0	1.0	1.0	1.0	1.0
0.8826463581539014	0.45269417926370986	1.0289567160161848	1.0	1.0	1.0	1.0	1.0	1.0	1.0	1.0	1.0
0.9694098722650588	0.4908791581142603	1.0793025089908734	1.0	1.0	1.0	1.0	1.0	1.0	1.0	1.0	1.0
0.9215367248388113	0.48894120027298404	1.1568082579577614	1.0	1.0	1.0	1.0	1.0	1.0	1.0	1.0	0.0
0.8625306831000243	0.44057587468317877	0.9581113928913138	1.0	1.0	1.0	1.0	1.0	1.0	1.0	1.0	1.0
0.9627075289390504	0.5802172869786851	0.952695251596603	1.0	1.0	1.0	1.0	1.0	1.0	1.0	1.0	1.0
0.860223377093615	0.4653607652065677	1.0727662812804821	1.0	1.0	1.0	1.0	1.0	1.0	0.0	1.0	1.0
0.891145731553249	0.3287174394275975	0.9735849781898481	1.0	1.0	1.0	1.0	0.0	1.0	0.0	0.0	1.0
0.9235751237897026	0.5553798460829399	0.9125681066557628	1.0	1.0	1.0	1.0	1.0	1.0	1.0	1.0	1.0
0.9203109142226258	0.4931021685544976	1.1185016108936117	1.0	1.0	1.0	1.0	1.0	1.0	1.0	1.0	1.0
0.8863871288016406	0.5439232135694664	1.0152384723846601	1.0	1.0	1.0	1.0	1.0	1.0	1.0	1.0	1.0
0.9701336315668947	0.479811341858579	1.053550231923952	1.0	1.0	1.0	1.0	1.0	1.0	1.0	1.0	1.0
0.9460501138374204	0.3961864378750007	0.959913264135194	1.0	1.0	1.0	1.0	1.0	1.0	1.0	1.0	1.0
0.9428018180706127	0.4718056093959267	0.9549902604514129	1.0	1.0	1.0	1.0	1.0	1.0	1.0	1.0	1.0
0.9176485796828824	0.43767681038548656	1.0949344053958605	1.0	1.0	1.0	1.0	1.0	1.0	1.0	1.0	1.0
0.8873661440925465	0.5801513285820676	1.152977541188762	1.0	1.0	1.0	1.0	1.0	1.0	1.0	1.0	1.0
0.9219118306395656	0.5169224651153721	0.9217297641058343	1.0	1.0	1.0	1.0	1.0	1.0	1.0	1.0	1.0
0.9181751437278568	0.5488639829651701	1.1626552458864623	1.0	1.0	1.0	1.0	1.0	1.0	1.0	1.0	0.0
0.8864864469765925	0.45324596745377677	1.0647191901833009	1.0	1.0	1.0	1.0	1.0	1.0	1.0	1.0	1.0
0.9510327382310699	0.5277578590713327	1.0232954062702024	1.0	1.0	1.0	1.0	1.0	1.0	1.0	1.0	1.0
0.8909788357642181	0.5007331519417887	0.9781110299416922	1.0	1.0	1.0	1.0	1.0	1.0	1.0	1.0	1.0
0.8632836088023101	0.3862150626167618	1.1845271075895156	1.0	1.0	1.0	0.0	1.0	0.0	0.0	1.0	0.0
0.9453762796081498	0.5522251200165061	1.0681928339134872	1.0	1.0	1.0	1.0	1.0	1.0	1.0	1.0	1.0
0.9097921526258338	0.43968217120704906	1.0086695900956002	1.0	1.0	1.0	1.0	1.0	1.0	1.0	1.0	1.0
0.9349225869458051	0.4241215163074821	1.157696336016456	1.0	1.0	1.0	1.0	1.0	1.0	1.0	1.0	0.0
0.8954425412437975	0.32827216449494395	0.8179938501400289	1.0	1.0	1.0	1.0	0.0	0.0	1.0	0.0	0.0
0.8989359986831698	0.5345017554783698	1.0201225810389716	1.0	1.0	1.0	1.0	1.0	1.0	1.0	1.0	1.0
0.8993853233241027	0.3779881849528225	0.9407635568200089	1.0	1.0	1.0	1.0	1.0	1.0	1.0	1.0	1.0
0.8740299215125599	0.47743464277837594	0.9704133911471439	1.0	1.0	1.0	1.0	1.0	1.0	1.0	1.0	1.0
0.9376918054303846	0.46925756287524184	0.9548396044280918	1.0	1.0	1.0	1.0	1.0	1.0	1.0	1.0	1.0
0.94198722133253	0.4201880858386435	0.9467727664999517	1.0	1.0	1.0	1.0	1.0	1.0	1.0	1.0	1.0
0.928496690481931	0.5094175841668755	1.024064933295576	1.0	1.0	1.0	1.0	1.0	1.0	1.0	1.0	1.0
0.9547255249673462	0.4599044109091003	1.0674338956823677	1.0	1.0	1.0	1.0	1.0	1.0	1.0	1.0	1.0
0.9272268311964763	0.49194672730670097	1.1189991006752569	1.0	1.0	1.0	1.0	1.0	1.0	1.0	1.0	1.0
0.9448153464277677	0.45961539926051037	0.9659002932892689	1.0	1.0	1.0	1.0	1.0	1.0	1.0	1.0	1.0
0.9328339388959422	0.4567918163733785	1.021624396625757	1.0	1.0	1.0	1.0	1.0	1.0	1.0	1.0	1.0
0.9697855934939588	0.5038118775444593	1.0318267047712755	1.0	1.0	1.0	1.0	1.0	1.0	1.0	1.0	1.0
0.9417169657757682	0.4817047124424352	0.975268115397485	1.0	1.0	1.0	1.0	1.0	1.0	1.0	1.0	1.0
0.8814144554796123	0.3823970982079451	1.0125784760638206	1.0	1.0	1.0	1.0	1.0	1.0	0.0	1.0	1.0
0.9283930353156614	0.5006771132622764	0.9491226697222668	1.0	1.0	1.0	1.0	1.0	1.0	1.0	1.0	1.0
0.8508533068176465	0.3998027590274901	0.9735870251170095	1.0	1.0	1.0	1.0	1.0	1.0	0.0	1.0	1.0
0.9064774935390364	0.4241225283235424	0.9951196432068973	1.0	1.0	1.0	1.0	1.0	1.0	1.0	1.0	1.0
0.9299663305259183	0.42006533398461104	0.9797088173400585	1.0	1.0	1.0	1.0	1.0	1.0	1.0	1.0	1.0
0.9432859664766291	0.46443660916886376	1.0007321773184419	1.0	1.0	1.0	1.0	1.0	1.0	1.0	1.0	1.0
0.9230091627645292	0.39529744312905696	1.0538727085171635	1.0	1.0	1.0	1.0	1.0	1.0	1.0	1.0	1.0
0.8778015596060944	0.4007723831529995	1.0197374354803435	1.0	1.0	1.0	1.0	1.0	1.0	0.0	1.0	1.0
0.9568820907623075	0.5710382097961035	1.027484780130884	1.0	1.0	1.0	1.0	1.0	1.0	1.0	1.0	1.0
0.9633607470066178	0.5412465829732853	1.1349128809880344	1.0	1.0	1.0	1.0	1.0	1.0	1.0	1.0	1.0
0.8883255600808976	0.4548156763300996	0.9340411750753821	1.0	1.0	1.0	1.0	1.0	1.0	1.0	1.0	1.0
0.935121909516962	0.47191652807737894	0.9080570112458795	1.0	1.0	1.0	1.0	1.0	1.0	1.0	1.0	1.0
0.904447564433442	0.43335273025575716	1.1014730678676896	1.0	1.0	1.0	1.0	1.0	1.0	1.0	1.0	1.0
0.9757572747448896	0.4788469468629417	1.1607588386974441	1.0	1.0	1.0	1.0	1.0	1.0	1.0	1.0	0.0
0.9466578556624458	0.48718177025791864	0.919109934736532	1.0	1.0	1.0	1.0	1.0	1.0	1.0	1.0	1.0
0.8867238470155655	0.3025635924838103	0.8020729537020584	1.0	1.0	1.0	1.0	0.0	0.0	0.0	0.0	0.0
0.9586000183393486	0.34519582875878063	0.8964145897840157	1.0	0.0	1.0	1.0	0.0	1.0	1.0	0.0	1.0
0.9397617026130393	0.39918366225855145	1.0216592872085946	1.0	1.0	1.0	1.0	1.0	1.0	1.0	1.0	1.0
0.9088945729406696	0.5246866031356814	1.0496483638418663	1.0	1.0	1.0	1.0	1.0	1.0	1.0	1.0	1.0
0.9138798368598229	0.5253847290569645	0.9352409505842394	1.0	1.0	1.0	1.0	1.0	1.0	1.0	1.0	1.0
0.9189039529064458	0.4177145429977272	1.1334743908111995	1.0	1.0	1.0	1.0	1.0	1.0	1.0	1.0	1.0
0.9005273754870379	0.4689688942735575	1.0454243219172592	1.0	1.0	1.0	1.0	1.0	1.0	1.0	1.0	1.0
0.9000597457466054	0.42847638848908326	1.0426305731666856	1.0	1.0	1.0	1.0	1.0	1.0	1.0	1.0	1.0
0.9320964224084406	0.5584713321679303	0.9320691593423583	1.0	1.0	1.0	1.0	1.0	1.0	1.0	1.0	1.0
0.9410346707781424	0.4219148564268051	1.0255932482238181	1.0	1.0	1.0	1.0	1.0	1.0	1.0	1.0	1.0
0.9447566444608163	0.5348639089529341	1.0142137112343488	1.0	1.0	1.0	1.0	1.0	1.0	1.0	1.0	1.0
0.9005625427815054	0.4072938540260034	1.04281275166462	1.0	1.0	1.0	1.0	1.0	1.0	1.0	1.0	1.0
0.9264834714808807	0.4578380212093279	1.023532392308309	1.0	1.0	1.0	1.0	1.0	1.0	1.0	1.0	1.0
0.9355710422364304	0.42414647458193866	1.0146877679677602	1.0	1.0	1.0	1.0	1.0	1.0	1.0	1.0	1.0
0.9592900811794128	0.369956097166543	1.1037028233681871	1.0	1.0	1.0	1.0	0.0	1.0	1.0	0.0	1.0
0.9624164356746047	0.4747533868787543	0.9347484824695701	1.0	1.0	1.0	1.0	1.0	1.0	1.0	1.0	1.0
0.9630177284318404	0.4864294721399212	1.0702830017121663	1.0	1.0	1.0	1.0	1.0	1.0	1.0	1.0	1.0
0.8809919618379248	0.5482088036227558	1.0367415786660152	1.0	1.0	1.0	1.0	1.0	1.0	1.0	1.0	1.0
0.9493993654495336	0.4738582963828134	0.9629405912962958	1.0	1.0	1.0	1.0	1.0	1.0	1.0	1.0	1.0
0.9679259483800794	0.4494601589283151	1.0225446781251595	1.0	1.0	1.0	1.0	1.0	1.0	1.0	1.0	1.0
0.934915984556685	0.461348596609364	1.0769790841033855	1.0	1.0	1.0	1.0	1.0	1.0	1.0	1.0	1.0
0.9178782002484033	0.371312671068735	0.8817284873329904	1.0	1.0	1.0	1.0	0.0	1.0	1.0	0.0	1.0
0.9098984742024623	0.44263434937898954	0.9219994257159737	1.0	1.0	1.0	1.0	1.0	1.0	1.0	1.0	1.0
0.9078482999003769	0.5658246965745175	1.0298693707485134	1.0	1.0	1.0	1.0	1.0	1.0	1.0	1.0	1.0
0.9459848566531677	0.5371224440800801	1.1072324062637988	1.0	1.0	1.0	1.0	1.0	1.0	1.0	1.0	1.0
0.9173468876082744	0.48669927521706297	0.9618553946917132	1.0	1.0	1.0	1.0	1.0	1.0	1.0	1.0	1.0
0.9122198138375527	0.614100468078466	1.009276603588371	1.0	1.0	1.0	1.0	1.0	1.0	1.0	1.0	1.0
0.9530607080851532	0.49132565402313094	1.029097933086332	1.0	1.0	1.0	1.0	1.0	1.0	1.0	1.0	1.0
0.9204974903726839	0.5252844856083159	1.1336109195713866	1.0	1.0	1.0	1.0	1.0	1.0	1.0	1.0	1.0
0.9465105798980316	0.4795592001862066	1.0573120251552661	1.0	1.0	1.0	1.0	1.0	1.0	1.0	1.0	1.0
0.8970185017656654	0.4663471066034306	0.9624129775050143	1.0	1.0	1.0	1.0	1.0	1.0	1.0	1.0	1.0
0.8941416173469071	0.3669013231054833	1.0599744364711499	1.0	1.0	1.0	1.0	0.0	1.0	1.0	0.0	1.0
0.9143848771456298	0.4708863286506632	0.8518914333290979	1.0	1.0	1.0	1.0	1.0	1.0	1.0	1.0	0.0
0.9249041392161266	0.521033789972133	0.9280332424220787	1.0	1.0	1.0	1.0	1.0	1.0	1.0	1.0	1.0
0.8666715153031278	0.42233527336933824	1.0019909714006088	1.0	1.0	1.0	1.0	1.0	1.0	1.0	1.0	1.0
0.9571070377322612	0.42179331544649384	1.0664957417476595	1.0	1.0	1.0	1.0	1.0	1.0	1.0	1.0	1.0
0.9336847052159252	0.4936052285617059	0.9953760677826639	1.0	1.0	1.0	1.0	1.0	1.0	1.0	1.0	1.0
0.902019708049445	0.560724178813125	0.8912459160368564	1.0	1.0	1.0	1.0	1.0	1.0	1.0	1.0	1.0
0.9218856959945111	0.4828374980734231	0.9842698857072683	1.0	1.0	1.0	1.0	1.0	1.0	1.0	1.0	1.0
0.9462485615759809	0.4719536746095304	0.9886204250402411	1.0	1.0	1.0	1.0	1.0	1.0	1.0	1.0	1.0
0.8786773501382092	0.42361436673134983	1.0678107862333708	1.0	1.0	1.0	1.0	1.0	1.0	1.0	1.0	1.0
0.9533136789947861	0.5656779010823724	1.0662880150984824	1.0	1.0	1.0	1.0	1.0	1.0	1.0	1.0	1.0
0.8332243226007402	0.3864599828841732	0.9288518637294102	1.0	1.0	1.0	0.0	1.0	1.0	0.0	1.0	1.0
0.908770118850186	0.4926682646006019	0.9995600863391031	1.0	1.0	1.0	1.0	1.0	1.0	1.0	1.0	1.0
0.944470939508743	0.5291661062244886	0.9755892109214878	1.0	1.0	1.0	1.0	1.0	1.0	1.0	1.0	1.0
0.8518676361396849	0.2960798725069811	0.94253502849276	0.0	0.0	1.0	0.0	0.0	1.0	0.0	0.0	1.0
0.8426249832111805	0.4996972588461138	1.0904665509278846	1.0	1.0	1.0	1.0	1.0	1.0	1.0	1.0	1.0
0.8898416508209557	0.3705345715892661	0.9164789174477265	1.0	1.0	1.0	1.0	1.0	1.0	0.0	0.0	1.0
0.8969321192133881	0.4064077964127237	0.7890523307942436	1.0	1.0	0.0	1.0	1.0	0.0	1.0	1.0	0.0
0.883316917110571	0.45852138686621513	1.0192623138209913	1.0	1.0	1.0	1.0	1.0	1.0	1.0	1.0	1.0
0.9425390374380659	0.5034879107817617	0.9867885459564599	1.0	1.0	1.0	1.0	1.0	1.0	1.0	1.0	1.0
0.9403436078028539	0.43134881594646757	1.0596598291141106	1.0	1.0	1.0	1.0	1.0	1.0	1.0	1.0	1.0
0.9309769160194686	0.5438478697116099	1.0598267912277284	1.0	1.0	1.0	1.0	1.0	1.0	1.0	1.0	1.0
0.9675897358283287	0.5041950519451586	0.9495238647335879	1.0	1.0	1.0	1.0	1.0	1.0	1.0	1.0	1.0
0.9622018835257055	0.554836103868366	1.0118070491818234	1.0	1.0	1.0	1.0	1.0	1.0	1.0	1.0	1.0
0.9315848776872248	0.4698133172672396	0.9435131979703311	1.0	1.0	1.0	1.0	1.0	1.0	1.0	1.0	1.0
0.9404307136965632	0.4526155706120897	1.0480656986888528	1.0	1.0	1.0	1.0	1.0	1.0	1.0	1.0	1.0
0.8976682137449088	0.28811916405329374	0.9670082398828692	1.0	0.0	1.0	1.0	0.0	1.0	1.0	0.0	1.0
0.9035526669618619	0.40372073834023803	0.987220842195771	1.0	1.0	1.0	1.0	1.0	1.0	1.0	1.0	1.0
0.9427348421464968	0.4483067564241326	1.0118633646631476	1.0	1.0	1.0	1.0	1.0	1.0	1.0	1.0	1.0
0.970464104190364	0.48944069491390757	1.093651446361031	1.0	1.0	1.0	1.0	1.0	1.0	1.0	1.0	1.0
0.8742404771354725	0.4581190347718082	0.9417689033145985	1.0	1.0	1.0	1.0	1.0	1.0	1.0	1.0	1.0
0.8782684951125405	0.30109069763462587	1.006251788413284	1.0	0.0	1.0	1.0	0.0	1.0	0.0	0.0	1.0
0.8911438477086576	0.39002222952205	1.1712355570835777	1.0	1.0	1.0	1.0	1.0	1.0	1.0	1.0	0.0
0.9258549537793728	0.5364705841291124	1.109602694246463	1.0	1.0	1.0	1.0	1.0	1.0	1.0	1.0	1.0
0.9288325116512675	0.4640811590062474	0.9248069878024249	1.0	1.0	1.0	1.0	1.0	1.0	1.0	1.0	1.0
0.9471798679357142	0.4926605424470803	1.118970473011135	1.0	1.0	1.0	1.0	1.0	1.0	1.0	1.0	1.0
0.9587598766906118	0.49083003376358686	1.144191198756528	1.0	1.0	1.0	1.0	1.0	1.0	1.0	1.0	1.0
0.8739346842507759	0.5068363714258319	0.863213712868029	1.0	1.0	1.0	1.0	1.0	1.0	1.0	1.0	0.0
0.935193864042762	0.5141614288059262	0.9685694469633388	1.0	1.0	1.0	1.0	1.0	1.0	1.0	1.0	1.0
0.9634150914835831	0.2951817409689236	0.916288541942547	1.0	0.0	1.0	1.0	0.0	1.0	1.0	0.0	1.0
0.9153897755173528	0.44093058004307406	0.9942779242993954	1.0	1.0	1.0	1.0	1.0	1.0	1.0	1.0	1.0
0.9460987652481557	0.550759368457539	1.0106610217676053	1.0	1.0	1.0	1.0	1.0	1.0	1.0	1.0	1.0
0.9240897798325888	0.45431491196587903	1.0383832542086608	1.0	1.0	1.0	1.0	1.0	1.0	1.0	1.0	1.0
0.911426609836016	0.4900223486314052	1.0340642411390115	1.0	1.0	1.0	1.0	1.0	1.0	1.0	1.0	1.0
0.889078956970823	0.47706209594994836	0.949935188068163	1.0	1.0	1.0	1.0	1.0	1.0	1.0	1.0	1.0
0.8831385473612757	0.4832902640954123	0.9905104105078383	1.0	1.0	1.0	1.0	1.0	1.0	1.0	1.0	1.0
0.9687998541784848	0.48528104155539714	0.9364017448287053	1.0	1.0	1.0	1.0	1.0	1.0	1.0	1.0	1.0
0.9305463034411974	0.6110951273467479	0.9678884246857052	1.0	1.0	1.0	1.0	1.0	1.0	1.0	1.0	1.0
0.9253579036522238	0.4355981083657008	1.148404317411324	1.0	1.0	1.0	1.0	1.0	1.0	1.0	1.0	1.0
0.8879667636084112	0.4867028522150111	0.9640503968919607	1.0	1.0	1.0	1.0	1.0	1.0	1.0	1.0	1.0
0.9101976305818021	0.5361483794828217	1.074091859699372	1.0	1.0	1.0	1.0	1.0	1.0	1.0	1.0	1.0
0.970827595413527	0.5248941562512296	0.9459397056539981	1.0	1.0	1.0	1.0	1.0	1.0	1.0	1.0	1.0
0.9642237746822684	0.5430938081743256	1.0680035890262571	1.0	1.0	1.0	1.0	1.0	1.0	1.0	1.0	1.0
0.8841149691773992	0.4076125530741588	1.0059658424056503	1.0	1.0	1.0	1.0	1.0	1.0	1.0	1.0	1.0
0.941415967916382	0.5371181509416084	0.9581039873029127	1.0	1.0	1.0	1.0	1.0	1.0	1.0	1.0	1.0
0.9529828110918855	0.4808916057510399	0.9050574812016875	1.0	1.0	1.0	1.0	1.0	1.0	1.0	1.0	1.0
0.8873553089759476	0.3409420191369316	0.9658650177525863	1.0	1.0	1.0	1.0	0.0	1.0	1.0	0.0	1.0
0.8814480104455477	0.39374839375944193	1.0470260611902669	1.0	1.0	1.0	1.0	1.0	1.0	0.0	1.0	1.0
0.9573600856784312	0.5124150159399807	1.1180899174078285	1.0	1.0	1.0	1.0	1.0	1.0	1.0	1.0	1.0
0.96828682810067	0.4949013849510073	1.0072629764033867	1.0	1.0	1.0	1.0	1.0	1.0	1.0	1.0	1.0
0.9212681283037482	0.4714318409213204	1.1883279711745647	1.0	1.0	1.0	1.0	1.0	1.0	1.0	1.0	0.0
0.8801561175386589	0.5064874265722139	0.9805685503092653	1.0	1.0	1.0	1.0	1.0	1.0	1.0	1.0	1.0
0.8943201934061695	0.5160649102935393	1.0993297341968369	1.0	1.0	1.0	1.0	1.0	1.0	1.0	1.0	1.0
0.9226907374867568	0.401522448775676	0.9353082229670957	1.0	1.0	1.0	1.0	1.0	1.0	1.0	1.0	1.0
0.9081299194212871	0.4660842548869843	1.1541144234804057	1.0	1.0	1.0	1.0	1.0	1.0	1.0	1.0	0.0
0.8558493287450863	0.3483017474886459	1.007504429731893	0.0	1.0	1.0	0.0	0.0	1.0	0.0	0.0	1.0
0.9685675317127465	0.44485633506548145	1.1408137143712906	1.0	1.0	1.0	1.0	1.0	1.0	1.0	1.0	1.0
0.9018713711778026	0.5429644926300805	1.000048852791458	1.0	1.0	1.0	1.0	1.0	1.0	1.0	1.0	1.0
0.8911912133363438	0.5573396187246737	1.0593521553854968	1.0	1.0	1.0	1.0	1.0	1.0	1.0	1.0	1.0
0.8990699529388898	0.41273040221838403	0.8754165036554826	1.0	1.0	1.0	1.0	1.0	1.0	1.0	1.0	1.0
0.9013580480361465	0.4837284041874527	1.0196629781438296	1.0	1.0	1.0	1.0	1.0	1.0	1.0	1.0	1.0
0.9571912882227814	0.5148875017379773	0.9970680106127502	1.0	1.0	1.0	1.0	1.0	1.0	1.0	1.0	1.0
0.8458183939685903	0.501804313429117	0.9411071971096855	1.0	1.0	1.0	1.0	1.0	1.0	1.0	1.0	1.0
0.9284938939132299	0.42880088108052367	1.0385214952720316	1.0	1.0	1.0	1.0	1.0	1.0	1.0	1.0	1.0
0.9269214171415948	0.432295341302421	1.0178396762614448	1.0	1.0	1.0	1.0	1.0	1.0	1.0	1.0	1.0
0.8846046072107445	0.5396999713701578	0.8303407899415166	1.0	1.0	1.0	1.0	1.0	1.0	1.0	1.0	0.0
0.9248606097730288	0.4228483590315196	1.049291011175419	1.0	1.0	1.0	1.0	1.0	1.0	1.0	1.0	1.0
0.9510684368108919	0.5455078338175998	1.0554080822516618	1.0	1.0	1.0	1.0	1.0	1.0	1.0	1.0	1.0
0.909947081439445	0.4831523348054145	1.0029975168491398	1.0	1.0	1.0	1.0	1.0	1.0	1.0	1.0	1.0
0.8715975690440517	0.48883834233210494	1.0393354648838613	1.0	1.0	1.0	1.0	1.0	1.0	1.0	1.0	1.0
0.888789495010805	0.45915522118628105	0.9374730248276917	1.0	1.0	1.0	1.0	1.0	1.0	1.0	1.0	1.0
0.7452472046831915	0.39446027106955783	1.1263973127738403	1.0	1.0	1.0	1.0	1.0	1.0	1.0	1.0	1.0
0.9316939724084478	0.4454587315489631	1.0975845832283653	1.0	1.0	1.0	1.0	1.0	1.0	1.0	1.0	1.0
0.9571759921066959	0.5746122704585785	1.0595950841183188	1.0	1.0	1.0	1.0	1.0	1.0	1.0	1.0	1.0
0.9084878451685697	0.5445499448162008	1.0557011786062187	1.0	1.0	1.0	1.0	1.0	1.0	1.0	1.0	1.0
0.9494908806140901	0.3929444737765447	1.0281043294138803	1.0	1.0	1.0	1.0	1.0	1.0	1.0	0.0	1.0
0.96330677582206	0.5365426914025188	0.9590106419619616	1.0	1.0	1.0	1.0	1.0	1.0	1.0	1.0	1.0
0.9289366938750405	0.438925906371031	0.9788115191773126	1.0	1.0	1.0	1.0	1.0	1.0	1.0	1.0	1.0
0.8985892261973458	0.4803379385094233	1.040002200566978	1.0	1.0	1.0	1.0	1.0	1.0	1.0	1.0	1.0
0.8557839638633763	0.4641184966166135	0.9718079680698691	1.0	1.0	1.0	1.0	1.0	1.0	1.0	1.0	1.0
0.9616752647062334	0.4902167382935004	1.0995724220864829	1.0	1.0	1.0	1.0	1.0	1.0	1.0	1.0	1.0
0.9257935723051091	0.527479836492757	0.9730100699480263	1.0	1.0	1.0	1.0	1.0	1.0	1.0	1.0	1.0
0.9416614132005446	0.4179196481322041	1.141697307041938	1.0	1.0	1.0	1.0	1.0	1.0	1.0	1.0	1.0
0.9114965367923865	0.428259075780493	0.9725016184387165	1.0	1.0	1.0	1.0	1.0	1.0	1.0	1.0	1.0
0.8490716046261773	0.46197691456849216	1.1319557464094572	1.0	1.0	1.0	1.0	1.0	1.0	1.0	1.0	1.0
0.8328450579861936	0.545757124487956	1.0106414986899908	1.0	1.0	1.0	1.0	1.0	1.0	1.0	1.0	1.0
0.9427585551968961	0.39794348868163815	0.9957427080872272	1.0	1.0	1.0	1.0	1.0	1.0	1.0	1.0	1.0
0.9391708223880588	0.46628225760409575	1.177435458037717	1.0	1.0	1.0	1.0	1.0	0.0	1.0	1.0	0.0
0.8852296847589789	0.4395260337522954	0.9508851731253364	1.0	1.0	1.0	1.0	1.0	1.0	1.0	1.0	1.0
0.8899959723381222	0.5707510941440013	0.9360833145726077	1.0	1.0	1.0	1.0	1.0	1.0	1.0	1.0	1.0
0.9072234242272857	0.5677590189673	0.9971135838714823	1.0	1.0	1.0	1.0	1.0	1.0	1.0	1.0	1.0
0.9436322850077686	0.5408739419056013	0.942559816784322	1.0	1.0	1.0	1.0	1.0	1.0	1.0	1.0	1.0
0.9509892268979602	0.4649772844615637	1.0507695391328435	1.0	1.0	1.0	1.0	1.0	1.0	1.0	1.0	1.0
0.910297848173701	0.3518367358026856	0.9346732285769666	1.0	1.0	1.0	1.0	0.0	1.0	1.0	0.0	1.0
0.9437060977982961	0.4863713770952165	1.0314670584490198	1.0	1.0	1.0	1.0	1.0	1.0	1.0	1.0	1.0
0.844377965111905	0.5241634288116717	0.9543870066464567	1.0	1.0	1.0	1.0	1.0	1.0	1.0	1.0	1.0
0.9520382746601445	0.46399835841638903	0.9824093513453976	1.0	1.0	1.0	1.0	1.0	1.0	1.0	1.0	1.0
0.9081490361937006	0.5701707972069252	1.0971030577477388	1.0	1.0	1.0	1.0	1.0	1.0	1.0	1.0	1.0
0.9572013890076411	0.5333963946251997	1.0464730407438287	1.0	1.0	1.0	1.0	1.0	1.0	1.0	1.0	1.0
0.9174546254580338	0.5385971132299646	1.1119013824633142	1.0	1.0	1.0	1.0	1.0	1.0	1.0	1.0	1.0
0.9309816050758757	0.41893465268721286	1.0048811575594903	1.0	1.0	1.0	1.0	1.0	1.0	1.0	1.0	1.0
0.8736134724093703	0.5030124851264667	1.071823890356726	1.0	1.0	1.0	1.0	1.0	1.0	1.0	1.0	1.0
0.8915965927095624	0.43351070687052545	1.0370269771412244	1.0	1.0	1.0	1.0	1.0	1.0	1.0	1.0	1.0
0.9268283016689344	0.49819823741191405	0.9818440388432126	1.0	1.0	1.0	1.0	1.0	1.0	1.0	1.0	1.0
0.9529943834673495	0.5194455079521788	1.1259774523580244	1.0	1.0	1.0	1.0	1.0	1.0	1.0	1.0	1.0
0.9217452424973912	0.3568286986483961	1.0482856396494507	1.0	1.0	1.0	1.0	0.0	1.0	1.0	0.0	1.0
0.9003452497073621	0.40513307992670544	1.0081884011464235	1.0	1.0	1.0	1.0	1.0	1.0	1.0	1.0	1.0
0.9282735900529049	0.5388379293966181	1.0441198036039718	1.0	1.0	1.0	1.0	1.0	1.0	1.0	1.0	1.0
0.9447525888975209	0.5276156923784985	1.0929771324134552	1.0	1.0	1.0	1.0	1.0	1.0	1.0	1.0	1.0
0.8616615435236172	0.4273583932451842	0.9540692465293054	1.0	1.0	1.0	1.0	1.0	1.0	1.0	1.0	1.0
0.8987479674012709	0.4840900988600295	0.9736756459532607	1.0	1.0	1.0	1.0	1.0	1.0	1.0	1.0	1.0
0.9167803224732026	0.48780759995313555	1.091746093042573	1.0	1.0	1.0	1.0	1.0	1.0	1.0	1.0	1.0
0.823320670039598	0.3308365466170846	0.9349143195143672	0.0	1.0	1.0	0.0	0.0	1.0	0.0	0.0	1.0
0.9341395229217516	0.45253614532806224	1.1463687014760275	1.0	1.0	1.0	1.0	1.0	1.0	1.0	1.0	1.0
0.9299928909519003	0.5393552665576709	1.2514279803206814	1.0	1.0	0.0	1.0	1.0	0.0	1.0	1.0	0.0
0.9129427271793736	0.4632332413751309	1.0943006464645701	1.0	1.0	1.0	1.0	1.0	1.0	1.0	1.0	1.0
0.9239089000468437	0.5475883388930423	0.9617700607620197	1.0	1.0	1.0	1.0	1.0	1.0	1.0	1.0	1.0
0.8478567837597886	0.46897158081218365	0.8639588005054532	1.0	1.0	1.0	1.0	1.0	1.0	0.0	1.0	0.0
0.9452382782194741	0.5289534805770945	0.9843653484401913	1.0	1.0	1.0	1.0	1.0	1.0	1.0	1.0	1.0
0.8393754781822392	0.40511814630158677	0.9857762759003555	1.0	1.0	1.0	0.0	1.0	1.0	0.0	1.0	1.0
0.9184345438975628	0.48150706542617333	1.144627649514451	1.0	1.0	1.0	1.0	1.0	1.0	1.0	1.0	1.0
0.8606827871750613	0.4408638638745675	0.9981399885552619	1.0	1.0	1.0	1.0	1.0	1.0	1.0	1.0	1.0
