0.9208807724526079	0.3189413689911132	0.9592994329265592	1.0	1.0	1.0	1.0	0.0	1.0	1.0	0.0	1.0
0.9317363607937809	0.5179085050551794	1.1323871610521064	1.0	1.0	1.0	1.0	1.0	1.0	1.0	1.0	1.0
0.9107338918230271	0.43487164387924077	0.8872965605541893	1.0	1.0	1.0	1.0	1.0	1.0	1.0	1.0	1.0
0.927831934767171	0.5790068872311832	0.9503026518487033	1.0	1.0	1.0	1.0	1.0	1.0	1.0	1.0	1.0
0.9297669703690459	0.41664711168432333	0.9903073485880345	1.0	1.0	1.0	1.0	1.0	1.0	1.0	1.0	1.0
0.9023289581379346	0.5784708842346787	0.9167124005235641	1.0	1.0	1.0	1.0	1.0	1.0	1.0	1.0	1.0
0.9009084080175973	0.36196175564726984	1.0547140918134235	1.0	1.0	1.0	1.0	1.0	1.0	1.0	1.0	1.0
0.9424663279845615	0.43443536497242075	1.0723673500815984	1.0	1.0	1.0	1.0	1.0	1.0	1.0	1.0	1.0
0.947744756467405	0.48584586849578926	1.11856924912352	1.0	1.0	1.0	1.0	1.0	1.0	1.0	1.0	1.0
0.9574704341430804	0.48229751788817177	0.9967192453932044	1.0	1.0	1.0	1.0	1.0	1.0	1.0	1.0	1.0
0.9355235351546453	0.449441518082072	1.0793621150683061	1.0	1.0	1.0	1.0	1.0	1.0	1.0	1.0	1.0
0.9129947534167402	0.5727777979697688	0.9529432642326178	1.0	1.0	1.0	1.0	1.0	1.0	1.0	1.0	1.0
0.9381282857272286	0.543404657246419	0.9665876553303803	1.0	1.0	1.0	1.0	1.0	1.0	1.0	1.0	1.0
0.9287929784922672	0.4845626724803406	1.0542653113516656	1.0	1.0	1.0	1.0	1.0	1.0	1.0	1.0	1.0
0.9105353239029801	0.4095096760762123	0.8964197507847048	1.0	1.0	1.0	1.0	1.0	1.0	1.0	1.0	1.0
0.9073330167147972	0.389206905700209	1.081618778074393	1.0	1.0	1.0	1.0	1.0	1.0	1.0	1.0	1.0
0.9376249798443936	0.573184790904461	1.0276486970406387	1.0	1.0	1.0	1.0	1.0	1.0	1.0	1.0	1.0
0.9286265650468893	0.5981219453269314	0.8094949585780074	1.0	1.0	1.0	1.0	1.0	0.0	1.0	1.0	0.0
0.9181212569951572	0.5576803992676608	0.8677242089680103	1.0	1.0	1.0	1.0	1.0	1.0	1.0	1.0	1.0
0.8890074880001648	0.38950446049514714	1.078741142169689	1.0	1.0	1.0	1.0	1.0	1.0	1.0	1.0	1.0
0.9568986616750732	0.5212206295106173	0.8813260669980686	1.0	1.0	1.0	1.0	1.0	1.0	1.0	1.0	1.0
0.9512598452910231	0.5092686054927646	0.9768836008149526	1.0	1.0	1.0	1.0	1.0	1.0	1.0	1.0	1.0
0.9223735042491473	0.5455060282936658	0.8940532079560467	1.0	1.0	1.0	1.0	1.0	1.0	1.0	1.0	1.0
0.9305843643077034	0.5057381556804876	0.8657086821822016	1.0	1.0	1.0	1.0	1.0	1.0	1.0	1.0	0.0
0.9324431868222691	0.5284893805457629	0.9707883564623673	1.0	1.0	1.0	1.0	1.0	1.0	1.0	1.0	1.0
0.9456318859649345	0.5060911420048849	1.0578895608843741	1.0	1.0	1.0	1.0	1.0	1.0	1.0	1.0	1.0
0.9073324782555999	0.4795969560367321	0.9615921359285079	1.0	1.0	1.0	1.0	1.0	1.0	1.0	1.0	1.0
0.8626955824680371	0.35771490504179876	0.9466486853681919	1.0	1.0	1.0	1.0	1.0	1.0	1.0	1.0	1.0
0.9063083646391811	0.47331987942942194	0.9749741073879487	1.0	1.0	1.0	1.0	1.0	1.0	1.0	1.0	1.0
0.894582751779445	0.46678778530891885	0.9854096439714264	1.0	1.0	1.0	1.0	1.0	1.0	1.0	1.0	1.0
0.9605469739139578	0.5155510734444162	0.9265676466643273	1.0	1.0	1.0	1.0	1.0	1.0	1.0	1.0	1.0
0.9245825940969297	0.37878512823335647	0.9280800101809781	1.0	1.0	1.0	1.0	1.0	1.0	1.0	1.0	1.0
0.9525878778076138	0.4932605560224165	1.078004784976602	1.0	1.0	1.0	1.0	1.0	1.0	1.0	1.0	1.0
0.9374060536510022	0.5463058599687619	1.1332502760063963	1.0	1.0	1.0	1.0	1.0	1.0	1.0	1.0	1.0
0.9649930182625475	0.6329099655573245	0.8871789467172766	1.0	1.0	1.0	1.0	1.0	1.0	1.0	0.0	1.0
0.8853073164127833	0.3720698676260413	0.990017519580116	1.0	1.0	1.0	1.0	1.0	1.0	1.0	1.0	1.0
0.8587434639055175	0.5416844162876663	0.9109861203785906	1.0	1.0	1.0	1.0	1.0	1.0	1.0	1.0	1.0
0.9569364600750283	0.48108728608894447	0.9873155426200098	1.0	1.0	1.0	1.0	1.0	1.0	1.0	1.0	1.0
0.9199621993167341	0.5045569601337458	1.070614629309375	1.0	1.0	1.0	1.0	1.0	1.0	1.0	1.0	1.0
0.9500708352070538	0.46487087976774993	0.9867447507529088	1.0	1.0	1.0	1.0	1.0	1.0	1.0	1.0	1.0
0.9285044394022625	0.5762524634744055	1.0803459793834924	1.0	1.0	1.0	1.0	1.0	1.0	1.0	1.0	1.0
0.9392785533719616	0.5679286371877436	1.0882809051961526	1.0	1.0	1.0	1.0	1.0	1.0	1.0	1.0	1.0
0.9724648200274414	0.531982531468287	1.0204243228624028	1.0	1.0	1.0	1.0	1.0	1.0	1.0	1.0	1.0
0.9364314713369182	0.5094138408299114	0.917126851728592	1.0	1.0	1.0	1.0	1.0	1.0	1.0	1.0	1.0
0.9441228851801782	0.4829311006370017	1.2345120773711107	1.0	1.0	1.0	1.0	1.0	1.0	1.0	1.0	0.0
0.9010160587008488	0.4973751818460526	0.9970358540595924	1.0	1.0	1.0	1.0	1.0	1.0	1.0	1.0	1.0
0.9314970596373209	0.6283115885041469	1.023763363405823	1.0	1.0	1.0	1.0	1.0	1.0	1.0	1.0	1.0
0.9422229982506837	0.5758943741378103	0.9945502719925571	1.0	1.0	1.0	1.0	1.0	1.0	1.0	1.0	1.0
0.9706972889624463	0.5430242016423962	0.9712905492847869	1.0	1.0	1.0	1.0	1.0	1.0	1.0	1.0	1.0
0.9434651918900825	0.5828510085809636	0.9776108640400218	1.0	1.0	1.0	1.0	1.0	1.0	1.0	1.0	1.0
0.9255514964415663	0.5572232576735194	0.8465714694474881	1.0	1.0	1.0	1.0	1.0	1.0	1.0	1.0	0.0
0.9485841072908326	0.47702221992123867	1.0387416778451284	1.0	1.0	1.0	1.0	1.0	1.0	1.0	1.0	1.0
0.9397597292554641	0.5265129306215738	1.041634454120119	1.0	1.0	1.0	1.0	1.0	1.0	1.0	1.0	1.0
0.9446897889077936	0.5624575793009207	1.0316579901869025	1.0	1.0	1.0	1.0	1.0	1.0	1.0	1.0	1.0
0.9174064787032162	0.3943156671663122	1.0595810542216841	1.0	1.0	1.0	1.0	1.0	1.0	1.0	1.0	1.0
0.9614448580342411	0.4803640308087479	1.0877986720814832	1.0	1.0	1.0	1.0	1.0	1.0	1.0	1.0	1.0
0.9595724335658058	0.467673901650136	1.1166709181152354	1.0	1.0	1.0	1.0	1.0	1.0	1.0	1.0	1.0
0.9692001985511633	0.5658215303886027	1.170597791812315	1.0	1.0	1.0	1.0	1.0	1.0	1.0	1.0	1.0
0.9599345389663333	0.5808296437873562	1.0091448178333169	1.0	1.0	1.0	1.0	1.0	1.0	1.0	1.0	1.0
0.9632592013386304	0.43837508193117153	1.0123504301207014	1.0	1.0	1.0	1.0	1.0	1.0	1.0	1.0	1.0
0.9515166978504843	0.5406083970196291	1.0204053358119272	1.0	1.0	1.0	1.0	1.0	1.0	1.0	1.0	1.0
0.9331820280759126	0.52786235137598	1.1259670688363417	1.0	1.0	1.0	1.0	1.0	1.0	1.0	1.0	1.0
0.9161985667680972	0.45653754376914923	1.1183271446352308	1.0	1.0	1.0	1.0	1.0	1.0	1.0	1.0	1.0
0.9022822541634685	0.39036631685507667	0.9367891308352533	1.0	1.0	1.0	1.0	1.0	1.0	1.0	1.0	1.0
0.9277108389554113	0.519566262887847	1.1453705192871781	1.0	1.0	1.0	1.0	1.0	1.0	1.0	1.0	1.0
0.9320118052855505	0.5553097145834311	0.9006061841445294	1.0	1.0	1.0	1.0	1.0	1.0	1.0	1.0	1.0
0.929122274232691	0.5036844168536082	1.1160043136124724	1.0	1.0	1.0	1.0	1.0	1.0	1.0	1.0	1.0
0.9236034863262766	0.6253905156164847	0.9355197399607863	1.0	1.0	1.0	1.0	1.0	1.0	1.0	1.0	1.0
0.9543893101284834	0.44452993666190044	1.0372229802037962	1.0	1.0	1.0	1.0	1.0	1.0	1.0	1.0	1.0
0.9675820398304652	0.5454825445340431	1.1560417630015807	1.0	1.0	1.0	1.0	1.0	1.0	1.0	1.0	1.0
0.9366845415065689	0.5591830813773707	0.9981430894684409	1.0	1.0	1.0	1.0	1.0	1.0	1.0	1.0	1.0
0.8986209039919715	0.4709589528054458	0.8741279813869358	1.0	1.0	1.0	1.0	1.0	1.0	1.0	1.0	1.0
0.9532806600690478	0.4482022786755669	0.8927168086674252	1.0	1.0	1.0	1.0	1.0	1.0	1.0	1.0	1.0
0.94409954802841	0.45488479951650496	0.8998859708066184	1.0	1.0	1.0	1.0	1.0	1.0	1.0	1.0	1.0
0.9600647195777546	0.46409035986238506	1.0738752108038145	1.0	1.0	1.0	1.0	1.0	1.0	1.0	1.0	1.0
0.9085628091966148	0.40605888919595673	1.2191505002761929	1.0	1.0	1.0	1.0	1.0	1.0	1.0	1.0	0.0
0.945735340358557	0.45854678181380315	0.8739734058901216	1.0	1.0	1.0	1.0	1.0	1.0	1.0	1.0	1.0
0.9370923525037902	0.5219936087643445	0.8622916352371475	1.0	1.0	1.0	1.0	1.0	1.0	1.0	1.0	1.0
0.934609536765706	0.404578715914548	1.1802093535769436	1.0	1.0	1.0	1.0	1.0	1.0	1.0	1.0	1.0
0.9500923596693629	0.4818020961293283	1.1949321264386088	1.0	1.0	1.0	1.0	1.0	1.0	1.0	1.0	1.0
0.9029695117059071	0.43404871134729484	1.058788729240356	1.0	1.0	1.0	1.0	1.0	1.0	1.0	1.0	1.0
0.9414546299043431	0.5069965434138084	1.0883151833254976	1.0	1.0	1.0	1.0	1.0	1.0	1.0	1.0	1.0
0.9163608433385553	0.4347973277244686	0.903571390383449	1.0	1.0	1.0	1.0	1.0	1.0	1.0	1.0	1.0
0.9109527395525674	0.557366619610378	0.8848086462003611	1.0	1.0	1.0	1.0	1.0	1.0	1.0	1.0	1.0
0.9685705222834524	0.5280329534747039	1.0427533546794705	1.0	1.0	1.0	1.0	1.0	1.0	1.0	1.0	1.0
0.9366200695272994	0.5004063318248961	1.0151737492270514	1.0	1.0	1.0	1.0	1.0	1.0	1.0	1.0	1.0
0.93928663304273	0.553886359993388	0.9617698833713686	1.0	1.0	1.0	1.0	1.0	1.0	1.0	1.0	1.0
0.9370611587828654	0.45227713095488653	1.0395959158821675	1.0	1.0	1.0	1.0	1.0	1.0	1.0	1.0	1.0
0.8897615152565405	0.4702775840290935	0.93460678502166	1.0	1.0	1.0	1.0	1.0	1.0	1.0	1.0	1.0
0.9458686874695968	0.540514198140459	0.8024365746180072	1.0	1.0	1.0	1.0	1.0	0.0	1.0	1.0	0.0
0.9323016867567214	0.5356886526706114	1.0486954042001608	1.0	1.0	1.0	1.0	1.0	1.0	1.0	1.0	1.0
0.9026773143049713	0.3674041468134899	1.0382350650974659	1.0	1.0	1.0	1.0	1.0	1.0	1.0	1.0	1.0
0.9271257912894686	0.6138301733836105	1.0626678325019079	1.0	1.0	1.0	1.0	1.0	1.0	1.0	1.0	1.0
0.929989172457885	0.544147778519249	1.1041449723573866	1.0	1.0	1.0	1.0	1.0	1.0	1.0	1.0	1.0
0.9263626226885421	0.4629230728521919	0.976162129702924	1.0	1.0	1.0	1.0	1.0	1.0	1.0	1.0	1.0
0.9512697641153917	0.5418588076178096	1.0887832220189302	1.0	1.0	1.0	1.0	1.0	1.0	1.0	1.0	1.0
0.9578921048113731	0.506261619688568	0.9746611545200625	1.0	1.0	1.0	1.0	1.0	1.0	1.0	1.0	1.0
0.9221421388929113	0.4092043992398803	0.9334200847312885	1.0	1.0	1.0	1.0	1.0	1.0	1.0	1.0	1.0
0.9575406912625395	0.4308164049311985	0.9405593708649725	1.0	1.0	1.0	1.0	1.0	1.0	1.0	1.0	1.0
0.9551502086121609	0.548182382483667	0.8446097234149189	1.0	1.0	1.0	1.0	1.0	1.0	1.0	1.0	0.0
0.920945911392302	0.5407143048350861	0.9498120425681551	1.0	1.0	1.0	1.0	1.0	1.0	1.0	1.0	1.0
0.9150803005533017	0.4417418404649754	0.9796324133585512	1.0	1.0	1.0	1.0	1.0	1.0	1.0	1.0	1.0
0.9613868009439662	0.4436845177594656	0.9896612017484396	1.0	1.0	1.0	1.0	1.0	1.0	1.0	1.0	1.0
0.9545172266988564	0.5867069277520462	1.166387207176776	1.0	1.0	1.0	1.0	1.0	1.0	1.0	1.0	1.0
0.9060190937631327	0.4607474936393698	1.009692201045416	1.0	1.0	1.0	1.0	1.0	1.0	1.0	1.0	1.0
0.9228237362627922	0.523227834882321	0.9501832628907836	1.0	1.0	1.0	1.0	1.0	1.0	1.0	1.0	1.0
0.9327502037276841	0.4828334831289772	1.1168420125288991	1.0	1.0	1.0	1.0	1.0	1.0	1.0	1.0	1.0
0.9549806805223044	0.39951297770325417	1.0240923347335296	1.0	1.0	1.0	1.0	1.0	1.0	1.0	1.0	1.0
0.9622764151640618	0.5198759069805641	1.0424962745572905	1.0	1.0	1.0	1.0	1.0	1.0	1.0	1.0	1.0
0.918298180315628	0.6052255048651203	0.9388224124710898	1.0	1.0	1.0	1.0	1.0	1.0	1.0	1.0	1.0
0.9413612224173373	0.5983195533191272	1.0673812517575338	1.0	1.0	1.0	1.0	1.0	1.0	1.0	1.0	1.0
0.9454684965963165	0.5585023189772501	1.0558978450463445	1.0	1.0	1.0	1.0	1.0	1.0	1.0	1.0	1.0
0.9274346799974903	0.5529295725987305	0.9208707611736643	1.0	1.0	1.0	1.0	1.0	1.0	1.0	1.0	1.0
0.9510627782673018	0.5077133260378216	0.8935947051602326	1.0	1.0	1.0	1.0	1.0	1.0	1.0	1.0	1.0
0.9239709143195738	0.4444355877263834	0.9696410098133968	1.0	1.0	1.0	1.0	1.0	1.0	1.0	1.0	1.0
0.9322844189203875	0.5340195530853848	0.9864362532951513	1.0	1.0	1.0	1.0	1.0	1.0	1.0	1.0	1.0
0.9425460529155582	0.5461921128182945	0.9452554993636065	1.0	1.0	1.0	1.0	1.0	1.0	1.0	1.0	1.0
0.9264546070261651	0.5105809666574994	1.0254362442445977	1.0	1.0	1.0	1.0	1.0	1.0	1.0	1.0	1.0
0.9549543083053508	0.49626780060667414	1.044443753348808	1.0	1.0	1.0	1.0	1.0	1.0	1.0	1.0	1.0
0.9606630950066989	0.5117990416315384	1.1738427427031908	1.0	1.0	1.0	1.0	1.0	1.0	1.0	1.0	1.0
0.9566324803344461	0.5976425890980319	0.9365408420550393	1.0	1.0	1.0	1.0	1.0	1.0	1.0	1.0	1.0
0.9634287501093189	0.4704473417482486	1.061734729611769	1.0	1.0	1.0	1.0	1.0	1.0	1.0	1.0	1.0
0.9396077475786672	0.4916396329660305	1.1137819556968351	1.0	1.0	1.0	1.0	1.0	1.0	1.0	1.0	1.0
0.9263286705761183	0.5442898667689781	1.0433453310290939	1.0	1.0	1.0	1.0	1.0	1.0	1.0	1.0	1.0
0.9760190775412095	0.4363841961785391	1.0519488710097233	1.0	1.0	1.0	1.0	1.0	1.0	0.0	1.0	1.0
0.9375615574906307	0.573231316669831	0.99567930314854	1.0	1.0	1.0	1.0	1.0	1.0	1.0	1.0	1.0
0.9670464890971958	0.483656180145752	0.9801587170955992	1.0	1.0	1.0	1.0	1.0	1.0	1.0	1.0	1.0
0.9431054152666731	0.47829695550789714	0.9169251214661653	1.0	1.0	1.0	1.0	1.0	1.0	1.0	1.0	1.0
0.9105612377057271	0.5314977231612845	0.9375627473840945	1.0	1.0	1.0	1.0	1.0	1.0	1.0	1.0	1.0
0.9256463772870666	0.5731250651268628	0.9378181451877062	1.0	1.0	1.0	1.0	1.0	1.0	1.0	1.0	1.0
0.9087911343754007	0.4855352148196073	0.9961390524500101	1.0	1.0	1.0	1.0	1.0	1.0	1.0	1.0	1.0
0.9636563761614485	0.5701542400567111	0.9650803608099963	1.0	1.0	1.0	1.0	1.0	1.0	1.0	1.0	1.0
0.9131617484236285	0.3662339529668743	1.018462300269842	1.0	1.0	1.0	1.0	1.0	1.0	1.0	1.0	1.0
0.9267585149938271	0.5009748456372861	0.8932579743359358	1.0	1.0	1.0	1.0	1.0	1.0	1.0	1.0	1.0
0.9412787654028943	0.4782168034283185	1.0665922636401428	1.0	1.0	1.0	1.0	1.0	1.0	1.0	1.0	1.0
0.9210415814661345	0.5303398556841002	1.0342345357308533	1.0	1.0	1.0	1.0	1.0	1.0	1.0	1.0	1.0
0.9233617814665113	0.5863677228608027	0.9569506123411189	1.0	1.0	1.0	1.0	1.0	1.0	1.0	1.0	1.0
0.9424138858788399	0.5485613406516144	0.9802261106567821	1.0	1.0	1.0	1.0	1.0	1.0	1.0	1.0	1.0
0.9497977068461311	0.58701738869341	0.9352964014271035	1.0	1.0	1.0	1.0	1.0	1.0	1.0	1.0	1.0
0.9589838771936873	0.47989235669142344	1.0053531308592045	1.0	1.0	1.0	1.0	1.0	1.0	1.0	1.0	1.0
0.9581746029372509	0.4427753151921659	1.0255369305186357	1.0	1.0	1.0	1.0	1.0	1.0	1.0	1.0	1.0
0.9171460821741592	0.6018263597110803	1.0820506109890684	1.0	1.0	1.0	1.0	1.0	1.0	1.0	1.0	1.0
0.9711005428032864	0.4854569732645457	1.048865979718895	1.0	1.0	1.0	1.0	1.0	1.0	1.0	1.0	1.0
0.9703135962954333	0.4176103626336633	1.0145316526269932	1.0	1.0	1.0	1.0	1.0	1.0	1.0	1.0	1.0
0.9379435908616736	0.6532489597667814	1.0347398877268297	1.0	1.0	1.0	1.0	1.0	1.0	1.0	0.0	1.0
0.9141995602799848	0.46999291339645805	1.0463768155677358	1.0	1.0	1.0	1.0	1.0	1.0	1.0	1.0	1.0
0.9502844768040246	0.5057126684700511	1.0473487763998088	1.0	1.0	1.0	1.0	1.0	1.0	1.0	1.0	1.0
0.9307672168632395	0.6138706814430274	0.8956243487302636	1.0	1.0	1.0	1.0	1.0	1.0	1.0	1.0	1.0
0.9289098562125874	0.495709106868606	1.0470939663973338	1.0	1.0	1.0	1.0	1.0	1.0	1.0	1.0	1.0
0.8835639441203451	0.4018218173208004	1.0992321110864027	1.0	1.0	1.0	1.0	1.0	1.0	1.0	1.0	1.0
0.9196406702832844	0.39270567121062006	0.9085574163404418	1.0	1.0	1.0	1.0	1.0	1.0	1.0	1.0	1.0
0.9591330433148618	0.5388424991808523	0.9423855813562284	1.0	1.0	1.0	1.0	1.0	1.0	1.0	1.0	1.0
0.8978577874649957	0.5219986907710287	0.9904725433800573	1.0	1.0	1.0	1.0	1.0	1.0	1.0	1.0	1.0
0.9220059980655014	0.41453382896414315	1.101020370886628	1.0	1.0	1.0	1.0	1.0	1.0	1.0	1.0	1.0
0.9706959595623719	0.5639615410559451	0.8774347353698864	1.0	1.0	1.0	1.0	1.0	1.0	1.0	1.0	1.0
0.9754887614805197	0.5213377863762969	1.0296885183690836	1.0	1.0	1.0	1.0	1.0	1.0	1.0	1.0	1.0
0.9464289312876921	0.4110058709165798	1.0530046713778212	1.0	1.0	1.0	1.0	1.0	1.0	1.0	1.0	1.0
0.9512269403632865	0.4815143519903345	0.8609567888704394	1.0	1.0	1.0	1.0	1.0	1.0	1.0	1.0	1.0
0.9477066728778253	0.6001627282515505	1.0544821710591914	1.0	1.0	1.0	1.0	1.0	1.0	1.0	1.0	1.0
0.9726820183092306	0.5015110914130316	1.0553673810876376	1.0	1.0	1.0	1.0	1.0	1.0	1.0	1.0	1.0
0.9049697080964568	0.4932908632202687	0.928707896993399	1.0	1.0	1.0	1.0	1.0	1.0	1.0	1.0	1.0
0.9462412888471423	0.5074713408273064	0.9615730144211506	1.0	1.0	1.0	1.0	1.0	1.0	1.0	1.0	1.0
0.901416459474071	0.5227381198403572	1.0943759765673735	1.0	1.0	1.0	1.0	1.0	1.0	1.0	1.0	1.0
0.9066276406023346	0.5034056408724448	0.9314424360274066	1.0	1.0	1.0	1.0	1.0	1.0	1.0	1.0	1.0
0.9372072201580649	0.4630759608688593	0.9705675171475716	1.0	1.0	1.0	1.0	1.0	1.0	1.0	1.0	1.0
0.9694641153404795	0.45023886532536034	0.9994983396531277	1.0	1.0	1.0	1.0	1.0	1.0	1.0	1.0	1.0
0.949824230261271	0.44847631835612795	0.9751500369000254	1.0	1.0	1.0	1.0	1.0	1.0	1.0	1.0	1.0
0.9606738046327269	0.47711413676908376	0.9210584568662813	1.0	1.0	1.0	1.0	1.0	1.0	1.0	1.0	1.0
0.9641100461537091	0.5956281223135428	0.9712531783218586	1.0	1.0	1.0	1.0	1.0	1.0	1.0	1.0	1.0
0.9500005233968244	0.4699488313213496	1.023574876992154	1.0	1.0	1.0	1.0	1.0	1.0	1.0	1.0	1.0
0.9554648651123046	0.5014881546561655	0.9667241639829137	1.0	1.0	1.0	1.0	1.0	1.0	1.0	1.0	1.0
0.9340348190152772	0.42853500332359035	1.0336157837129005	1.0	1.0	1.0	1.0	1.0	1.0	1.0	1.0	1.0
0.9500382556750626	0.4266002324808423	1.1629314027539472	1.0	1.0	1.0	1.0	1.0	1.0	1.0	1.0	1.0
0.9083720989609656	0.36306167549001106	1.0825803924661312	1.0	1.0	1.0	1.0	1.0	1.0	1.0	1.0	1.0
0.9679603473814168	0.5769422498199528	0.959972033138493	1.0	1.0	1.0	1.0	1.0	1.0	1.0	1.0	1.0
0.9159273301155052	0.4313860919276852	0.7452699298413685	1.0	1.0	0.0	1.0	1.0	0.0	1.0	1.0	0.0
0.9372598017630076	0.5118754742573618	1.0681778147296634	1.0	1.0	1.0	1.0	1.0	1.0	1.0	1.0	1.0
0.891668639973552	0.36437524441772	1.1167930985308654	1.0	1.0	1.0	1.0	1.0	1.0	1.0	1.0	1.0
0.92359895520453	0.3866938933234451	0.9011375225353129	1.0	1.0	1.0	1.0	1.0	1.0	1.0	1.0	1.0
0.9055566788928939	0.4453461266278371	0.9438593822501178	1.0	1.0	1.0	1.0	1.0	1.0	1.0	1.0	1.0
0.9555842313034109	0.5091081149092702	0.96397930495753	1.0	1.0	1.0	1.0	1.0	1.0	1.0	1.0	1.0
0.9127633248462742	0.4954237249721304	0.8347524567938573	1.0	1.0	1.0	1.0	1.0	1.0	1.0	1.0	0.0
0.9291949154139846	0.41502946160934445	0.8628978197274718	1.0	1.0	1.0	1.0	1.0	1.0	1.0	1.0	0.0
0.842027807509786	0.3043761902710411	0.9784946304776644	1.0	1.0	1.0	0.0	0.0	1.0	0.0	0.0	1.0
0.8375990402865103	0.3190704924878267	0.853628645618762	1.0	1.0	1.0	0.0	0.0	1.0	0.0	0.0	0.0
0.9494951207087096	0.47834367438865827	0.8485519307431865	1.0	1.0	1.0	1.0	1.0	1.0	1.0	1.0	0.0
0.939587541164562	0.5695785729671914	0.9155666484218229	1.0	1.0	1.0	1.0	1.0	1.0	1.0	1.0	1.0
0.9000905934529432	0.5014150085125115	0.914812718111576	1.0	1.0	1.0	1.0	1.0	1.0	1.0	1.0	1.0
0.9594320479998938	0.5098365477633813	1.0492732864074161	1.0	1.0	1.0	1.0	1.0	1.0	1.0	1.0	1.0
0.9517850214329768	0.4447910531299838	0.8773379707152753	1.0	1.0	1.0	1.0	1.0	1.0	1.0	1.0	1.0
0.8888629238505055	0.5302180667249526	1.0225390609743699	1.0	1.0	1.0	1.0	1.0	1.0	1.0	1.0	1.0
0.960077897940623	0.47198015173018104	0.9321106694055125	1.0	1.0	1.0	1.0	1.0	1.0	1.0	1.0	1.0
0.904281484274456	0.3563470701025911	0.936348168274535	1.0	1.0	1.0	1.0	1.0	1.0	1.0	0.0	1.0
0.959491060605871	0.533331179754298	0.9434317059686549	1.0	1.0	1.0	1.0	1.0	1.0	1.0	1.0	1.0
0.9627849934832274	0.5700879673819138	0.909458632391306	1.0	1.0	1.0	1.0	1.0	1.0	1.0	1.0	1.0
0.9574031796144431	0.6082709076617733	0.8967027932925413	1.0	1.0	1.0	1.0	1.0	1.0	1.0	1.0	1.0
0.9475770258643157	0.575721083097318	1.0522777400771441	1.0	1.0	1.0	1.0	1.0	1.0	1.0	1.0	1.0
0.9700568881262294	0.5226494924578466	1.1053812774693204	1.0	1.0	1.0	1.0	1.0	1.0	1.0	1.0	1.0
0.9294423522913364	0.46538303851832097	1.0813829848001204	1.0	1.0	1.0	1.0	1.0	1.0	1.0	1.0	1.0
0.9156887107538157	0.6157985696481514	0.9479809025074534	1.0	1.0	1.0	1.0	1.0	1.0	1.0	1.0	1.0
0.9540785608914408	0.5167905580451284	0.8973950997022115	1.0	1.0	1.0	1.0	1.0	1.0	1.0	1.0	1.0
0.9016213037495738	0.3731922643861446	0.9690087352423927	1.0	1.0	1.0	1.0	1.0	1.0	1.0	1.0	1.0
0.9136067338095422	0.47157787267257045	0.9079367871599047	1.0	1.0	1.0	1.0	1.0	1.0	1.0	1.0	1.0
0.9235909478584785	0.5469627715356519	1.1491220335279992	1.0	1.0	1.0	1.0	1.0	1.0	1.0	1.0	1.0
0.9473063719374674	0.4306816960870143	0.9647494090260932	1.0	1.0	1.0	1.0	1.0	1.0	1.0	1.0	1.0
0.959001909828325	0.39947319489772626	0.9965600061760251	1.0	1.0	1.0	1.0	1.0	1.0	1.0	1.0	1.0
0.9041750045918736	0.5412211808306417	0.91350384232701	1.0	1.0	1.0	1.0	1.0	1.0	1.0	1.0	1.0
0.8948281787422416	0.38993242786204235	1.1122479058005508	1.0	1.0	1.0	1.0	1.0	1.0	1.0	1.0	1.0
0.9505873478134385	0.38716688559017115	1.1963973776128194	1.0	1.0	1.0	1.0	1.0	1.0	1.0	1.0	1.0
0.9273076370633374	0.3800801744656327	0.9515765254760478	1.0	1.0	1.0	1.0	1.0	1.0	1.0	1.0	1.0
0.9103606153761264	0.450354722712966	0.869630565246171	1.0	1.0	1.0	1.0	1.0	1.0	1.0	1.0	1.0
0.8909481018379203	0.4031964410245503	0.9289333371309665	1.0	1.0	1.0	1.0	1.0	1.0	1.0	1.0	1.0
0.9675357472454224	0.48208162618375155	1.2273096087194761	1.0	1.0	1.0	1.0	1.0	1.0	1.0	1.0	0.0
0.9369756085627036	0.567741622852465	1.118950867249206	1.0	1.0	1.0	1.0	1.0	1.0	1.0	1.0	1.0
0.9573576461571225	0.49196238450765195	0.9787254439967341	1.0	1.0	1.0	1.0	1.0	1.0	1.0	1.0	1.0
0.9548462540453042	0.3816889514452515	0.9341454456879794	1.0	1.0	1.0	1.0	1.0	1.0	1.0	1.0	1.0
0.9205615125340337	0.40289201653136386	0.9553032407085822	1.0	1.0	1.0	1.0	1.0	1.0	1.0	1.0	1.0
0.9538661187525457	0.35935654703427095	1.0639951296402528	1.0	1.0	1.0	1.0	1.0	1.0	1.0	0.0	1.0
0.8844208915436408	0.3379706907889926	0.9831279787120151	1.0	1.0	1.0	1.0	1.0	1.0	1.0	0.0	1.0
0.8955262195993284	0.4691215239417192	1.0264906649291163	1.0	1.0	1.0	1.0	1.0	1.0	1.0	1.0	1.0
0.9371059114231807	0.4321475501639502	0.9024029387465391	1.0	1.0	1.0	1.0	1.0	1.0	1.0	1.0	1.0
0.958713495645068	0.44719162136171137	0.9315071758862896	1.0	1.0	1.0	1.0	1.0	1.0	1.0	1.0	1.0
0.9594322340339306	0.5505539483075012	1.161490520967847	1.0	1.0	1.0	1.0	1.0	1.0	1.0	1.0	1.0
0.9300983337099958	0.6161591209500487	1.0375053584797966	1.0	1.0	1.0	1.0	1.0	1.0	1.0	1.0	1.0
0.9447095746830666	0.5435350126259664	1.2091104032416828	1.0	1.0	1.0	1.0	1.0	1.0	1.0	1.0	0.0
0.8834657627838253	0.5784826766074688	0.9855237326258884	1.0	1.0	1.0	1.0	1.0	1.0	1.0	1.0	1.0
0.9460809017441878	0.4730590867869936	0.9544787492684959	1.0	1.0	1.0	1.0	1.0	1.0	1.0	1.0	1.0
0.9705420516747919	0.4656135636331949	0.930611272134228	1.0	1.0	1.0	1.0	1.0	1.0	1.0	1.0	1.0
0.9555215696977877	0.47616706486935056	1.3079624620689863	1.0	1.0	0.0	1.0	1.0	0.0	1.0	1.0	0.0
0.968070898301189	0.49983332884462006	1.0656340115427079	1.0	1.0	1.0	1.0	1.0	1.0	1.0	1.0	1.0
0.9463762078657341	0.4489719162565085	1.0461278943463437	1.0	1.0	1.0	1.0	1.0	1.0	1.0	1.0	1.0
0.960648400252231	0.5001050140412368	0.9214430874217764	1.0	1.0	1.0	1.0	1.0	1.0	1.0	1.0	1.0
0.9496373832071404	0.5243461866061198	0.9905561578575315	1.0	1.0	1.0	1.0	1.0	1.0	1.0	1.0	1.0
0.9452402856881367	0.5908303052088535	1.1583467077814789	1.0	1.0	1.0	1.0	1.0	1.0	1.0	1.0	1.0
0.9492818832440033	0.4812573227641169	1.0422856121224446	1.0	1.0	1.0	1.0	1.0	1.0	1.0	1.0	1.0
0.9228327743451354	0.5970027234454326	0.9441313582526127	1.0	1.0	1.0	1.0	1.0	1.0	1.0	1.0	1.0
0.9402495404390158	0.4371811062142908	1.0468425234963727	1.0	1.0	1.0	1.0	1.0	1.0	1.0	1.0	1.0
0.9503917149017221	0.46497510889539023	1.0451483834461077	1.0	1.0	1.0	1.0	1.0	1.0	1.0	1.0	1.0
0.9034690397162675	0.5827749662414933	0.9582343555708558	1.0	1.0	1.0	1.0	1.0	1.0	1.0	1.0	1.0
0.9403019770360934	0.4706502846494286	0.89941914544086	1.0	1.0	1.0	1.0	1.0	1.0	1.0	1.0	1.0
0.913183729973719	0.4965380212388898	0.9326057544559689	1.0	1.0	1.0	1.0	1.0	1.0	1.0	1.0	1.0
0.9359699152115367	0.42265763693363134	1.087063289309818	1.0	1.0	1.0	1.0	1.0	1.0	1.0	1.0	1.0
0.9473689617522748	0.5595456363544891	0.870179137771776	1.0	1.0	1.0	1.0	1.0	1.0	1.0	1.0	1.0
0.8901977279783456	0.39805045931403665	1.0529877984598706	1.0	1.0	1.0	1.0	1.0	1.0	1.0	1.0	1.0
0.94805725019991	0.5468887994472028	0.9668990314486413	1.0	1.0	1.0	1.0	1.0	1.0	1.0	1.0	1.0
0.9382356028606816	0.5400450037940291	0.896771719742216	1.0	1.0	1.0	1.0	1.0	1.0	1.0	1.0	1.0
0.9632975353914646	0.4467667342746049	1.012644286237011	1.0	1.0	1.0	1.0	1.0	1.0	1.0	1.0	1.0
0.9155861347763191	0.4541577680047778	1.0028073491937204	1.0	1.0	1.0	1.0	1.0	1.0	1.0	1.0	1.0
0.9618115729193174	0.4919609186899499	0.9312289956907943	1.0	1.0	1.0	1.0	1.0	1.0	1.0	1.0	1.0
0.912093138224665	0.46777439756273115	0.9135489863317858	1.0	1.0	1.0	1.0	1.0	1.0	1.0	1.0	1.0
0.9175401898347256	0.37900482430643856	1.138982032248105	1.0	1.0	1.0	1.0	1.0	1.0	1.0	1.0	1.0
0.9222955138497884	0.47755254234586836	1.0624417566960482	1.0	1.0	1.0	1.0	1.0	1.0	1.0	1.0	1.0
0.8844999058015972	0.34194138135916785	1.0642128457460673	1.0	1.0	1.0	1.0	1.0	1.0	1.0	0.0	1.0
0.9495015916104498	0.3871275816540638	0.9364862981322254	1.0	1.0	1.0	1.0	1.0	1.0	1.0	1.0	1.0
0.9393730471421341	0.5059885721044137	1.2552764936630574	1.0	1.0	1.0	1.0	1.0	0.0	1.0	1.0	0.0
0.9514175883186097	0.5415829369639085	0.8831045265948575	1.0	1.0	1.0	1.0	1.0	1.0	1.0	1.0	1.0
0.9417629071473697	0.5490323609994467	0.9194573866690117	1.0	1.0	1.0	1.0	1.0	1.0	1.0	1.0	1.0
0.9533213528140823	0.5590112370867182	1.1217631281451	1.0	1.0	1.0	1.0	1.0	1.0	1.0	1.0	1.0
0.9625974546314435	0.391627126661236	1.117631236978924	1.0	1.0	1.0	1.0	1.0	1.0	1.0	0.0	1.0
0.944878482337692	0.5264491318474172	1.0958720643806694	1.0	1.0	1.0	1.0	1.0	1.0	1.0	1.0	1.0
0.9162742997854973	0.4890753347886104	0.946956941246568	1.0	1.0	1.0	1.0	1.0	1.0	1.0	1.0	1.0
0.9222920596799424	0.5150447919552786	0.9253772194230245	1.0	1.0	1.0	1.0	1.0	1.0	1.0	1.0	1.0
0.9297723400252574	0.44025917510755136	0.9043172112957897	1.0	1.0	1.0	1.0	1.0	1.0	1.0	1.0	1.0
0.9728651587333825	0.5146260088547159	0.9280904641372796	1.0	1.0	1.0	1.0	1.0	1.0	1.0	1.0	1.0
0.9628011287384048	0.55037394033885	0.8304563451738238	1.0	1.0	1.0	1.0	1.0	1.0	1.0	1.0	0.0
0.9422470551543635	0.5418304052011746	0.9181518816369367	1.0	1.0	1.0	1.0	1.0	1.0	1.0	1.0	1.0
0.9472346855756103	0.596981090622838	1.0165309421645154	1.0	1.0	1.0	1.0	1.0	1.0	1.0	1.0	1.0
0.9380747475237428	0.5185544410705819	1.045451313245222	1.0	1.0	1.0	1.0	1.0	1.0	1.0	1.0	1.0
0.9181662623597232	0.5135467128321356	0.9813342289160619	1.0	1.0	1.0	1.0	1.0	1.0	1.0	1.0	1.0
0.9203857597611155	0.37602335970398393	0.935970126404981	1.0	1.0	1.0	1.0	1.0	1.0	1.0	1.0	1.0
0.9582307779751994	0.5114918609040602	1.1414589878065695	1.0	1.0	1.0	1.0	1.0	1.0	1.0	1.0	1.0
0.9228863885934324	0.4160006507053764	1.0765072847408843	1.0	1.0	1.0	1.0	1.0	1.0	1.0	1.0	1.0
0.9474191265255355	0.5458447931998579	0.9122247999046645	1.0	1.0	1.0	1.0	1.0	1.0	1.0	1.0	1.0
0.9112969122455442	0.4990123563595669	0.8039757173836185	1.0	1.0	1.0	1.0	1.0	0.0	1.0	1.0	0.0
0.9409972655282157	0.3633462965125669	1.1026793137349833	1.0	1.0	1.0	1.0	1.0	1.0	1.0	0.0	1.0
0.9192473086477821	0.5340673067533014	0.9096246621717985	1.0	1.0	1.0	1.0	1.0	1.0	1.0	1.0	1.0
0.9634593823378406	0.4211667130911446	0.9499617669795091	1.0	1.0	1.0	1.0	1.0	1.0	1.0	1.0	1.0
0.9465335025275664	0.5125105059818366	1.1578666012805845	1.0	1.0	1.0	1.0	1.0	1.0	1.0	1.0	1.0
0.9179112276923881	0.5754857208650204	1.116675982229047	1.0	1.0	1.0	1.0	1.0	1.0	1.0	1.0	1.0
0.9024991979890022	0.5065357043406803	0.9399864721503076	1.0	1.0	1.0	1.0	1.0	1.0	1.0	1.0	1.0
0.9007450808046932	0.5142155220422129	1.0511251376102875	1.0	1.0	1.0	1.0	1.0	1.0	1.0	1.0	1.0
0.958948189070364	0.5509122512723583	1.1203277213784046	1.0	1.0	1.0	1.0	1.0	1.0	1.0	1.0	1.0
0.9520473288770384	0.49514486011914843	0.821256880863886	1.0	1.0	1.0	1.0	1.0	0.0	1.0	1.0	0.0
0.8845863070795654	0.41228990390280307	1.0476130400509536	1.0	1.0	1.0	1.0	1.0	1.0	1.0	1.0	1.0
0.9315914165135644	0.5016071062814882	1.038339388591284	1.0	1.0	1.0	1.0	1.0	1.0	1.0	1.0	1.0
0.96147285260788	0.6115526029160754	1.0496824880759958	1.0	1.0	1.0	1.0	1.0	1.0	1.0	0.0	1.0
0.8903880675521488	0.3808131593982678	0.9557409556007275	1.0	1.0	1.0	1.0	1.0	1.0	1.0	1.0	1.0
0.9625193364146809	0.5300211818265332	1.1030393019308542	1.0	1.0	1.0	1.0	1.0	1.0	1.0	1.0	1.0
0.9374824546603824	0.5280427205482354	1.0949638111540754	1.0	1.0	1.0	1.0	1.0	1.0	1.0	1.0	1.0
0.9359843911498011	0.52197225528582	1.0022594877626452	1.0	1.0	1.0	1.0	1.0	1.0	1.0	1.0	1.0
0.9444480606913283	0.4862704206011171	1.0224710621321136	1.0	1.0	1.0	1.0	1.0	1.0	1.0	1.0	1.0
0.9554850982156535	0.4840073394727566	1.0139028966379562	1.0	1.0	1.0	1.0	1.0	1.0	1.0	1.0	1.0
0.9608389796364434	0.5356403311630707	1.0481239817861598	1.0	1.0	1.0	1.0	1.0	1.0	1.0	1.0	1.0
0.9440309451029283	0.5576416619321524	1.0735751012617616	1.0	1.0	1.0	1.0	1.0	1.0	1.0	1.0	1.0
0.9325239802654752	0.5620738601541853	1.0669666226821675	1.0	1.0	1.0	1.0	1.0	1.0	1.0	1.0	1.0
0.9051420671825474	0.5765009931915681	0.9270065160209582	1.0	1.0	1.0	1.0	1.0	1.0	1.0	1.0	1.0
0.9342375405363351	0.5449882922742586	0.9183896217832087	1.0	1.0	1.0	1.0	1.0	1.0	1.0	1.0	1.0
0.9418289972950017	0.5186317851441613	1.0032883800619794	1.0	1.0	1.0	1.0	1.0	1.0	1.0	1.0	1.0
0.9053859682646971	0.5525255556835368	0.9931486632532677	1.0	1.0	1.0	1.0	1.0	1.0	1.0	1.0	1.0
0.9369616883719071	0.601015827309675	1.0559197573122254	1.0	1.0	1.0	1.0	1.0	1.0	1.0	1.0	1.0
0.9769529168935949	0.4345322100910163	0.9824464529915714	1.0	1.0	1.0	0.0	1.0	1.0	0.0	1.0	1.0
0.9690683614349824	0.5118580061530884	0.900466774439653	1.0	1.0	1.0	1.0	1.0	1.0	1.0	1.0	1.0
0.9035377392942336	0.6054054639886602	0.8881921604620197	1.0	1.0	1.0	1.0	1.0	1.0	1.0	1.0	1.0
0.8669314467803754	0.32511723324629765	0.8056105242312805	1.0	1.0	1.0	1.0	0.0	0.0	0.0	0.0	0.0
0.9216658535598572	0.5090351092850673	0.845166036785505	1.0	1.0	1.0	1.0	1.0	0.0	1.0	1.0	0.0
0.9162879387616772	0.4955484803849757	0.9321816308729698	1.0	1.0	1.0	1.0	1.0	1.0	1.0	1.0	1.0
0.9714193492154176	0.4806783780138898	1.069341562822336	1.0	1.0	1.0	1.0	1.0	1.0	1.0	1.0	1.0
0.947892992967029	0.5064165834461126	0.9523884057464529	1.0	1.0	1.0	1.0	1.0	1.0	1.0	1.0	1.0
0.9379831611134836	0.5072132672930928	1.1362700537639818	1.0	1.0	1.0	1.0	1.0	1.0	1.0	1.0	1.0
0.9700422402328304	0.5324189584828183	1.1161064319618585	1.0	1.0	1.0	1.0	1.0	1.0	1.0	1.0	1.0
0.9260665232252097	0.4745510418557571	1.098414187440988	1.0	1.0	1.0	1.0	1.0	1.0	1.0	1.0	1.0
0.9457861632545697	0.4558810956551303	1.0661588100243624	1.0	1.0	1.0	1.0	1.0	1.0	1.0	1.0	1.0
0.9168567761818537	0.4648417585640561	0.8929900976919464	1.0	1.0	1.0	1.0	1.0	1.0	1.0	1.0	1.0
0.9496633031682837	0.5219888498599142	1.062039180770191	1.0	1.0	1.0	1.0	1.0	1.0	1.0	1.0	1.0
0.9591055735887017	0.4931292198671931	1.0196335776360002	1.0	1.0	1.0	1.0	1.0	1.0	1.0	1.0	1.0
0.9701591427382955	0.5413562868955206	1.1034994616527343	1.0	1.0	1.0	1.0	1.0	1.0	1.0	1.0	1.0
0.9233083176000355	0.550827787966204	0.9923871869317556	1.0	1.0	1.0	1.0	1.0	1.0	1.0	1.0	1.0
0.9624219949696231	0.5077856066991366	0.9729890499356785	1.0	1.0	1.0	1.0	1.0	1.0	1.0	1.0	1.0
0.8636394432226568	0.3836802751834013	0.9467179861742526	1.0	1.0	1.0	1.0	1.0	1.0	1.0	1.0	1.0
0.9168160365911797	0.4461651278967235	1.0148694926137873	1.0	1.0	1.0	1.0	1.0	1.0	1.0	1.0	1.0
0.8872325752597265	0.28397523618975085	1.0386329010733053	1.0	0.0	1.0	1.0	0.0	1.0	1.0	0.0	1.0
0.9522268575816666	0.646958315106219	0.8406895388182176	1.0	1.0	1.0	1.0	1.0	1.0	1.0	0.0	0.0
0.9562703636692167	0.5061225752406693	1.0371195128332509	1.0	1.0	1.0	1.0	1.0	1.0	1.0	1.0	1.0
0.9531488519135284	0.45324768711187774	1.1886746301708715	1.0	1.0	1.0	1.0	1.0	1.0	1.0	1.0	1.0
0.9295484981162033	0.6066562982752806	0.9335281951961347	1.0	1.0	1.0	1.0	1.0	1.0	1.0	1.0	1.0
0.9491835905426835	0.49176976164044733	0.9211726548279401	1.0	1.0	1.0	1.0	1.0	1.0	1.0	1.0	1.0
0.9381067504927345	0.4462216289529882	0.9582251883861652	1.0	1.0	1.0	1.0	1.0	1.0	1.0	1.0	1.0
0.916515395929019	0.5165545821225471	1.1957534958375005	1.0	1.0	1.0	1.0	1.0	1.0	1.0	1.0	0.0
0.9591005794616569	0.5211802683853759	1.1192295696333092	1.0	1.0	1.0	1.0	1.0	1.0	1.0	1.0	1.0
0.9566280875299086	0.4213689722236033	0.9568339064838157	1.0	1.0	1.0	1.0	1.0	1.0	1.0	1.0	1.0
0.9666561386837952	0.553252880218574	0.9310755771903585	1.0	1.0	1.0	1.0	1.0	1.0	1.0	1.0	1.0
0.9690536875308898	0.43457710079522205	1.0146761329234542	1.0	1.0	1.0	1.0	1.0	1.0	1.0	1.0	1.0
0.9272114646974463	0.5935411508082761	0.8478370658086235	1.0	1.0	1.0	1.0	1.0	1.0	1.0	1.0	0.0
0.9383733110486701	0.5398751250137758	0.8641739430961625	1.0	1.0	1.0	1.0	1.0	1.0	1.0	1.0	0.0
0.9272365339738473	0.5755866536827964	0.8715683142237464	1.0	1.0	1.0	1.0	1.0	1.0	1.0	1.0	1.0
0.9223758338034787	0.47235961388855374	0.8258940723340813	1.0	1.0	1.0	1.0	1.0	0.0	1.0	1.0	0.0
0.9250904100682447	0.44522405231873874	1.068669918728516	1.0	1.0	1.0	1.0	1.0	1.0	1.0	1.0	1.0
0.9070077441235329	0.4934096234439705	1.0120376608823656	1.0	1.0	1.0	1.0	1.0	1.0	1.0	1.0	1.0
0.9358735547419325	0.5033564239661306	0.8850759284933102	1.0	1.0	1.0	1.0	1.0	1.0	1.0	1.0	1.0
0.9678684350800242	0.49663720876139067	0.9291558219267437	1.0	1.0	1.0	1.0	1.0	1.0	1.0	1.0	1.0
0.9018142716253166	0.42509163148184154	0.9040406341858241	1.0	1.0	1.0	1.0	1.0	1.0	1.0	1.0	1.0
0.9064470503677058	0.3797987443138571	1.1700148614954033	1.0	1.0	1.0	1.0	1.0	1.0	1.0	1.0	1.0
0.9237840887699127	0.491318649578057	1.0762659930148122	1.0	1.0	1.0	1.0	1.0	1.0	1.0	1.0	1.0
0.9627878278088843	0.5334038792424224	1.233307117021141	1.0	1.0	1.0	1.0	1.0	0.0	1.0	1.0	0.0
0.91846682593437	0.4121038555493874	1.0018137166627763	1.0	1.0	1.0	1.0	1.0	1.0	1.0	1.0	1.0
0.9364623119684761	0.5921426038783616	1.0057939289287638	1.0	1.0	1.0	1.0	1.0	1.0	1.0	1.0	1.0
0.9513058284794348	0.41534871824731434	1.1130497365506027	1.0	1.0	1.0	1.0	1.0	1.0	1.0	1.0	1.0
0.9085250880616255	0.4782616655555575	1.0181473045329856	1.0	1.0	1.0	1.0	1.0	1.0	1.0	1.0	1.0
0.961192385973108	0.43334543223973987	0.9427614349456122	1.0	1.0	1.0	1.0	1.0	1.0	1.0	1.0	1.0
0.9660298935870535	0.3998497569536579	1.0911956032358647	1.0	1.0	1.0	1.0	1.0	1.0	1.0	1.0	1.0
0.9611457039210239	0.5300185943578642	1.0763405986013044	1.0	1.0	1.0	1.0	1.0	1.0	1.0	1.0	1.0
0.9613118352294631	0.3273767093640684	1.0173009907437212	1.0	1.0	1.0	1.0	0.0	1.0	1.0	0.0	1.0
0.9357491260383258	0.5782857658504199	1.0716496546644063	1.0	1.0	1.0	1.0	1.0	1.0	1.0	1.0	1.0
0.9318382114259357	0.4491406305080451	0.9897676518475548	1.0	1.0	1.0	1.0	1.0	1.0	1.0	1.0	1.0
0.9142707722187945	0.5680839865688442	0.9737038784802143	1.0	1.0	1.0	1.0	1.0	1.0	1.0	1.0	1.0
0.930835537134968	0.5097902679773267	1.127578199444598	1.0	1.0	1.0	1.0	1.0	1.0	1.0	1.0	1.0
0.9265953345472772	0.48125125483199965	0.9733878032191747	1.0	1.0	1.0	1.0	1.0	1.0	1.0	1.0	1.0
0.9547770946416818	0.6134162068020554	1.0593482971774018	1.0	1.0	1.0	1.0	1.0	1.0	1.0	1.0	1.0
0.9521046641463563	0.5435251157014446	1.0822833277017598	1.0	1.0	1.0	1.0	1.0	1.0	1.0	1.0	1.0
0.8886886341997823	0.609525160180844	0.9891210892677406	1.0	1.0	1.0	1.0	1.0	1.0	1.0	1.0	1.0
0.9492097558979774	0.4722063016006536	1.018935320738315	1.0	1.0	1.0	1.0	1.0	1.0	1.0	1.0	1.0
0.9204558611898254	0.5117878794349321	0.9401509944205715	1.0	1.0	1.0	1.0	1.0	1.0	1.0	1.0	1.0
0.960168869437891	0.6449493898802393	0.868242300265484	1.0	1.0	1.0	1.0	1.0	1.0	1.0	0.0	1.0
0.9382207018058892	0.511880216398057	0.9349312065734131	1.0	1.0	1.0	1.0	1.0	1.0	1.0	1.0	1.0
0.9131299195345124	0.5099210301444533	1.0237233517653241	1.0	1.0	1.0	1.0	1.0	1.0	1.0	1.0	1.0
0.939673687031823	0.5221058979561499	1.059266130359947	1.0	1.0	1.0	1.0	1.0	1.0	1.0	1.0	1.0
0.9300059706064788	0.46831003582326747	0.9148407632499184	1.0	1.0	1.0	1.0	1.0	1.0	1.0	1.0	1.0
0.9211813905558692	0.49027237900959353	0.8655801850661735	1.0	1.0	1.0	1.0	1.0	1.0	1.0	1.0	1.0
0.9576741124491962	0.5070889710634278	1.0652624179767098	1.0	1.0	1.0	1.0	1.0	1.0	1.0	1.0	1.0
0.9515789651855201	0.5274149969227294	0.8943769797114255	1.0	1.0	1.0	1.0	1.0	1.0	1.0	1.0	1.0
0.9455754147619324	0.43542546463976817	1.0639563440911328	1.0	1.0	1.0	1.0	1.0	1.0	1.0	1.0	1.0
0.931378694777246	0.600250022303869	0.9960296498465943	1.0	1.0	1.0	1.0	1.0	1.0	1.0	1.0	1.0
0.9481684079731912	0.49437977757632906	1.027879300388155	1.0	1.0	1.0	1.0	1.0	1.0	1.0	1.0	1.0
0.9389698151541185	0.5095790314609676	0.8718271864172564	1.0	1.0	1.0	1.0	1.0	1.0	1.0	1.0	1.0
0.9268209478614986	0.4539273349895376	1.1087838894729707	1.0	1.0	1.0	1.0	1.0	1.0	1.0	1.0	1.0
0.9327767803761279	0.5703553975165758	1.0276123998376094	1.0	1.0	1.0	1.0	1.0	1.0	1.0	1.0	1.0
0.9715627557930251	0.5110835421717951	1.0588086024439414	1.0	1.0	1.0	1.0	1.0	1.0	1.0	1.0	1.0
0.9246125731817275	0.3696946832847882	0.9495737280064219	1.0	1.0	1.0	1.0	1.0	1.0	1.0	1.0	1.0
0.9457375621645624	0.516498026951105	1.152385891912954	1.0	1.0	1.0	1.0	1.0	1.0	1.0	1.0	1.0
0.9230975860173679	0.5376630139699179	0.9349722098420283	1.0	1.0	1.0	1.0	1.0	1.0	1.0	1.0	1.0
0.9562785219875037	0.5370404336700741	1.026256181870334	1.0	1.0	1.0	1.0	1.0	1.0	1.0	1.0	1.0
0.9683946432884338	0.4677218857837459	1.0392484416325685	1.0	1.0	1.0	1.0	1.0	1.0	1.0	1.0	1.0
0.965538616585518	0.5286834210354927	0.9363716927644584	1.0	1.0	1.0	1.0	1.0	1.0	1.0	1.0	1.0
0.9576326651687154	0.497355259660478	1.1641356489385128	1.0	1.0	1.0	1.0	1.0	1.0	1.0	1.0	1.0
0.9082100845499365	0.40067627753325	0.9608967694344307	1.0	1.0	1.0	1.0	1.0	1.0	1.0	1.0	1.0
0.9505035346537104	0.4760841633906207	0.967537337474071	1.0	1.0	1.0	1.0	1.0	1.0	1.0	1.0	1.0
0.9574425781683649	0.46910287521873106	0.8434428389388732	1.0	1.0	1.0	1.0	1.0	1.0	1.0	1.0	0.0
0.9728338493679517	0.48439012548123794	1.0224455844937401	1.0	1.0	1.0	1.0	1.0	1.0	1.0	1.0	1.0
0.9212912774005771	0.5563374708544737	0.9860958587644706	1.0	1.0	1.0	1.0	1.0	1.0	1.0	1.0	1.0
0.8931182976353924	0.42067929963810646	0.8880980943938246	1.0	1.0	1.0	1.0	1.0	1.0	1.0	1.0	1.0
0.9595090702111498	0.484270769207332	0.9295404981938984	1.0	1.0	1.0	1.0	1.0	1.0	1.0	1.0	1.0
0.9667420821215077	0.46259319466734394	1.1483465002461875	1.0	1.0	1.0	1.0	1.0	1.0	1.0	1.0	1.0
0.9662301110641396	0.45260818988515783	1.1273022544051263	1.0	1.0	1.0	1.0	1.0	1.0	1.0	1.0	1.0
0.8938998147775402	0.4808684317564298	1.1697634701346236	1.0	1.0	1.0	1.0	1.0	1.0	1.0	1.0	0.0
0.9710133211121341	0.45383377305065786	1.0256960429159259	1.0	1.0	1.0	1.0	1.0	1.0	1.0	1.0	1.0
0.9102684418906439	0.467533731357497	0.96199755879398	1.0	1.0	1.0	1.0	1.0	1.0	1.0	1.0	1.0
0.9254714269756079	0.5068761642508023	0.9968588596764945	1.0	1.0	1.0	1.0	1.0	1.0	1.0	1.0	1.0
0.9428687093719825	0.5802671560087057	0.9939472235846831	1.0	1.0	1.0	1.0	1.0	1.0	1.0	1.0	1.0
0.9470997217841152	0.43908784041848975	1.0599958864563679	1.0	1.0	1.0	1.0	1.0	1.0	1.0	1.0	1.0
0.932866735632798	0.6003777322377268	1.099271173832062	1.0	1.0	1.0	1.0	1.0	1.0	1.0	1.0	1.0
0.9702664226942929	0.4067393517436653	1.0993205938864514	1.0	1.0	1.0	1.0	1.0	1.0	1.0	1.0	1.0
0.9350679604183147	0.4875301964917417	0.974594007973995	1.0	1.0	1.0	1.0	1.0	1.0	1.0	1.0	1.0
0.9600614170904822	0.494223486107419	0.960657650586743	1.0	1.0	1.0	1.0	1.0	1.0	1.0	1.0	1.0
0.9672473878322544	0.5278198050109532	1.0477791883166034	1.0	1.0	1.0	1.0	1.0	1.0	1.0	1.0	1.0
0.9633199364350399	0.5171777109127293	1.1373823241054064	1.0	1.0	1.0	1.0	1.0	1.0	1.0	1.0	1.0
0.9271185289436564	0.5341264636845121	1.0930935020501042	1.0	1.0	1.0	1.0	1.0	1.0	1.0	1.0	1.0
0.915964062307958	0.4832993754813231	1.0886817262609942	1.0	1.0	1.0	1.0	1.0	1.0	1.0	1.0	1.0
0.9047551252594094	0.4642351988744712	0.9461003659490285	1.0	1.0	1.0	1.0	1.0	1.0	1.0	1.0	1.0
0.9413385222456578	0.40794286642159033	0.9613244422261199	1.0	1.0	1.0	1.0	1.0	1.0	1.0	1.0	1.0
0.914534078384067	0.4946454024185736	0.9482047923715974	1.0	1.0	1.0	1.0	1.0	1.0	1.0	1.0	1.0
0.9220112306567853	0.49487591508744355	1.0010806202132805	1.0	1.0	1.0	1.0	1.0	1.0	1.0	1.0	1.0
0.9525060934264836	0.4148042390458622	0.8251872750139082	1.0	1.0	1.0	1.0	1.0	0.0	1.0	1.0	0.0
0.9650773909921492	0.5872745649910376	1.0802315963338152	1.0	1.0	1.0	1.0	1.0	1.0	1.0	1.0	1.0
0.937296945484993	0.534980583735518	1.0142196017355063	1.0	1.0	1.0	1.0	1.0	1.0	1.0	1.0	1.0
0.9242778328089422	0.5684965476466978	0.9569316433401309	1.0	1.0	1.0	1.0	1.0	1.0	1.0	1.0	1.0
0.9220264656216366	0.49896957252403984	0.8210188825568387	1.0	1.0	1.0	1.0	1.0	0.0	1.0	1.0	0.0
0.954279745358851	0.5110537069190086	1.0058549705116748	1.0	1.0	1.0	1.0	1.0	1.0	1.0	1.0	1.0
0.9382833565266665	0.32604016475242087	1.0465481845746878	1.0	1.0	1.0	1.0	0.0	1.0	1.0	0.0	1.0
0.9386304866711603	0.3809960647359072	0.8491307490895602	1.0	1.0	1.0	1.0	1.0	1.0	1.0	1.0	0.0
0.9006029702866628	0.48957032690688473	0.8195126609743464	1.0	1.0	1.0	1.0	1.0	0.0	1.0	1.0	0.0
0.9546674012534734	0.522334983663137	1.1194112126518936	1.0	1.0	1.0	1.0	1.0	1.0	1.0	1.0	1.0
0.9082955072891012	0.5785825379259597	1.0195344924973357	1.0	1.0	1.0	1.0	1.0	1.0	1.0	1.0	1.0
0.9027429188045498	0.495769717907873	0.9042122028599744	1.0	1.0	1.0	1.0	1.0	1.0	1.0	1.0	1.0
0.9229149412722196	0.5280063670881554	0.9413758750734084	1.0	1.0	1.0	1.0	1.0	1.0	1.0	1.0	1.0
0.9530288895843587	0.504678340272009	1.0571733181519571	1.0	1.0	1.0	1.0	1.0	1.0	1.0	1.0	1.0
0.9070209789281977	0.56124372194111	1.0004986978900399	1.0	1.0	1.0	1.0	1.0	1.0	1.0	1.0	1.0
0.8591582472081054	0.42167264497709456	0.8522356828675219	1.0	1.0	1.0	1.0	1.0	1.0	1.0	1.0	0.0
0.9128698774576424	0.5909270131712471	0.9126215825388806	1.0	1.0	1.0	1.0	1.0	1.0	1.0	1.0	1.0
0.9323949361233794	0.4481060640343501	1.0761693446072673	1.0	1.0	1.0	1.0	1.0	1.0	1.0	1.0	1.0
0.9583602820939108	0.6347150792437994	0.9473709589933546	1.0	1.0	1.0	1.0	1.0	1.0	1.0	0.0	1.0
0.9156438716314278	0.47643705182389695	1.0902453565338304	1.0	1.0	1.0	1.0	1.0	1.0	1.0	1.0	1.0
0.9517186230886074	0.5581688775716713	1.0465954864136202	1.0	1.0	1.0	1.0	1.0	1.0	1.0	1.0	1.0
0.930916890340413	0.5353642968427951	1.059270234190955	1.0	1.0	1.0	1.0	1.0	1.0	1.0	1.0	1.0
0.9425380592535882	0.4860788275897372	1.0045565555206108	1.0	1.0	1.0	1.0	1.0	1.0	1.0	1.0	1.0
0.9369508983034514	0.45649721119378883	0.9053055450981683	1.0	1.0	1.0	1.0	1.0	1.0	1.0	1.0	1.0
0.9118091737218652	0.45397845157058125	0.8939090825505984	1.0	1.0	1.0	1.0	1.0	1.0	1.0	1.0	1.0
0.9448054080133743	0.46273940431134397	0.971634053056702	1.0	1.0	1.0	1.0	1.0	1.0	1.0	1.0	1.0
0.9177429240713798	0.5389872752136643	1.1112512303775248	1.0	1.0	1.0	1.0	1.0	1.0	1.0	1.0	1.0
0.9453095627757906	0.5706165825506517	0.9967300806455128	1.0	1.0	1.0	1.0	1.0	1.0	1.0	1.0	1.0
0.9366121765160337	0.5805610704400617	0.845953712689277	1.0	1.0	1.0	1.0	1.0	1.0	1.0	1.0	0.0
0.9443966766768699	0.5066527323905761	1.0168034361004787	1.0	1.0	1.0	1.0	1.0	1.0	1.0	1.0	1.0
0.9307852764862051	0.5319957984780986	0.9263230949937938	1.0	1.0	1.0	1.0	1.0	1.0	1.0	1.0	1.0
0.9218303550651799	0.46865178917065226	0.9250654097836457	1.0	1.0	1.0	1.0	1.0	1.0	1.0	1.0	1.0
0.9610670780351653	0.4521534062778627	0.8887549765377262	1.0	1.0	1.0	1.0	1.0	1.0	1.0	1.0	1.0
0.9483522752345381	0.5778341348879773	1.0269237464578838	1.0	1.0	1.0	1.0	1.0	1.0	1.0	1.0	1.0
0.9181133428287296	0.5824372203550804	0.984845559016534	1.0	1.0	1.0	1.0	1.0	1.0	1.0	1.0	1.0
0.9379652445565428	0.5003045123516432	1.047613216868829	1.0	1.0	1.0	1.0	1.0	1.0	1.0	1.0	1.0
0.9489814839371382	0.44528580726649025	0.8154138655207099	1.0	1.0	1.0	1.0	1.0	0.0	1.0	1.0	0.0
0.8960467870996105	0.5382219782903387	0.9572151118471011	1.0	1.0	1.0	1.0	1.0	1.0	1.0	1.0	1.0
0.9440927357308405	0.4734755028016876	0.8387065601690018	1.0	1.0	1.0	1.0	1.0	1.0	1.0	1.0	0.0
0.9507650633833384	0.44542591414361515	0.9785734320750964	1.0	1.0	1.0	1.0	1.0	1.0	1.0	1.0	1.0
0.8992606727122893	0.48957924217411203	1.0464497358195952	1.0	1.0	1.0	1.0	1.0	1.0	1.0	1.0	1.0
0.9343183615848608	0.4092930164673498	1.1153776643546356	1.0	1.0	1.0	1.0	1.0	1.0	1.0	1.0	1.0
0.958255420982547	0.6482238316259211	0.983878768577561	1.0	1.0	1.0	1.0	1.0	1.0	1.0	0.0	1.0
0.9241599219428608	0.5276022382915346	1.0237609828804073	1.0	1.0	1.0	1.0	1.0	1.0	1.0	1.0	1.0
0.9563672291855805	0.45184991833079585	1.1106972941328048	1.0	1.0	1.0	1.0	1.0	1.0	1.0	1.0	1.0
0.9564704841230243	0.5203579805016708	0.8983870187982435	1.0	1.0	1.0	1.0	1.0	1.0	1.0	1.0	1.0
0.9303525041275418	0.5519064991899945	0.8687943288423514	1.0	1.0	1.0	1.0	1.0	1.0	1.0	1.0	1.0
0.9680823446304492	0.5399682028122282	0.9664208953963407	1.0	1.0	1.0	1.0	1.0	1.0	1.0	1.0	1.0
0.9138492160234695	0.5286755812214097	0.9258894301168108	1.0	1.0	1.0	1.0	1.0	1.0	1.0	1.0	1.0
0.9267156335137148	0.4986766036523022	1.1266965430502056	1.0	1.0	1.0	1.0	1.0	1.0	1.0	1.0	1.0
0.9450594929867872	0.5001450658932357	0.8989176964690627	1.0	1.0	1.0	1.0	1.0	1.0	1.0	1.0	1.0
0.9331409267871974	0.47895438214260266	1.0594565222117671	1.0	1.0	1.0	1.0	1.0	1.0	1.0	1.0	1.0
0.9676401743166232	0.456693619507278	1.0598792240693369	1.0	1.0	1.0	1.0	1.0	1.0	1.0	1.0	1.0
0.9223704541232935	0.5135606074429142	0.7223363349447361	1.0	1.0	0.0	1.0	1.0	0.0	1.0	1.0	0.0
0.9307304608875433	0.5007414152569486	1.1005886501622373	1.0	1.0	1.0	1.0	1.0	1.0	1.0	1.0	1.0
0.9385812774677316	0.3753299271739284	0.8552866769842964	1.0	1.0	1.0	1.0	1.0	1.0	1.0	0.0	0.0
0.9664385446349756	0.43593586866777295	1.122137708162855	1.0	1.0	1.0	1.0	1.0	1.0	1.0	1.0	1.0
0.9261028127990331	0.4334139951924426	1.0150103554611607	1.0	1.0	1.0	1.0	1.0	1.0	1.0	1.0	1.0
0.9361052160630025	0.5803970855742702	0.9901206732177605	1.0	1.0	1.0	1.0	1.0	1.0	1.0	1.0	1.0
0.9249766138118286	0.353398204462025	0.9338308363473982	1.0	1.0	1.0	1.0	1.0	1.0	1.0	0.0	1.0
0.9552654255754128	0.4331571441969709	0.9311597505046356	1.0	1.0	1.0	1.0	1.0	1.0	1.0	1.0	1.0
0.9513317445734661	0.5161727304061684	1.1142740342107615	1.0	1.0	1.0	1.0	1.0	1.0	1.0	1.0	1.0
0.9638618227042837	0.5044096292365389	1.1191296064548877	1.0	1.0	1.0	1.0	1.0	1.0	1.0	1.0	1.0
0.9155534665446241	0.4994979700777477	0.9840134411532203	1.0	1.0	1.0	1.0	1.0	1.0	1.0	1.0	1.0
0.9566647248496917	0.46674643488376305	1.0669694809046042	1.0	1.0	1.0	1.0	1.0	1.0	1.0	1.0	1.0
0.9414015429706862	0.48165414587995964	1.0633267351356157	1.0	1.0	1.0	1.0	1.0	1.0	1.0	1.0	1.0
0.9032996897602504	0.5209414884143262	0.954961221567589	1.0	1.0	1.0	1.0	1.0	1.0	1.0	1.0	1.0
0.9631116626043571	0.5525221701451279	0.9192198466183569	1.0	1.0	1.0	1.0	1.0	1.0	1.0	1.0	1.0
0.9495074210643295	0.5264328283742893	1.0228059064056456	1.0	1.0	1.0	1.0	1.0	1.0	1.0	1.0	1.0
0.9552932114476643	0.5253624704058175	1.0448070248821515	1.0	1.0	1.0	1.0	1.0	1.0	1.0	1.0	1.0
0.9253685257834575	0.49679413028523794	0.9644683901083079	1.0	1.0	1.0	1.0	1.0	1.0	1.0	1.0	1.0
0.9294009132714076	0.48739666055474756	1.0888763451179002	1.0	1.0	1.0	1.0	1.0	1.0	1.0	1.0	1.0
0.9469430780496586	0.500042105134713	1.062451664422169	1.0	1.0	1.0	1.0	1.0	1.0	1.0	1.0	1.0
0.9536805165968552	0.45188710691382156	1.0400083596925662	1.0	1.0	1.0	1.0	1.0	1.0	1.0	1.0	1.0
0.8934204514984121	0.5294725590324885	1.0019440833855806	1.0	1.0	1.0	1.0	1.0	1.0	1.0	1.0	1.0
0.9479865339151131	0.5227397648419728	0.9281434227625588	1.0	1.0	1.0	1.0	1.0	1.0	1.0	1.0	1.0
0.9761701312521381	0.3722925269354967	0.9748794892647209	1.0	1.0	1.0	1.0	0.0	1.0	0.0	0.0	1.0
0.9297934901236428	0.4617579455142061	1.0809147053537824	1.0	1.0	1.0	1.0	1.0	1.0	1.0	1.0	1.0
0.923884668953243	0.5869107214419015	0.9568458191708143	1.0	1.0	1.0	1.0	1.0	1.0	1.0	1.0	1.0
0.9325171492727644	0.527488401634103	1.1339170422215248	1.0	1.0	1.0	1.0	1.0	1.0	1.0	1.0	1.0
0.950805673767918	0.4351961848321851	0.9916645874189404	1.0	1.0	1.0	1.0	1.0	1.0	1.0	1.0	1.0
0.9415907261152934	0.5422856630519244	1.0560326045507125	1.0	1.0	1.0	1.0	1.0	1.0	1.0	1.0	1.0
0.9335920042377415	0.48149813381048717	0.8280212359395227	1.0	1.0	1.0	1.0	1.0	0.0	1.0	1.0	0.0
0.9248569087831485	0.4855828917676554	0.9528083580828183	1.0	1.0	1.0	1.0	1.0	1.0	1.0	1.0	1.0
0.9380640662139562	0.5543529059591379	0.9839009055051207	1.0	1.0	1.0	1.0	1.0	1.0	1.0	1.0	1.0
0.9275726565592746	0.39348154842645433	0.9478677359070876	1.0	1.0	1.0	1.0	1.0	1.0	1.0	1.0	1.0
0.9274469355246905	0.3674254871302643	1.0512208938167	1.0	1.0	1.0	1.0	1.0	1.0	1.0	1.0	1.0
0.9472129264404466	0.4453191380311744	1.0756876262654915	1.0	1.0	1.0	1.0	1.0	1.0	1.0	1.0	1.0
0.8741499055977451	0.36521666122182334	0.9419849885173571	1.0	1.0	1.0	1.0	1.0	1.0	1.0	1.0	1.0
