-0.31001518843591924	2.0542508978060456	1.3426216552505879
1.6367105072380816	14.243023744307497	9.973809687227646
-0.05083013452349405	1.2111636831032713	1.3659995701123184
0.5549676000826231	1.5159759719257606	0.9084113017918571
0.47098129395442	1.1728363406192035	0.5869928457334629
0.2824004258341617	0.15854609729140062	0.1056040013155994
0.47234070165185216	0.4322466084021044	0.23910035350284162
-0.04018179601530392	0.43488636552243426	0.555750145401862
-0.014664946730036377	0.33386855814385624	0.31208881574370967
0.36706242501045594	0.8685152130171357	0.6822062884381767
-0.8511244740704527	4.243363010455983	3.0151772140156687
-0.034392682886341674	1.708956947153033	1.514624773036983
-0.26461839885500993	2.321361274057386	2.0484672097899663
0.61127887192578	1.91320829235766	1.2266841374031512
-0.027753969403931933	2.167707802317974	2.110221416144608
0.04625233724775413	2.117022218558107	1.0157363845245635
0.23202686053025445	2.128327732998149	1.2636545967815302
-1.284786174072572	2.4983493785790816	2.328860422275289
1.080500450834876	2.2859099296473917	1.9709760812313164
0.5277887215466848	1.9126231462423318	1.2395619897872217
-0.13805165323530488	1.4416642257845014	1.2796236105692758
-0.4017028895889396	1.142773590743199	0.7631127387436756
0.2867852706976315	3.789634676285531	2.4611629332300486
0.06343784524087681	1.0529412390487685	0.9067111983069442
-0.8748609729698487	6.573026711869738	3.3828312063922774
-2.1097619107420584	8.296410585020674	5.260543655320804
-0.5094881997566247	7.30343534039958	7.854100790332123
0.6094014119610414	2.341998745304345	2.343057227624171
-1.0177420152407635	11.913113557761779	7.668618484529058
1.1130966888499572	6.846092053359292	2.4972390158383586
-0.6576175085068137	15.106079575982239	6.2112427583650875
-2.295559537308911	10.548680849835467	9.422987228119512
0.7497868989880807	5.753706572608865	6.248700964125958
-0.18649220512640952	5.822386446608032	8.973058778806735
1.2091304764449973	3.928576416847189	2.2533321863331497
1.3177694808685025	5.040129094835823	3.055552410953121
0.16906362819861798	1.0345667653619324	0.9515219503290913
1.0892529146000918	1.8008929925037085	1.519442062034626
-0.013192249572480108	1.9448880382222087	2.2365253618045715
0.5744464565301755	2.136664845201023	1.3493971260414692
0.4852631574094879	1.0344714091142717	1.6336569937403482
0.13860317418776802	1.2317965247818359	1.3239027079945886
-0.6730692454023135	3.3312231886419212	2.4019918368831044
0.6051505170553639	2.4201705832064606	2.26913601970988
-0.18224999400224817	1.7699104615153143	1.5424693895747628
0.6026044152690702	4.118614141235939	2.151710798766322
-0.1218564573580494	2.691194248129906	2.6225525258799265
-0.002167680960774021	2.91301701299684	2.2521438973919796
0.4789975098778321	2.2130425829436313	2.324382665894954
0.2633883805915893	3.874951894962713	3.611357514243325
-0.7207111950495282	5.762554066755114	5.613289331663894
1.501402132530405	9.597525009262396	2.3622597335438673
0.02668317481573368	1.1816251108237532	1.4727625404964018
0.17965912257373873	2.1291693702364505	1.1464469550770438
0.014380097969191041	2.7943629732141604	2.681627024288377
-0.029294976653648774	2.201072531486491	1.453385512276779
-0.5052215077627764	2.372097122652565	2.4551981882227047
0.025696481864834197	3.9045640050530617	3.4060731797272177
-1.1672613902324436	5.189916232786634	4.807507965666306
-0.29287044612757995	4.482342683424732	4.9130354141451145
0.9444053639771077	8.489139113895869	4.179122126474704
0.7231976452237276	2.3262438513667862	2.248672867925133
-0.5968375775439405	7.566331005869795	2.9611850170622334
0.5968375775439405	3.108475927774854	2.351658797548455
-0.33119611223311196	4.644747526985737	3.7625865109635575
-0.45174206710392184	4.239680924411726	4.635978965000864
0.44370268484570374	4.702145074956929	3.1077051091370413
-0.6981338023071437	4.994641585290061	2.8112498683443023
-0.20152419571921598	6.81139288393934	7.018280274843085
0.45110992155095175	5.44423210970027	3.077786050403056
0.8032731622593658	6.088959598057707	2.4173243030642224
0.7025154360117192	1.7511971355323155	1.3102191238043488
0.2875627218257293	1.640016129398738	1.2729353889012793
-0.10476136005026504	1.4871944472819008	1.2696870604024713
-1.2695251493512139	7.1363622342554605	5.353849887077813
-1.0921588188973708	5.997230785886937	5.5116938006785405
0.39003909260602043	4.8966347762664295	4.0023911493061375
1.0724409693427361	3.428304570361805	2.4554876398649146
-2.103579354868046	9.007866674500757	7.081055509343482
-0.9482172893447327	8.15169422555918	8.439800933728701
0.8035520004285424	7.603661036283837	4.260700124910871
0.6767579682785296	9.319055431486284	8.663460293083782
1.0358983114262976	3.3515103405515614	3.0836172012971352
0.15025411866744776	1.6860450956357476	2.2192044769808352
0.3554169984303357	1.4371460776870741	1.06728411533816
0.43611849636659983	0.9954634665451457	0.9760130523451954
-0.2279518879688247	1.153078335058338	1.0755621157972663
0.16409254663640738	4.718290652661028	4.275198169699982
-0.7968723273706679	3.4945995125677145	2.852769575664342
0.31180879575458675	6.9400919940332235	7.122947719820948
0.4770782458317413	2.3867730803396316	1.6561539008100172
0.28176071122478774	1.4517220345659327	2.7506611593295487
-0.016989466571626366	2.2794561852652993	2.2589168576911214
-0.12219679452334375	4.045073119354831	2.996601804447538
0.19597383728742201	5.426112073874824	1.8523433326548406
-0.9049980222022747	2.8752298911745586	2.2426631769782657
0.5563341239931852	5.141108055881642	7.491637470585312
-0.13532811135474887	2.605947381263344	2.910730681972554
0.14704083031613635	2.8778055156331135	3.0850972920550994
0.9710948728860913	2.3338065893567994	0.6996895789086038
0.034790493058167726	0.9788884768340693	0.8903970640675665
-0.4706960028121543	1.7707401123069786	1.2708303202222881
-0.9288486578805433	5.956220803452032	4.944445005459521
0.36703749453153023	2.819357224940939	2.089273001699656
0.3736533839626688	0.9316748757575704	0.9672159035773568
-0.6295839105936452	2.9359176742979853	2.0109222926441945
0.7843761382781977	2.84204435017457	2.033614705560303
0.24706458198799908	1.0623233985001825	0.9229275415956902
0.42234980671693734	0.24319383698096061	0.41691978865870444
0.5985607341111532	1.346984833468561	1.0684330625982659
-0.10780148826201597	0.9838910071722219	0.942743709484627
0.5222243954752237	1.2177902523317556	0.7189357608227499
0.18213614243887122	0.9424504568024407	0.6429648493237279
0.07743739781549408	1.7882460662256068	1.755051946357112
-0.035852816778625396	0.5962099647800857	0.7712543287979705
0.18536071455592662	0.6335588557001218	0.7499655401874777
0.6391119720246863	1.5656658639920749	1.4135522897555788
0.46435532764972365	0.7989118883101679	0.6678664819814593
0.09845599248743397	0.7495919651924706	0.651677568828942
-0.01332690909947587	0.9208519230173569	1.0130927041836897
-0.34558134878430735	1.3683676276522925	1.0072743587017792
-0.7263673204369603	1.901318555409292	1.5906913282216204
0.30109908309920996	1.9854928089618795	1.7684871321290532
0.09964917090901082	1.6958642301058249	1.4384988137465118
0.22835355739285745	1.5278402045571404	1.265356214672961
0.7565826407202714	1.585587273769151	1.5252070193374654
0.12103416734499106	0.7573620234814182	0.8289585445577043
0.19783307918208592	0.42231594805127304	0.5100923037425321
-0.036681730362442266	0.47615188800833336	0.5448782039648277
-0.6287335670456251	2.5129125568096398	1.909029889003614
0.47370663577028793	1.1010331148582246	1.4574531429520892
-0.11080786184427538	3.3213803520265923	1.8711307789184213
0.18988122818921482	1.2303684783881663	0.9516402954284179
-0.04335507105457381	0.6881102348576033	0.7055392019786936
0.6640724881079585	1.4189693067906004	0.8068987535493967
0.06282266483514931	0.3737605472565967	0.58323073674568
0.5560802941210419	0.8607884353274807	0.3899484258576179
-0.3991960829536012	1.2499324156071796	0.7550017510840307
-0.6860289645630679	2.9720525803486346	2.4284850543140126
0.4384445569099782	2.587151201010615	1.3431386339027205
-0.4017915837907893	4.738487135368698	2.524905478915842
0.13377111877863612	1.4885494607140233	1.1534663878913507
0.49486978857586905	1.5197095910911165	0.4925833309770118
-0.17971549048247937	3.276530323063072	2.5971196071446423
0.39898612484527973	1.6669449569773664	0.9561782941636349
-1.198701432812932	3.4096301182587205	3.647723746222437
1.01584077518595	1.9933721469469592	0.9436538191111657
-0.2064987068437496	2.3956513881726824	1.3695516739341604
0.5028475751397643	1.3767033873824073	0.6108383547880875
0.18282323370826248	0.5171850251169916	0.6469558463470306
0.02213769656247422	0.7836259787276958	0.7207859392928738
-0.48361529165390493	1.3402592342734445	1.4688261593375262
0.03083151611873447	2.4582146619102376	1.7261034642020534
-0.4284483680771167	2.187211625455009	1.7643355306284327
-0.007613189092481321	3.20550773454153	3.2186965765787185
-2.0200739209263574	7.651496044432987	5.887242772856983
-0.2888998666538356	6.145263499925014	6.93623908133635
0.7261053464924672	2.430747039087265	1.868504991556486
-0.996569773673972	6.398929094462904	7.150556965771175
-0.0010416612413521875	5.230111195068214	4.0767664707831175
-0.5478521396939939	4.6353096981854	4.898507867012294
1.1388108671545716	2.5564055502893	2.508338628506325
0.2797190158365659	1.9292087261453097	1.0193006142333636
-0.15449844053518902	1.9412765219723558	1.6617382232999343
0.6520221540395887	2.128910780955496	1.0913401141752082
0.44494867825344286	0.8759581485984425	0.5732770964559807
0.0005114736322475721	4.791570258021344	4.681269146527044
0.8322727597546375	2.0905860828822718	0.589263922439856
0.5079697236919145	0.495587321554001	0.4358930612454901
0.24949672593708172	0.7378837159213429	0.7501879910597745
0.2960671505158885	1.0612896640388374	0.8133316661586426
-0.20298046500109024	1.7285053894474025	1.2724359773208125
0.5006758029558966	1.2105246004782741	0.3942401510350096
0.09253586424797788	0.5790066646570357	0.3226303536811321
-0.015000000028120297	0.45375776692280534	0.4979460011733014
-0.14161083412425057	1.7635302050286816	0.7578140210393689
0.3179684710783448	0.6359918306003861	0.5635183544550179
-0.06740883211060478	1.0497587561274682	1.2242298077918874
-0.06395555307205925	1.0084900530193055	0.9048509387903477
-0.15556264532357034	1.8768584076955448	1.514437808537496
0.4858923769513801	2.5746764323764664	1.9501304522251777
-0.2963482512075011	0.984455350227833	1.3742848881880496
-0.6481339403613617	3.4062300568479036	2.2693049377788634
0.36192910868022565	2.5027599490103456	2.3618215304874703
0.08164185725396678	1.8125172370863125	1.6387278634009417
-0.58649427468076	2.010402440323389	2.3348473749398617
-0.08212228620401163	1.8371471421418588	1.3821828951282669
0.7536935606965223	2.2015567872991015	1.6310967328837334
0.1249818938967806	3.212985546000316	5.534542510111666
0.4948913791349874	1.2261345388826073	1.0593334869975077
-0.046245534773614594	2.0797225707051283	1.1711321684852556
-0.8004936566977428	2.233679046257254	1.5186064876442888
-0.5858159194175094	2.0853631146390614	2.294966652238917
0.7876667035705331	2.0704091047299453	1.6909992655596504
-1.6222625072918717	5.61352724321015	4.770518755137173
0.8184561960805858	2.666844364814311	2.5230969171347484
-0.23431750628626347	7.048556987439676	3.885020531756524
-0.26071673862189115	3.8161110388113726	3.5792731226726824
-1.3292877105912204	8.045652791336261	5.7145837463990725
-0.03339541486306885	5.487471347229769	5.563654260239863
1.1012848774583084	4.563502085625537	5.172406791534484
-0.13579046620213475	4.431080161093507	3.4473708435098263
-1.5416480514724107	7.07978729890113	4.15606051769531
1.7343444618164838	8.543922584062079	7.873080655401068
-2.063590135052973	11.04862414532126	11.923372807857518
-1.1452357989640838	11.016837778780241	11.247543560644448
-1.6782671226217794	14.967990273099582	13.789259699724507
0.16095253244161611	13.91496041029997	12.817712099443126
-0.8154187886743713	71.59725847887393	42.691533542780604
-0.03382959047444345	21.530471335784473	22.431912618989703
1.3130669138210926	12.786892959965261	8.093270501904527
0.9149300859182752	2.8170232395843158	4.559409077634284
1.9309093673571809	5.298647449113594	2.5862065083106245
-0.7150587699447541	5.486273293191101	5.408039024626356
1.1940671330720853	11.0557607722367	4.576159090455529
0.7188192707697993	3.877625324024155	2.567836232283846
-0.15895176716158588	3.57748791343148	3.1143796913613837
1.1729239782640732	2.7300102763519667	1.4745793511603105
-0.11294194774977839	6.987153675156501	5.004811843589902
0.6135914236740092	3.5614270874420306	2.783775161286767
1.148612771556845	5.3917597559618855	1.59676272891706
0.0069392468962092835	1.872653629941716	2.096367725794811
-0.26452744200353706	2.6370884387238247	2.382121755861979
0.5417032002881683	2.4871617736719642	2.5232570359606
0.38134374755705025	1.6824665541426194	1.6446432484248414
0.03987564758451967	1.3662703495738124	1.7758759067719554
0.319905922772179	0.7870645526835766	0.6770896883815479
0.07503697026178813	0.5965237079642016	0.5459170054721328
-0.08043395531096564	1.3740584270821548	1.138628035886224
0.05444712999480572	2.8525066882960055	2.3716027321282653
0.024516053234346913	1.0699671791992498	0.8928118010963361
0.07106258462057369	1.3469249572192303	1.33824761533467
0.5330713994109004	1.1140382352212403	0.79694552739128
-0.17997853895819205	1.8004974470052353	1.8987927452177011
0.20921274903882292	1.4384055472013995	0.9015407896225405
0.5000411325989162	5.469290472996489	2.2551771092848836
0.3145828567227227	0.9869862324597592	0.4516240426978996
-0.09136901872510705	1.1022810060889956	0.7933695678395617
0.2564915220717445	0.2827119220478487	0.3820212766511289
-0.25794249724802043	1.1396344908221592	0.5535574156863173
-0.6813774214601942	4.3154768914826	2.9266441403760157
0.6286443728243718	1.6172681143744463	1.0702957764492125
0.36710228786862587	0.6461770673548222	0.5658668960012354
-0.12060865405825183	1.7582199174267106	1.4614881028867197
0.17459418531933224	1.3730885016209928	1.1071304160732398
-0.7050660283282717	2.958391221957746	3.012473981010472
-0.0432004239389272	11.035315849693392	3.9332004799902753
-1.621053920103499	7.610929101236646	4.993804791587909
0.4283716144615646	9.69524869866718	5.784340964892134
-1.5732603398882716	7.85193157032014	8.255320429076928
-0.7002142266069988	14.983781560339352	12.392709672718363
-0.8044129408716572	16.281276978345144	13.63701724244035
1.9458717328637576	15.93540880201899	15.883159749732831
2.3897343134422933	14.918787873710714	5.979715284331936
0.45745401770025396	2.968212358944795	3.41470630429821
0.39766083536232344	0.8584565101728264	1.1310882047647501
0.1663070140915046	1.0828159055881847	0.6010244659773405
-0.016330059352842596	0.4043344915054368	0.3344267325719908
0.3519458932398578	0.8140034028117006	0.4768278383179504
0.0799022077815792	0.5730923404145714	0.5093844668054782
-0.5068084620346802	0.7159443332064137	0.8105162500168953
-1.0349868433405796	2.9213711244721354	1.9468142505495618
-0.03691972915653707	9.337030792944454	6.849415915266707
-1.8175588168681145	7.557303022737387	6.6553627560197155
-0.9380498137068649	13.161363346633582	11.604213480822889
1.169836278655989	8.500931026843242	5.544872191837535
1.7702348418465519	8.159514822276657	2.6281900220527166
-0.8195709429070774	5.724403027203043	4.939983739807529
-0.8110607339627762	7.726083791258349	6.072051207592828
-0.27445829027241686	22.195992459679708	11.818235594681601
-0.5899634380202023	16.241091742197952	9.920562043269332
-0.9176140652400022	8.73783845207104	9.790051861349907
1.3071820883382657	6.911740402892953	6.305996843182537
0.17172143784263127	6.996488424702754	7.435745928597661
0.49175535055283603	6.65010332263546	9.21846838063256
1.5113367196653904	7.102752009453348	6.326105150661573
-0.5647480940554672	2.707424129510414	2.5218008699289904
0.24728750997820015	3.4320642167773876	2.0218606948325393
-1.3243476485365946	8.914050295500687	5.122877474722099
-1.3516098715991909	8.69105479652315	8.679263397460225
0.9418582097458383	7.279286493326465	10.958517886695512
-1.2995472718849932	9.178456718990901	8.902565648331722
1.2683769754405994	12.46005414660957	11.560898610795796
1.4209446566864514	8.588165914275038	4.3872761480843145
-0.41064607267013997	5.234729235493411	5.863093366391211
1.020561242857898	3.627919307354824	2.0839905427251435
-0.3302737472067996	3.8936933148340596	4.27260479082598
-0.43685650308882273	3.6031906186656077	3.5560173998516067
1.0561946727372096	3.9714378944582718	2.5246257894230357
-0.00048349703742900374	2.7662084516139647	2.1724437949415196
0.9580410248772431	2.417393035297018	1.4026702317125637
0.41481342724321024	1.2074753684526587	0.985661873458793
0.1401121125933713	1.9088607488851796	0.9961642347044861
-0.00809637544767483	1.5657231273305627	1.6085546146839582
-0.0991146475367799	1.7911075848295837	0.9572125951543038
0.5974849331335186	2.5695664651608947	1.790349340472232
-0.027964537357316743	1.2207248781085192	0.7057771878900303
0.28969337398034867	0.9349634300713359	0.8400807242066397
-0.08937459661124691	1.1904773628282133	0.792320560070769
-0.140133623276828	1.6324368421766213	1.8493271177840613
-0.29843757693956974	1.2331917318012904	1.0623176228649274
0.5898464317500185	0.7785938719464359	0.5758324747440073
-0.4345856978994256	2.3682192659614985	2.197019037139619
-0.43267058112252954	5.851079494163233	2.8752261891658337
0.11476874883191712	1.2069089690790644	1.073650357291283
-1.4299208485453185	5.578844205834278	3.197685692326815
0.3931909871075945	1.348813595698928	1.3956339644255331
-1.653483238138076	8.635940511390968	4.472330731832468
-0.23691937715399902	2.9501788852231434	3.6948209679343935
1.2347068546070261	5.204367700033561	2.0782531274353384
-0.6049766216885466	5.608150245863559	5.645615408105721
1.3294182537187282	3.221014442590316	1.9561770682760913
-0.31864789444329134	3.082794617560028	2.1297497596977077
1.1980667762541586	14.06340782763925	7.405776437513063
-0.4655401860302888	3.1623746986426537	2.2895409875876105
0.8962003881857861	4.740177916006187	1.3404363145117892
-0.17992916881270915	1.4881822727944083	1.3226608721330668
-0.612471023021488	2.225665250889279	1.9375056043988597
-1.4660109792552056	4.981118783326451	4.9064699769803255
-0.2389812381161427	6.265091731613007	5.307387928768193
0.2142353083313786	2.291820067097344	3.2985341286409455
1.228417728473019	6.1479783065430595	2.2654924825427836
-0.865606198149127	3.439966963016579	3.2662564674277803
-0.40698124954499093	6.817926305586217	5.681130421185698
0.33878211511044753	3.092028802191457	2.6200602118346246
0.6770238851684596	2.9096737224947247	2.5531972273658177
-0.22661072842957708	1.9986786914134238	1.2688346485015138
0.27417703988641406	6.337150335209719	4.924553125307618
0.44573392113855803	2.9458333013143423	2.4018856825779706
0.5232330207163294	0.7487864543587427	0.6843869245318196
-0.4457918267375405	1.3435352996824659	1.1774113848628298
0.16233614779599392	2.7085548348402817	2.1328492719313554
0.48448369808111735	2.8903553852765116	1.4585144179188057
-0.0550880472871107	1.5837750004023399	1.5297038712651498
-1.1475762903010889	5.729153324934314	2.8142251722662914
0.915969756005719	3.8880006946027983	1.119401526523642
-0.13245161259440863	1.55087825402263	1.8654178932817567
0.49697755085276185	2.5690322334772833	1.7382222922635473
0.24023039544536218	2.1845321011863916	1.4218182399727635
0.22737865016324577	0.9005203929162174	0.9679626309290393
-0.41496485979664044	2.5117074088324203	2.3539707901744658
0.2807747054701437	3.634063861967895	4.247719672258794
-0.389413388201465	3.5479216355334207	4.235717915989171
-1.0109023122868876	4.9374009937295655	4.7066169547851455
1.064524797051991	4.69264709423505	1.9697280474025993
0.3093096056979938	1.6139872937936552	1.3399264830123925
-1.1846168683483427	3.316088961722532	3.49172235527079
-0.4326125087029453	6.32296718867439	8.18227559892942
0.36271557988571956	3.419706064814332	3.2926783514376083
1.3211765264235176	6.7772835910399385	1.2836552752456294
-0.4993945637735919	1.4023871026184729	1.6401881208154838
-0.295407136668846	6.515457936352526	4.576194489222085
-0.025252344909709734	3.8189619175200713	2.4777642105001574
1.0480730937957539	2.854217811759105	1.0239146259726475
0.09662132500745102	0.7850658251972795	1.1946344043922894
0.29259318462955264	0.4542225584170567	0.4823795590968814
-0.04886276707463111	1.0046794678780253	1.0136736117671874
-0.09638600281203225	2.466164027209382	1.478439959903406
0.24712599552527692	0.9122531831950564	0.7835785274347439
-0.22548983106247533	0.6791821430405458	0.9997855133014467
-1.0367245102515632	3.9132795776444067	2.276685127352191
0.9021280205006477	1.5655896787175922	1.5356306745235198
-0.11733136142799694	2.345909888442352	1.7682132549885152
-0.6333221279222201	3.6879150460694254	2.39199364907799
0.19861073859619438	3.637950067005829	3.382679710262228
-0.10328523749913998	4.479882336814731	2.931448654822491
0.22585718103398378	1.8357430896500762	1.2971247686561165
-0.8521119114943687	4.119662035902524	2.7392060180532276
-0.1718705665131104	3.647118413883624	2.940744368086897
-0.6385019822725546	1.2161202822514563	1.2991729485584185
0.02259925047418676	1.9180373691440888	2.033319864746822
1.176256419431354	4.373710106826763	1.4676006623912847
0.2254460632084232	2.0319884647936157	1.2308018745194567
-0.7198811149764062	3.842380201246653	2.3129987027488235
-0.45658901669085594	7.714251066971751	3.118588836780594
0.5606328963176033	1.9996078300049362	2.192028948854231
0.19633826038196744	4.60990848319677	2.9123781617633098
0.9674636859683616	2.5920530241259345	1.845393960877566
-0.5299509636184752	1.4536138256140807	0.87429218548518
0.6308006543010336	2.9135819371140874	2.3084476179882634
0.059801995966868304	0.8094060618340472	0.8201219102283134
-0.7271075657993897	1.284831146560305	1.0767664361596327
-0.30155620989420484	1.4933857388456546	1.7599063386114366
-0.02996782049349278	2.2379168299163297	2.37839539351838
-2.122813641477439	8.018623455510678	3.855225947944269
0.2504405857676417	7.901207411117179	4.903475976774765
0.7158205955118291	6.935993757841335	3.170909755627614
-0.07270048923615491	2.1917682993506697	1.7858895458284838
-0.35946355656415463	5.650553402837913	4.9737295628860965
0.6187285728451286	7.437683660177144	7.922255850967445
-1.677577144513176	8.50999132636734	6.739973089910341
0.20984113459885378	15.954513937708587	4.386040687102357
1.2205111499773658	12.942951479035832	2.0226952308580444
1.0982042627946775	4.713614086921287	0.9403977017465761
0.44673907788608247	0.576765623657563	0.5281636285103348
-0.049328376199397894	1.0750489112261234	1.469336229812362
0.7755219031167826	1.163396412293717	1.0042669081780107
0.10680619926617396	0.6440201070980216	0.4413044145438402
0.07333377536884456	0.6127856266696063	0.8618517369437854
-0.41957411976198955	1.163336665781694	0.9686993038968671
-0.24000880844079475	1.905486739765177	1.1164266800256446
-0.5592582485451025	1.6014863728613895	1.3021608785393664
-1.071718079956696	2.10337053393941	2.17771726322659
-0.5684805963221962	7.725123006345041	4.44526881826697
1.2154683798792476	3.1258382314028204	2.743536283611258
0.717319825624152	2.0473625454997504	2.071831299269795
0.02086653016144524	2.7640199261863585	2.1753060583195905
-0.19270663776520536	1.5639468225503887	1.2433308490597252
-0.3221641539377096	2.7276047283306055	2.7091683049727515
-0.22331556408268227	2.573018122662177	2.014478279165683
0.3166929249535322	4.876602944448693	2.4100702079706156
-0.7734633903805133	3.7035407141156895	2.8547195492995003
-0.28305555298295815	3.3446262423712185	2.9483555509778565
1.2520428883486368	4.365731217558001	1.0676981820919966
-0.9339614854508405	6.764507471000728	3.4460101061308652
0.0858334165244834	9.211753160126754	7.737211278371003
-0.1323772945656998	3.6328708228444078	2.9724687172929927
0.38943638495281263	1.540572873672632	1.4058522489490828
0.5145224133349835	4.130178157007223	2.0084078848899125
-0.26622930005242296	0.9702416247489393	1.2330523824454436
-0.8164287882390653	11.61505048123634	7.3839139970736865
-2.1131875381428245	8.640615267113542	8.084182589824572
-3.2257642077140325	20.679942479233627	18.958906026781047
-4.04476030604588	240.34389284778575	215.9953456394711
-1.3488607512817552	74.67939755772164	38.84571156335042
3.801169665689219	69.61063873519714	50.46722816075946
2.4036693773549445	36.958951164075565	27.32829539894388
0.035208965572230966	10.503555554979863	9.084427677245241
-0.8296916953905331	10.063552111383547	11.449533641442654
-2.9768605948049753	44.24685736232205	17.61930412699867
1.7872873467553063	22.795717142469815	11.360571057262268
0.10719186573417971	11.04961172681298	8.75597779656662
-1.5351858353170655	18.25845558967709	11.562549235920827
2.472943024964813	24.015654145204444	6.132968862549798
-1.3780274053514674	13.561171731794113	7.081966501674904
0.5104724471233446	10.077148825877307	7.778953134330071
0.42579248578018536	4.6454324241625855	4.843105058650562
-0.3858453383970506	4.719583621734637	3.483042796851116
1.2825939277843368	2.635764337091942	2.6071969246956117
0.8506919717158112	3.8863971444392615	2.8513003238890646
-0.2418866320121893	13.79208061215594	16.08353034560879
-1.6316203424572961	19.870615781280698	9.700582671765675
0.46722985588445454	8.311335645764158	5.457541308242502
-1.2624983534364809	13.517291685578027	8.982785092352461
-0.19220122628773595	4.55130654567185	4.857378950940936
-0.32495320909946557	13.338815492235266	9.763623939530591
-0.049688413270487786	12.77475957940147	9.291858101988264
-2.60460617929974	13.851067521560285	7.752073262452839
0.10197253998569522	16.67663710958994	13.311522995426508
1.830975949247815	26.516886324337168	11.65049467198868
0.26130333324783095	9.601010635990946	12.831861440517514
1.4199644490955343	25.356793673752687	13.006024549351
1.8111303134447532	10.72135643462039	6.009960995113566
-0.3453677562379909	5.7809316889466205	4.638758210138688
0.7913172915295696	11.743374173591908	7.707511968561003
0.8805135398243458	5.575431998846245	5.218763507914818
0.07794909871954303	2.4198392774175623	2.983847671116524
0.1145790832543625	1.5367002326705208	1.2507268133245304
-0.6699867638067403	3.2648242897702966	2.5896030835708554
-0.4852654213961749	4.234779615322696	4.542654758489881
1.4863463594602777	3.4242078485577983	3.2276417724279605
0.4451715195639139	2.1758361759653067	2.110387622324839
0.05409392804640589	3.8050538523495954	2.651983557989973
-0.13873585348713746	3.180055754681295	2.7628131078741003
-0.6029275717946092	5.569868480735268	4.966289385061885
1.646580540765008	6.792693323556492	3.075764019449322
1.1042126599038582	7.379392908518892	3.0560748991370024
-0.2117566699915585	1.6481820802728815	1.4281058086717668
-0.23833995256294926	3.0501720181795395	2.6257204553141418
1.1616622779492936	8.101774485289528	5.969646449353379
-0.03684624867927866	1.870222164202254	2.3918654100665995
-0.4735082211940522	3.438396148979988	2.9533781215367796
1.1669982301341975	2.174066071910075	1.5935798525937779
0.282406287661896	1.4296985698702371	1.8407822572471002
-0.3432636171427639	3.3970381773362748	3.747754884150951
-0.11992120901513914	3.6451637598579927	3.2611060877957336
-0.04143478723941385	3.8427939675073244	3.402224444734446
-0.978933392938508	5.1116620917285935	4.9495721950297575
0.1566984069187427	2.1711621001520656	3.0324696712217634
-0.34448284710695276	1.8675359858318055	1.815477195152139
-1.401162957173252	6.659151885662009	4.9633692854420675
-1.1245627435721772	5.107205288792576	4.262709759091696
1.4680531156940013	5.962859523252512	3.8277409808952725
-0.12574449209719063	4.975783966526692	6.224883531763398
1.5951184253173878	4.393520487937419	3.9989687732227877
-0.10901277297259426	2.4190431131457646	2.4606912768867755
0.38317989896423654	3.407833523817381	1.6862290559274555
-0.12165276823496995	2.119884868580744	2.2407172552234402
0.1302682176556047	3.729780391188617	3.520447517996523
-0.016752944369091693	0.9472119918618733	1.0159312475351119
0.05264266282862806	0.44840569848145195	0.5160726700782972
-0.4204779115775992	1.793657156069512	1.608020365065655
1.0053362745054528	5.172206735801744	3.175445491300842
-1.0803160911454057	2.5035285744070626	2.462943002601557
-1.440769169891798	7.6083110481322	6.998589293112402
1.9854944626335858	9.082548191388735	5.8139309611250205
-0.6698167220092088	5.572032123309865	6.80896320266788
-0.6471951804821074	15.948300968290468	8.134639524183621
-0.7768323354963691	9.598976426269894	10.26545832266924
0.21950585869960904	5.399065357039728	6.5965098685386545
-1.9677702706327516	14.266097883779185	6.5157315668169336
0.49570819092705776	14.148113757708318	17.180093107582934
1.0403975993567904	13.293543296577045	4.273458219373367
1.4275128715920182	10.990719982873612	7.164017596691508
-1.497516374625807	8.138829705957992	7.634059359261355
-1.806587458638198	12.333464984587804	8.846699764752618
0.7753536236816849	6.065619284427682	5.395430855049868
0.8876468311265207	3.204364087908475	3.4960997075580584
1.2268059182297897	3.4805342841844054	1.3965867727735548
-0.15950474502410827	1.1337573408873236	0.7622584180452778
-0.21323160700124077	2.69845697292047	2.0148592545711894
1.0423941051955765	4.9150118636326	1.489652115427202
-0.7200512108402002	2.0455334838690007	1.3231398417050533
-0.9540137953783834	5.044947853546866	2.7272833106793533
-1.5121213614196272	32.636193159888556	8.87023746006349
0.19603421738789706	5.804724038201914	6.334007982396386
-1.3135428934226034	17.37504963070414	9.378799817637335
-2.4130756806791887	28.333848578805043	24.244814374083287
-1.1079341978299517	14.306869044676242	15.221130124091374
0.08738258521878706	14.44821690396888	16.928211647465368
0.798500459932594	22.290683986400047	14.947698531344095
-2.536488984775609	18.845567734527396	17.659046273911862
1.6282278804371053	19.166637414682395	18.02077761170529
-2.168227813461421	53.82160389046426	19.01950384544703
0.06593219856858568	22.582316924055892	14.941939643153267
-1.1687410156599576	58.54463531970871	41.06762074596244
0.4956825770605633	29.137075047624982	30.136384533777793
2.0183228554240706	16.58003832635839	8.100916035061324
-1.5559745237312406	6.413227524734026	5.67896620952818
1.3874895622252303	9.185603089576514	9.670870385047168
-1.0822107717540774	20.334543249237722	11.33596040104459
0.5264591708030508	18.704113353990863	22.264721723275553
2.3590936670966123	10.639923191656997	6.264804842287866
0.030950968754517305	7.698762796719412	10.365597911427512
-1.8658170643524485	17.411040161130828	8.769357343192873
0.5016272748108896	31.46340390501991	28.59252526592379
0.14629204586071864	15.82778085215832	21.938485307059715
-1.8692133012153	12.537599339186679	12.769705689714106
-1.40834194632804	33.32518508376846	20.992167846965796
-0.05936095410854492	26.627774527522682	31.635925840814227
-0.045353923351854064	13.080097000865292	15.823983094898061
-1.252081395047977	33.65377774219172	20.680229122781967
1.9372127990781252	9.274019054820801	4.832877751429818
1.6316404844211263	8.499308321172851	5.374953238026593
1.64645939081689	8.880812514938395	3.952723325031294
-0.46460289339735894	4.800315146408183	4.856735266020731
-0.002085951637287309	7.9470739630258755	6.4250025665504245
1.4321462547256303	9.28128825720987	4.376572308447818
-1.2393796301340743	5.581951540737896	3.6463071962507216
0.4310754460306043	18.170176595232576	7.765719680746827
1.1429225852076286	4.289672236304533	7.318243269944315
-0.19796705647916468	6.599783926126799	4.366293906132675
-0.8284171705389198	4.919757635910325	5.099014779682318
2.360850250223301	6.108224154570327	4.615240783422745
0.412702522142272	4.015180999762196	3.9400961539438617
0.3623565659629513	2.552986198430976	2.794475108677921
0.3130504413605628	3.4822948848675925	4.647861464722604
0.09797110636222683	4.893470047219926	4.716556804286408
-1.1117896188442167	5.710384089700544	4.551119980491605
0.4797912641114621	4.7216245076998495	4.077871478446459
0.03468548095533208	10.28758578099997	10.0341109274563
1.608881115741223	7.33355692312375	2.0517299221567438
-0.12174060859537761	2.1994902432215166	2.1053479529171075
-0.17941669620977763	3.7662322226719183	1.550373946749982
0.5821777562950992	7.171804024890335	5.422548637320702
0.6386122715934306	2.5456885438986414	2.4594913687762237
0.41763106762680025	2.9524354096543077	2.5229556962627915
0.11461654708009306	1.590232621851533	1.5199542637959726
-0.07070532510580207	3.1419162761147947	1.999276242825944
-0.651863440316891	2.545062392819982	2.0497817161536704
-0.03633952945927277	3.4409391734623886	1.8702593344211724
0.05303164345606959	1.4882173474907414	1.3208960063113733
0.8870440616322028	4.255021860834858	2.241299108217237
0.4282349889207282	4.134723198185332	2.376532155056913
-0.20854761472381966	1.088786796411764	1.3197044788132442
0.6368862602132985	5.587800729182194	2.821428965300494
-0.3329398154854779	1.5764163877472082	1.428105738344414
-1.0065003449116539	7.224942514421635	3.215888242386362
1.0447311773334356	3.0081788364808806	3.0740408121364657
-1.203757675297723	5.8620716800549	4.482956428373718
0.27092733326039564	5.001026155159938	2.6555735584992717
-0.2684788553565909	4.765553381781343	2.8707567607578954
0.9586100323466518	3.3992984541510225	2.93201201798811
0.9975397795591867	3.638296816510648	2.333064499133999
0.003841555061967483	1.0936497632628173	1.5369942291621874
-0.09992842497847931	0.7605216364900332	0.5740438986218842
0.6663800974989975	1.2951952149511767	1.4921722200936778
0.306544702106315	2.262334441161749	1.6457084664068486
0.07708413019678062	1.2803226714963236	1.5194307340366096
-0.5150201416352473	1.5718026366410363	2.58481184265215
0.002868562467917002	1.9858627752468072	2.06472326418436
-0.17944348638261332	2.070958493907144	1.376239569601064
0.1703594229312877	1.8760745406982076	1.7218244879287325
0.19250111629061095	2.8848329922066216	2.071199038053548
-0.9257660725351613	3.5957051733448546	3.6882060832686685
-0.5162130491295436	5.5996131474820645	5.608929696487443
0.7663574935909523	2.3686071139725775	2.042680243307009
-0.8685636537482999	5.464000767853577	2.7436693076303103
-0.5944745631903281	4.9186820024670235	3.1138780117098457
-0.03266962022587805	3.323306603359947	3.1308047199913984
0.32621690686474025	2.7615663905363386	4.581287621304216
0.08211677076870316	2.0804357141378187	1.887565577158328
1.230924387144583	2.4184995325181573	1.2863411746290223
-0.9530056388863173	2.2150539917371677	1.4198080528433419
-0.00774991039547146	4.150778271228583	3.746557283295021
-0.8713242396074072	3.277691698516336	3.1168054328693358
0.9754135043315237	1.8996272317337286	1.9107897667027929
-0.9568473942691114	4.1163309262984145	2.871833987521426
0.023935423319443316	8.953859805108559	6.160324092067245
-0.3660068283799056	6.232463648684756	6.98070727571684
0.59676283932113	3.2992173684686756	1.6206086980270777
-0.18143779760473322	1.1745468601157005	1.0213423182601866
1.3354868256127084	3.7394245176357597	1.7678324480075962
0.682167233796438	2.8637043194677765	1.58968832646693
-0.004784391402345989	0.9669189360566817	1.20130896433321
0.41205275082036863	0.9812235383205764	0.6732172416327233
-0.09581900952646549	1.7642246717628542	1.5374255591771722
0.12011669922156187	3.389984136476415	1.6136543673241843
0.27068637146197005	1.9761695415955285	1.0736959446179388
-0.2778321379556026	4.22301363203961	2.770603055002072
0.48854536603375465	1.0726705122198217	1.5460569701031364
0.14543665529540561	0.7118827508081553	0.60272746386677
0.3180855178773534	1.6435989003264295	1.0509853562878062
-0.16907851536167584	1.6703699866791208	1.3716743684498174
-0.91885569520338	4.838673398483212	2.603311163096342
-0.8166947168094296	3.337722188870238	2.821274350192614
-0.18196877854927962	4.050096770632834	4.632283203747541
-0.16154585989598402	2.584961678217666	2.437619065177175
0.29155733847865406	6.452734958453567	5.823084544553708
-0.33113969684901434	3.4734178107088103	3.246184933684739
0.5887367865759607	8.637034124500968	2.7924534216310297
0.2574139720211477	1.664190814087801	2.1794127227849014
-0.16002686499643204	2.077500940579339	2.033243559242604
1.3086030733105325	2.7035314176303613	1.8956752694749457
-3.6469490472622823	57.770221815434326	15.249246894148255
-1.8168449274044818	15.305412381463954	10.658231569757282
1.749575782009316	10.441053499357938	6.055176993314676
1.6847230614448705	4.364895549337228	3.3126014928476004
1.3637567065002187	4.240042456114854	2.9723970337566605
0.1756495078588216	1.3744933495461327	1.3293475176780345
-0.686736893640294	2.328815417190218	2.1418030300054487
0.5434795985957308	4.748682936816833	3.8421141657964664
-0.09101067740235891	2.6872482571647693	3.0300105462932625
1.4989351114569338	1.7383310904774611	1.3876394337768654
0.3544041662578046	1.6367641647312097	1.318904411671993
0.7045977030617934	3.4255315004152904	0.9274917878871795
0.007434495131519725	1.197350250641413	1.122981156099977
0.5232059501115494	2.691334040581431	1.6595046553127275
-0.09757474374643138	1.1339053588720822	1.1339382346254172
0.24860461585936022	0.7225996981189637	0.5527194548944134
-0.13762656424889386	0.7090130683386019	0.5788639626350284
0.4298007492566924	0.48942336150039534	0.4768519175471138
-0.3743578747868348	1.1452960228695124	1.1030497134281125
0.4497972899371483	0.8208703745836049	0.6230721369363359
-0.28595853519863823	1.0697100401138	0.990234565152913
0.028125569324721766	2.703854182760703	1.6600393605524346
-0.1000892584473334	2.5918627785405404	1.5538949249522858
0.13650242382210465	2.455245724697286	1.7927860506459623
0.15380296915221692	1.6595200964379289	1.413478012735963
-0.11970645726364637	1.9399601867846263	1.9578122861674658
-0.6280391365311111	3.338764294582675	2.2392880555522074
0.29302117246290393	0.8881773983358072	0.8882047626695931
0.043902315743515885	1.3117682645513318	0.8118977925514975
0.8277534017129717	1.4430750408203505	0.748613697986031
-0.0728834607441442	0.4603711923928337	0.5319143354115919
0.04126131306190217	0.5891135578739808	0.4981852693387266
-0.28229221512283686	1.037848527380475	1.0361449155029305
0.4691302653624163	1.219401921396645	0.6019753725504448
-0.09016988708063778	0.5447810585246167	0.5564128393784242
0.29172803123778124	0.6082607777942936	0.34954797917900227
-0.5448207560441176	1.3007276953378148	0.8918827525555039
0.1683413276345469	1.7847511903911855	1.4732534210113328
0.22386275443393444	0.6088668848667212	0.6712059958926548
-0.14506451507063645	1.969029341359149	1.152791110060292
-0.04351460670770635	2.7199872606848867	1.4886449143407008
0.19269460215838308	0.7460483745286126	0.47043211112621536
-0.5111559791273201	1.255294949371645	0.7021185668061474
-0.1393587424773024	1.0214524571911858	1.4562384377069437
-0.1552248192304262	4.90086759557153	3.377041690451202
0.5085325618667369	1.4208578243600969	0.7466074467913946
-0.19648536354210933	0.8979715499884643	1.2534484039198464
-0.24753285086154264	1.283151746674376	1.0134202298045056
-0.006910261049331012	2.674973042907331	2.241961783433477
0.4284532153448595	1.403281835829665	1.4207042066267153
0.3009325677123975	1.0570772665278274	0.8520834014500233
-0.01646602513876161	0.750030676882753	0.6410157743180507
-0.22897557219021536	0.8728372300029962	0.9546823231346647
-2.4575822689596905	5.3767769819006	3.5799029951018677
1.4401088582382648	6.321579398774047	5.096333644903461
-1.4951002701537597	5.85399599024746	8.760164304369408
-0.05502166910895667	4.239570511392547	4.599076187785781
1.0025545462255536	2.837926725513322	3.808744933393001
-0.38915638678851394	4.345614242347495	2.2980288128823427
0.010284987667130707	2.9809189002307552	2.040478865044335
0.020099422092378916	1.8101463458684548	1.5897996335009894
1.0905091544285206	4.200261820332621	2.7309784752381225
0.6391800468517062	2.2591169871997305	1.0138439156553165
-0.5523030831899867	0.9057190554924001	1.1206701191003083
-0.8540141852151351	2.402209057127258	1.8525078863854547
0.6214027054954663	2.0127138391854613	2.379373220851217
0.5185868962471751	2.0868030737544347	1.921009573496459
-0.9254526700771315	5.264314778959572	4.728098811450119
0.7816446842321412	2.234125560686157	1.944215700932209
-0.3247888610836469	1.526952193837453	1.8011970487077067
-0.4838221572388335	4.581596784372024	3.4146546114879754
0.4213306899191416	1.6580647338335928	1.269950009893177
0.054624320290219686	1.6707321669490127	1.4997839858011563
-0.3272657711468341	3.5821200828188537	2.8259960609639667
0.45861227651142755	1.2067617408672449	0.4661578423149667
-1.2407730216817292	4.155645429383074	3.21751568410763
0.11411575567956689	1.7331747021943442	1.7908125296724746
-0.311787787630724	4.153059643643662	3.170080286068913
0.021097392674906956	3.0372344969926686	2.1444366115383
-0.31692920042258876	1.4601136837212159	1.203010159615378
0.6085544325531878	0.9898865984769513	1.3083909690151458
0.2315702047942736	0.7431173678994699	0.6862204224632085
-0.1493387372815569	3.4075271387317567	3.130105521669386
-0.008406932922255805	1.9865625030633112	1.0566773089198558
0.4604051116260166	1.0459331225502968	0.7185180969843817
-0.35023695401577015	0.9657694078931771	0.8362988876766014
-0.17885124394707574	1.8521325481274546	1.7705659008270582
-0.2887977124784946	2.304695828489777	2.227107294988001
-0.32301710778632753	6.848330041050729	6.150326669953349
-0.010346270884031838	1.2998405510821816	1.3904651088727729
-0.6852315627453365	3.606495253333035	3.3279811563845136
-0.6499143974668442	4.920849315411206	4.971999629414916
-0.44616700633364204	1.7624966005599771	1.701877369589412
-0.16003453261017597	3.6675899314121407	2.90906120343837
2.1813872608832163	7.700089134636253	2.398458039254077
0.3910013901857745	2.858421733268841	2.2038389617088523
1.0825790816922698	14.169404376462913	11.31878688660009
0.2152087800787683	11.493784197972994	10.073209221464763
-0.16113211469033217	3.1982141850358796	3.1782677206091403
0.010627017121844773	2.6907372075022358	2.6525888714334105
0.7374298062804208	1.3005513154056552	1.0976609765844685
-0.15972904543044564	1.050351738903939	1.4234286295189413
0.4642506212928943	0.6348888851262193	0.6540932597493576
-0.23116846446464834	0.5907597147843061	0.9463912311761554
0.7378658295089657	1.0832400472996686	0.6185625131064294
0.20859045457060077	0.717445992778371	0.7823788382180589
0.07941352398486146	0.645905352680622	0.6749598615710073
0.39928706610927733	0.24192713274970556	0.15769783178440178
-0.5172956399635886	0.9528978899555893	0.8199467463280391
0.1288946555560777	1.4221664638247724	0.958028371955634
-0.24931609966971635	3.4858340826339047	2.019878225591135
-0.3744589077398608	1.8620545052121904	2.2952592219184127
0.046541977596614714	1.4511389769988883	1.3797051475013913
0.5745116204855627	0.8801864588903973	0.9549977021745888
0.3423156718998399	0.8984184895849129	0.7580458400924339
1.2800419104440408	2.5864396555640603	1.6804989634936418
0.23268471481356912	1.3483252173864724	1.7137262977191383
0.6014848797555317	0.989478646835849	0.8766229308633982
-0.11424777064670266	1.4024888511971023	1.5055621978751819
0.6478860446706314	1.5579591716260586	1.395724267285542
-0.8066324252899548	8.693631821420114	7.1061583167829285
0.3809224690376922	2.8597743253691847	2.8889258476403685
-0.17654989021602674	1.6720230590260854	2.0539420486413675
0.20439771749192204	1.3059921774632943	1.0186621200975086
0.35515239380998764	0.8688140231661392	0.7259612102715531
-0.23721665290326044	0.302580340810403	0.37315980355893447
-0.1895601139395353	0.7711510799973869	0.6029485082801499
0.11360246992042633	0.19310128690724063	0.29067914082445084
0.23254849538369982	0.611842164065015	0.396123042245281
-0.8338508355325125	1.4224873040899109	1.2004063776338028
-0.024892097332163132	1.2284555185637518	0.8454050258438602
-0.4294739316543783	2.431609067507732	1.563438648685554
0.7862605712015913	2.796976330998357	3.434542010212002
0.5817012898003071	0.8673376557414114	0.9154551401147245
-0.071370986759689	1.1314579335030959	0.7632615981445837
0.35898151260411737	1.933673786979551	1.136629862340553
-0.34972684394762865	0.6737613627785417	0.7422117274103841
-0.011458287439314319	1.2587257139597419	0.9616532752705675
0.27068142378370297	3.967879835948031	2.8580238100520448
-0.21208169131305965	2.9633882125655338	2.3169774783557844
0.1874645752597104	0.855889790205187	0.5141317815382371
-0.29720189982338496	1.2365224021607772	0.8653134769779153
0.1762262495622835	1.0469282794432262	0.7822753041529044
-0.36115688709292826	1.370863937755816	1.2522017249586768
0.3307800155449847	2.059233537714831	2.1363157123055876
-0.2512929677479292	1.7644279297103969	1.7104115478896451
0.6410884783348614	0.7415176941299272	0.7531049038579893
0.8059574950754822	0.7569530009859375	0.8630135228532375
-0.07660300867282643	0.70552936743656	0.9215798387717717
-0.09627218325221065	0.5503906033288872	0.5789775322825268
-0.6111547866607836	2.7573095480035996	1.9125514717556826
-0.06755215809670645	1.1550236011109154	1.5840407078647158
0.016234229249789678	2.133866159634661	1.7268616007711026
0.06578745626670823	1.8225452491889311	1.1608279023714057
0.7108077049611694	0.7250251762256454	0.8063235332263767
-0.1982731283606043	0.6141379100758827	0.5635115273639246
0.012212781563469832	0.8336527652099046	0.7731763728244451
0.07716773028061397	0.9000165567421894	0.9475035694094645
0.5684179171869808	0.7271823865554127	0.5992784308092233
0.37111411302026553	0.52997047926681	0.44224782893516873
0.5137347850382668	0.4767787282566785	0.585964362623906
0.3948075782059135	0.9687768657139414	0.8597089807874734
0.49760688538347253	0.7634556479981703	0.9727322799848207
-0.0817685909389354	1.5936978801895472	2.537922633464665
0.15879134624627866	0.664886059489428	0.7554871129793057
0.5962976076502535	1.2370148880620517	0.9218125308100819
-0.10153487748914003	0.8375090318628919	0.5625510009471918
0.05035726256013007	1.034165784076908	0.8512461014654316
0.1365563084113397	1.264815642214769	1.3646617484379797
0.11696031227872439	0.9940936538056684	0.9718373679227776
-0.24505570377550967	0.99104602497672	0.6634393747860845
1.3400176561953359	1.470100698503011	1.4186020538723492
-0.5953071346746164	1.4088323304347994	1.2142610893316113
0.044078662233637544	0.9049021460880513	1.0800103367606746
-0.30138166479183326	0.9689725654316712	0.8393175746114533
-0.3073597957283347	0.8073105182621172	0.9239407719872511
-0.2138956869676356	0.9534979169277932	1.0473077205715384
0.08037021489606389	1.0539937042552487	1.1849826964491985
0.33558707467493676	1.0969312294986782	1.5401052541503981
0.028652088006175802	0.47114232744850937	0.46205401484293734
-0.3490183981464945	1.33253417556792	1.1391313622515613
0.8109518126972581	1.5488543261252028	1.3979108977147376
-0.14436133120510064	0.9752421804073058	1.0926228010413646
-0.1365796061554292	0.5323994309879722	0.4641273196800698
-0.18857605453579396	1.2617742507390999	0.9295511885131703
-1.251979833050676	4.895448378392152	3.5318370295613213
0.19605927268440126	2.88480025815779	2.3896205400644788
-0.10608001301495307	2.3686903444695866	2.8969898417208344
-0.07248879939112385	3.3830362355590284	2.2925327908404944
-0.11651854197625156	2.5613138934822164	2.144648685006009
0.7208296462028585	2.1305381456749024	1.503500066513984
0.1131411185214759	1.2155392649404881	1.004535957118448
0.28968427777789074	0.839511493383015	0.8701494315998916
-0.22914069619410782	1.0609781611478228	0.8838377333780554
-0.15672656545939745	2.291807859749031	1.8876067000255845
0.0445014258395382	1.3129869709378872	1.2785363150120919
-0.30555107798697634	2.894633026365324	3.2539086424954964
0.20422857763326974	2.7501328243234213	2.5548970431490865
-0.08189608990196717	1.9047510488388093	1.7611659583603718
0.06111016995467011	2.4220711265200374	1.998651960543529
-0.1341518494236027	2.79710635998013	3.2294007788325643
-0.3924494789454336	1.9302148848403118	2.1420350339314176
-0.6679714258760683	2.687856895825529	2.2601636197792137
0.8537468785524638	0.9998474814418379	1.240306223484001
-0.2958695558403335	1.5198648579256777	1.7592349658919146
-0.18033807583961448	1.5689526023138582	1.1888636302526139
0.7707799394007786	1.1917564349329322	1.1653148315294017
-0.3018093836898217	1.500194877008974	1.3485034946372383
1.0650088701131821	0.664609495565207	0.6776433022473742
0.6093239671609574	1.046526887389933	0.6968333189253528
-0.04354981287972848	2.1463094883060094	2.3275433050717984
0.05610873517323256	1.2736736613808644	0.9122359701274436
-0.20281007760365455	0.8369995382056138	0.7326749994948097
0.2074146206140881	0.6603848830819016	0.7997726249850279
0.07699002857366466	0.6443689068926695	0.6090026356729119
-0.1255577018808296	0.8582200730294431	0.7543332247690115
0.06907624407812563	1.5382024167538968	1.3951768086994023
0.4063730478572225	0.5115038689626317	0.46119015754628734
-0.012921700763968147	0.5914920285971769	0.5509582708287296
-0.086743657096644	0.8365916974536852	0.6260806563068124
0.10925134731918362	0.5047019519333957	0.4646465587179841
-0.20275181954616528	1.2399986530131357	1.1901457942990505
-0.1663462725804088	0.5173846547238251	0.43189057887495974
0.4886373595950566	0.6669667006351183	0.3444560952138474
-0.07287279439855965	0.6065615368692073	0.7573399233326263
-1.812568276241766	3.7021448135140593	3.468449897353144
0.3506115998994197	4.328368334144249	3.8776410109441506
0.6673291674544224	1.3964595096354768	1.068674979104317
0.5159723809926575	0.6728875664361855	0.5877153572683959
0.1965575939196995	0.6327493831157173	0.4981820784516464
0.2365248620834315	0.3962453852655774	0.5744565823526643
0.4444663872894772	0.8766514982937559	0.8560818036287844
0.02235784148503228	0.40969787392269186	0.40897734531729135
-0.11059588277460008	0.37467035253108394	0.42480813915255644
-0.04767264323159992	1.3111416265578966	1.3524761026659415
0.751818016553063	0.8354235724400886	0.7462233645671605
0.3389436839730031	0.7568141155995574	0.5984376855418819
-0.07754753252031676	0.4427382186861133	0.3921191750431959
-0.2807403024797317	0.7808246069368364	0.6679020214405242
0.15053863582359384	0.8625576655827933	0.6882709785306796
0.02958750114041564	1.2590283837969003	1.4191580350871695
-0.10647373591972098	4.91867856630082	3.8313314997731145
-0.07118272658841462	1.7793419724159434	1.906111439906209
0.4451898996075343	0.8035702110276606	0.6173953458340476
-0.10167685677728855	1.8240459199362602	1.8560593748524101
-0.21887372993996124	1.6184092660621685	1.5615811141754474
0.021374635787640983	0.6540358931121977	1.1659626702708166
0.819061047170333	0.5402925739877783	0.354305377761568
-0.6494591601962973	1.1454961455496118	0.877229432206378
-0.05130194177498382	1.318107921537279	1.1399090603254882
-0.05214974074112533	0.9909584609242852	0.7699503008001924
0.14242356377183185	0.7267756932834656	0.7743428674621677
0.03649672492667122	1.477147234998519	1.140540436884413
-0.7940355585925651	2.0794838369639144	1.5682283778722275
0.8530582430508638	0.8743829465823708	1.7025033270786332
-0.8509919181542536	4.807872001758466	4.240943182150444
0.1540275613244546	2.2387608597973605	1.650258269924998
0.22668643736558636	1.1568181812342304	0.8330269924273824
0.14645447102861198	0.9255406386757801	1.1626824278262913
-0.9284220438771307	1.8424427011709692	1.7785216865112645
0.618392789514921	0.9768324191280385	0.8063974922937606
0.10674536887664843	0.5737832867730808	0.44209365333152983
-0.07870852498186309	2.258662595075305	1.479802105007383
0.7294865176297627	1.0408310254056583	0.794659875856661
0.18644516718522297	0.45702987920832944	0.5323294788181425
0.4556522109346872	0.5353908314191589	0.4794258188652475
-0.008132990667775175	0.29900399005599543	0.29147064953217094
0.06748379222303313	0.7403322472598587	0.8673829880055343
0.5196417174860635	0.40738404786950416	0.34954382931762473
0.021424832270966476	1.0909711074289572	0.8102598876173304
-0.06914189526110448	0.4043633515431495	0.5314235831623807
-0.05623830624132964	0.3471144146072388	0.33932695186730555
0.25464024624053394	0.3737797094456867	0.326628605600156
0.02462124664557308	0.7092418216074917	0.5995814982770069
-0.09650152466234019	3.4888203815996697	2.6393767708104563
-0.1354205823875354	0.4368559524240837	0.7782842842161468
-0.04976765084094836	0.8119451140660414	0.7947245077458995
0.21467347365593525	0.6682481832123254	0.5563128755430249
0.03956926085368906	1.4527453034090936	1.2224030160302461
-0.20649767602529678	0.6720919843221868	0.455356648814669
0.17419741249735665	1.0119333497300032	0.7142877987358073
0.17711937591320392	0.1556864408375695	0.18713953636830016
-0.23528615462904412	1.0841390574229322	0.9526251816927
-0.0404135115950055	1.4388782154573536	1.7191329554793544
-1.4506963205896284	2.738227078073861	2.9651444665265663
0.12828632969021925	1.5883980512702711	1.3830232220535643
0.9725554066481124	1.1248613048029485	0.7629072985250271
-0.02109516360633279	0.7977409425161178	0.8073841509349833
0.13865972616553535	0.6835927938839447	0.8719584606815833
-1.5482789419472454	3.2135226953551155	3.1579397624932333
-0.195231312190991	3.4895598967180024	2.3426247281895005
0.11125442559736243	1.418099798795897	1.4166922234029284
0.9945356329457589	1.6555345227623737	1.0618861611993244
-0.3451427189572698	1.0252341031842687	1.2219307729788134
-0.2088889102338065	2.0004128096540277	1.6621340257337633
0.18638265442278978	1.1668722868650714	0.9430658994013157
0.022915413580282262	0.5648271554271768	0.5978403250023686
0.09692320719816294	0.7656062249875465	0.7907789062513311
0.44862876641733607	0.7619842970690475	0.7244538690303067
0.5753695103311252	0.9400411875936892	0.7824690437299293
0.19159494456246762	0.46013748897625334	0.4985828352841919
-0.7466199822132147	3.283163852545295	2.8511925790332797
0.32008346241356733	0.7106679577358688	0.6934102523467542
-0.025958434203232628	0.8994672888073132	0.9793686489734348
-0.1412670425154694	0.5579793838781573	0.7093854120013592
1.06270925742864	0.8758290702630728	0.521674999887487
0.3526760263146578	0.5339470078983636	0.4145889137170318
0.054855844623968864	0.3590040454615067	0.34589918864577485
-0.07728733853538117	0.44241165061882887	0.37991608828884266
0.14411474025610715	0.24938956023591805	0.3531358489761264
0.17226464262414254	0.6581352063345602	0.48060694933829323
0.10417395196569146	0.3636283884624989	0.36346456691259516
0.053840525667414596	0.9195885932736934	0.7218395941623101
-0.2874850251891381	0.5522514900544339	0.7987003588321955
0.033982261586640305	0.3531604490229411	0.3197649205792197
-0.20326592812418554	1.2533059115857454	1.2290143310101247
0.022027093413790055	0.5530684776899216	0.6857715161533895
0.3984522803333057	1.104245643213141	0.949770727468652
0.10723476868887971	0.5376590298689553	0.49846499744508077
0.36151733313154466	0.44580004152138225	0.48848166316505054
0.40450837727110667	0.5333940824236653	0.4818925629881303
0.2180164533806206	0.3090963552478674	0.45938768788853573
0.12025843208958165	0.5986011977368416	0.46232188134563706
0.5677915256172561	0.3355274279264691	0.4171469889356459
-0.12742326433832218	0.39831909784940694	0.48835919256788585
-0.1696266657701173	0.4619625732977745	0.42462101396452345
0.2429638849489102	0.6908901932233577	0.7306199899818265
0.166084365144048	0.2430943031493687	0.31002710412644924
-0.1770619160634368	0.44944478215836897	0.3422467142484419
0.12107843559991949	0.3999531069918339	0.3391552494123493
0.15221745378593	0.2988193537180849	0.26757828526428235
0.07426371777148333	0.19909235823904034	0.2058693330293234
0.07069470533318523	0.24257136774554322	0.2582613126399072
0.044500309113715275	0.7189228381418268	0.5599905535967616
0.48936595060871113	0.35220044418695756	0.2885156587807578
-0.3711849873886841	0.6383521822731236	0.4706971685265393
0.15346566589204969	0.44655429302254035	0.6027795954421142
-0.47283625465137646	2.906715855420652	2.206588437348192
0.1250586375276086	1.1552977036602403	0.9145422640265712
0.8048294048161431	1.2014155505048405	1.15016632904942
-0.32480853421708034	1.0319337606518513	1.0021840503866208
0.09440798545758966	0.3007381340587552	0.3194919089797799
0.16296443610466227	0.9941655388781584	0.9350910473980092
0.01821998504807354	2.0481113557115487	1.7926234393072118
0.3103921867515069	0.54953994720139	0.4163342365979551
0.1293678726407954	0.24104728103126682	0.2595216607512579
-0.06022212881919842	1.0607362510565292	0.743845534894541
0.18248497055761703	0.5862020690060313	0.5171918838695109
-0.37226731901531807	2.3456269599614985	2.8924863270300762
-0.08902410818754092	0.5746344510083792	0.5793503085193437
0.09676159087881331	0.5796741611890917	0.5456134933872916
-0.2354874281409458	1.2767487342323018	1.7617505369441353
-0.5439688043887614	3.2069319256524476	1.6842364232176619
0.8084664617398651	0.6557198290043527	0.5887828730214025
-0.26721209291347137	0.373625379715923	0.43543228817827206
0.13524434200009594	0.19871667941876994	0.4996292518427361
0.6554110116068657	0.5988474522725696	0.4139103337630914
-0.08275071531977929	0.28107916180978043	0.23006377971075972
0.2050193909411746	0.1298564870412032	0.12497171208244098
-0.035357961290127804	0.6208798046639451	0.49366668270924186
0.9857082508972326	1.3316620494278146	1.0798584600783994
-0.048350837658883705	1.5841652569279	1.2549413265966523
0.8040701744660872	3.448007045299192	2.421978672815624
-0.2049545242101658	12.153326780725502	9.288459015233771
-0.10377177203100274	2.2126935928573483	2.3825134359364175
-0.3640515818246648	1.5753934104495648	1.6535024180579363
