1.023739218711853	0.5044760704040527	1.0	1.0	1.0	1.0	1.0	1.0
0.9799270629882812	0.5282229781150818	1.0	1.0	1.0	1.0	1.0	1.0
0.9717557430267334	0.5328108072280884	1.0	1.0	1.0	1.0	1.0	1.0
0.9849456548690796	0.5076808333396912	1.0	1.0	1.0	1.0	1.0	1.0
1.0558173656463623	0.49985116720199585	1.0	1.0	1.0	1.0	1.0	1.0
0.9814090728759766	0.5311753153800964	1.0	1.0	1.0	1.0	1.0	1.0
0.9861907958984375	0.5365949869155884	1.0	1.0	1.0	1.0	1.0	1.0
0.9952069520950317	0.5038394331932068	1.0	1.0	1.0	1.0	1.0	1.0
0.985791802406311	0.5207834839820862	1.0	1.0	1.0	1.0	1.0	1.0
1.030661940574646	0.4905793070793152	1.0	1.0	1.0	1.0	1.0	1.0
0.982356071472168	0.5213044881820679	1.0	1.0	1.0	1.0	1.0	1.0
1.0284333229064941	0.4927788972854614	1.0	1.0	1.0	1.0	1.0	1.0
0.9901595115661621	0.5166453719139099	1.0	1.0	1.0	1.0	1.0	1.0
1.020747423171997	0.5237951874732971	1.0	1.0	1.0	1.0	1.0	1.0
0.9993326663970947	0.5096824765205383	1.0	1.0	1.0	1.0	1.0	1.0
1.0017154216766357	0.5096132755279541	1.0	1.0	1.0	1.0	1.0	1.0
1.0291988849639893	0.5061250329017639	1.0	1.0	1.0	1.0	1.0	1.0
0.9940367937088013	0.5058126449584961	1.0	1.0	1.0	1.0	1.0	1.0
1.075179934501648	0.48217612504959106	1.0	1.0	0.0	1.0	0.0	1.0
1.047867774963379	0.46960020065307617	1.0	1.0	1.0	1.0	1.0	1.0
1.074785590171814	0.47035855054855347	1.0	1.0	0.0	1.0	0.0	1.0
0.9746519327163696	0.5108431577682495	1.0	1.0	1.0	1.0	1.0	1.0
0.9545122385025024	0.5412336587905884	1.0	1.0	0.0	1.0	0.0	0.0
1.0264887809753418	0.4982165992259979	1.0	1.0	1.0	1.0	1.0	1.0
1.0129830837249756	0.5056716203689575	1.0	1.0	1.0	1.0	1.0	1.0
1.0656260251998901	0.4755513072013855	1.0	1.0	1.0	1.0	0.0	1.0
0.967558741569519	0.5657174587249756	1.0	1.0	1.0	0.0	1.0	0.0
1.0402135848999023	0.4879957437515259	1.0	1.0	1.0	1.0	1.0	1.0
1.0219590663909912	0.49132442474365234	1.0	1.0	1.0	1.0	1.0	1.0
1.0704233646392822	0.48082858324050903	1.0	1.0	1.0	1.0	0.0	1.0
1.0018484592437744	0.5155981779098511	1.0	1.0	1.0	1.0	1.0	1.0
0.9644861221313477	0.5351448059082031	1.0	1.0	1.0	1.0	1.0	1.0
1.0198701620101929	0.4881906509399414	1.0	1.0	1.0	1.0	1.0	1.0
1.0542325973510742	0.4787481427192688	1.0	1.0	1.0	1.0	1.0	1.0
1.0314364433288574	0.5003597736358643	1.0	1.0	1.0	1.0	1.0	1.0
1.0233399868011475	0.49705272912979126	1.0	1.0	1.0	1.0	1.0	1.0
1.0414135456085205	0.4916689097881317	1.0	1.0	1.0	1.0	1.0	1.0
1.0024610757827759	0.49819260835647583	1.0	1.0	1.0	1.0	1.0	1.0
1.0241862535476685	0.5013134479522705	1.0	1.0	1.0	1.0	1.0	1.0
1.0311199426651	0.49640095233917236	1.0	1.0	1.0	1.0	1.0	1.0
0.9468744993209839	0.5494722127914429	1.0	1.0	0.0	1.0	0.0	0.0
1.0174225568771362	0.4958726465702057	1.0	1.0	1.0	1.0	1.0	1.0
1.0068206787109375	0.5226608514785767	1.0	1.0	1.0	1.0	1.0	1.0
1.0183106660842896	0.49889135360717773	1.0	1.0	1.0	1.0	1.0	1.0
0.9955193996429443	0.5086444020271301	1.0	1.0	1.0	1.0	1.0	1.0
1.0383626222610474	0.48666897416114807	1.0	1.0	1.0	1.0	1.0	1.0
1.0378423929214478	0.4896259307861328	1.0	1.0	1.0	1.0	1.0	1.0
0.9860713481903076	0.5246340036392212	1.0	1.0	1.0	1.0	1.0	1.0
1.0504467487335205	0.46865779161453247	1.0	1.0	1.0	1.0	1.0	0.0
0.981991171836853	0.5269402861595154	1.0	1.0	1.0	1.0	1.0	1.0
1.0137343406677246	0.5077175498008728	1.0	1.0	1.0	1.0	1.0	1.0
1.0097553730010986	0.5155410766601562	1.0	1.0	1.0	1.0	1.0	1.0
0.9154715538024902	0.5756528377532959	0.0	0.0	0.0	0.0	0.0	0.0
0.9915496110916138	0.512661337852478	1.0	1.0	1.0	1.0	1.0	1.0
0.9937386512756348	0.5308429598808289	1.0	1.0	1.0	1.0	1.0	1.0
1.085524082183838	0.4449678659439087	1.0	0.0	0.0	0.0	0.0	0.0
0.9910526275634766	0.5178399085998535	1.0	1.0	1.0	1.0	1.0	1.0
1.0038204193115234	0.5094298720359802	1.0	1.0	1.0	1.0	1.0	1.0
1.0147850513458252	0.5184288024902344	1.0	1.0	1.0	1.0	1.0	1.0
1.0233170986175537	0.4962739646434784	1.0	1.0	1.0	1.0	1.0	1.0
1.027940273284912	0.49317413568496704	1.0	1.0	1.0	1.0	1.0	1.0
1.0037100315093994	0.4942697286605835	1.0	1.0	1.0	1.0	1.0	1.0
0.9850636720657349	0.5162881016731262	1.0	1.0	1.0	1.0	1.0	1.0
1.0307111740112305	0.48275065422058105	1.0	1.0	1.0	1.0	1.0	1.0
0.9940098524093628	0.525224506855011	1.0	1.0	1.0	1.0	1.0	1.0
0.9668587446212769	0.5181595087051392	1.0	1.0	1.0	1.0	1.0	1.0
0.9874557256698608	0.528316855430603	1.0	1.0	1.0	1.0	1.0	1.0
0.9858385324478149	0.5272247791290283	1.0	1.0	1.0	1.0	1.0	1.0
1.0623719692230225	0.46161437034606934	1.0	1.0	1.0	0.0	0.0	0.0
0.9975074529647827	0.517187774181366	1.0	1.0	1.0	1.0	1.0	1.0
0.9972152709960938	0.5194686651229858	1.0	1.0	1.0	1.0	1.0	1.0
0.994904637336731	0.5342026352882385	1.0	1.0	1.0	1.0	1.0	1.0
0.9966917037963867	0.5278857946395874	1.0	1.0	1.0	1.0	1.0	1.0
1.0181045532226562	0.49654215574264526	1.0	1.0	1.0	1.0	1.0	1.0
0.9912576675415039	0.49920719861984253	1.0	1.0	1.0	1.0	1.0	1.0
1.0277936458587646	0.4973223805427551	1.0	1.0	1.0	1.0	1.0	1.0
1.0746086835861206	0.47352874279022217	1.0	1.0	0.0	1.0	0.0	1.0
1.0227092504501343	0.5210149884223938	1.0	1.0	1.0	1.0	1.0	1.0
1.0412733554840088	0.4939263164997101	1.0	1.0	1.0	1.0	1.0	1.0
1.0152614116668701	0.4880375862121582	1.0	1.0	1.0	1.0	1.0	1.0
1.0235329866409302	0.5001153945922852	1.0	1.0	1.0	1.0	1.0	1.0
1.0335218906402588	0.4866890609264374	1.0	1.0	1.0	1.0	1.0	1.0
1.0266979932785034	0.5052546262741089	1.0	1.0	1.0	1.0	1.0	1.0
1.0603163242340088	0.4749023914337158	1.0	1.0	1.0	1.0	1.0	1.0
0.9628679752349854	0.5412896871566772	1.0	1.0	1.0	1.0	0.0	0.0
1.0653687715530396	0.48454198241233826	1.0	1.0	1.0	1.0	0.0	1.0
1.0167474746704102	0.5056844353675842	1.0	1.0	1.0	1.0	1.0	1.0
1.0019742250442505	0.5121476054191589	1.0	1.0	1.0	1.0	1.0	1.0
0.9885201454162598	0.5288535952568054	1.0	1.0	1.0	1.0	1.0	1.0
1.0017167329788208	0.518962025642395	1.0	1.0	1.0	1.0	1.0	1.0
1.02110755443573	0.5121523141860962	1.0	1.0	1.0	1.0	1.0	1.0
1.099762201309204	0.4591636061668396	0.0	1.0	0.0	0.0	0.0	0.0
1.001096487045288	0.5091421604156494	1.0	1.0	1.0	1.0	1.0	1.0
1.0178813934326172	0.48153477907180786	1.0	1.0	1.0	1.0	1.0	1.0
1.0761513710021973	0.4487796127796173	1.0	1.0	1.0	0.0	0.0	0.0
0.9916516542434692	0.5160472393035889	1.0	1.0	1.0	1.0	1.0	1.0
1.0340169668197632	0.49173521995544434	1.0	1.0	1.0	1.0	1.0	1.0
1.0168856382369995	0.5052042603492737	1.0	1.0	1.0	1.0	1.0	1.0
1.0037754774093628	0.5037051439285278	1.0	1.0	1.0	1.0	1.0	1.0
0.9724823236465454	0.5230534076690674	1.0	1.0	1.0	1.0	1.0	1.0
0.9511804580688477	0.5577722787857056	1.0	1.0	0.0	0.0	0.0	0.0
0.9908736944198608	0.5193296670913696	1.0	1.0	1.0	1.0	1.0	1.0
1.0104058980941772	0.5146338939666748	1.0	1.0	1.0	1.0	1.0	1.0
0.974078893661499	0.517164409160614	1.0	1.0	1.0	1.0	1.0	1.0
1.0143494606018066	0.5041343569755554	1.0	1.0	1.0	1.0	1.0	1.0
0.9964063167572021	0.5076215863227844	1.0	1.0	1.0	1.0	1.0	1.0
1.0472513437271118	0.4846843481063843	1.0	1.0	1.0	1.0	1.0	1.0
0.9969607591629028	0.5196001529693604	1.0	1.0	1.0	1.0	1.0	1.0
0.9358915090560913	0.521568775177002	0.0	1.0	0.0	1.0	0.0	1.0
1.0011754035949707	0.49829548597335815	1.0	1.0	1.0	1.0	1.0	1.0
1.0060161352157593	0.5187115669250488	1.0	1.0	1.0	1.0	1.0	1.0
1.0525985956192017	0.48740002512931824	1.0	1.0	1.0	1.0	1.0	1.0
1.0155348777770996	0.48788216710090637	1.0	1.0	1.0	1.0	1.0	1.0
1.0458568334579468	0.49083566665649414	1.0	1.0	1.0	1.0	1.0	1.0
1.0303982496261597	0.4999330937862396	1.0	1.0	1.0	1.0	1.0	1.0
1.0109447240829468	0.49675971269607544	1.0	1.0	1.0	1.0	1.0	1.0
1.0538880825042725	0.47091421484947205	1.0	1.0	1.0	1.0	1.0	0.0
0.999619722366333	0.5064084529876709	1.0	1.0	1.0	1.0	1.0	1.0
0.9800922870635986	0.5329306125640869	1.0	1.0	1.0	1.0	1.0	1.0
1.0685758590698242	0.46801984310150146	1.0	1.0	1.0	1.0	0.0	1.0
1.0146644115447998	0.5022817254066467	1.0	1.0	1.0	1.0	1.0	1.0
0.9913870096206665	0.5223507881164551	1.0	1.0	1.0	1.0	1.0	1.0
1.0402429103851318	0.48120245337486267	1.0	1.0	1.0	1.0	1.0	1.0
0.9713255167007446	0.5470739006996155	1.0	1.0	1.0	1.0	1.0	0.0
1.0502132177352905	0.47793370485305786	1.0	1.0	1.0	1.0	1.0	1.0
1.008467197418213	0.5266357660293579	1.0	1.0	1.0	1.0	1.0	1.0
0.9896025657653809	0.518229603767395	1.0	1.0	1.0	1.0	1.0	1.0
1.0010162591934204	0.49882733821868896	1.0	1.0	1.0	1.0	1.0	1.0
0.9823708534240723	0.5219870805740356	1.0	1.0	1.0	1.0	1.0	1.0
1.0270953178405762	0.5086342096328735	1.0	1.0	1.0	1.0	1.0	1.0
0.9951896667480469	0.5134069919586182	1.0	1.0	1.0	1.0	1.0	1.0
0.9989677667617798	0.5068383812904358	1.0	1.0	1.0	1.0	1.0	1.0
1.0768505334854126	0.45351552963256836	1.0	1.0	0.0	0.0	0.0	0.0
1.0216093063354492	0.4876422882080078	1.0	1.0	1.0	1.0	1.0	1.0
1.0037596225738525	0.5253402590751648	1.0	1.0	1.0	1.0	1.0	1.0
0.9999032020568848	0.5160655975341797	1.0	1.0	1.0	1.0	1.0	1.0
1.0054957866668701	0.5185697078704834	1.0	1.0	1.0	1.0	1.0	1.0
1.0205234289169312	0.49558699131011963	1.0	1.0	1.0	1.0	1.0	1.0
1.0206316709518433	0.5094696879386902	1.0	1.0	1.0	1.0	1.0	1.0
1.0370599031448364	0.4932400584220886	1.0	1.0	1.0	1.0	1.0	1.0
1.0347009897232056	0.49889320135116577	1.0	1.0	1.0	1.0	1.0	1.0
1.04741370677948	0.4848100244998932	1.0	1.0	1.0	1.0	1.0	1.0
1.0120047330856323	0.5069097876548767	1.0	1.0	1.0	1.0	1.0	1.0
1.009034514427185	0.5019642114639282	1.0	1.0	1.0	1.0	1.0	1.0
1.0301382541656494	0.4788537621498108	1.0	1.0	1.0	1.0	1.0	1.0
1.0088489055633545	0.5104312896728516	1.0	1.0	1.0	1.0	1.0	1.0
1.0123182535171509	0.5361274480819702	1.0	1.0	1.0	1.0	1.0	1.0
1.0205448865890503	0.4893387258052826	1.0	1.0	1.0	1.0	1.0	1.0
1.0461721420288086	0.4827165901660919	1.0	1.0	1.0	1.0	1.0	1.0
1.0323318243026733	0.48885399103164673	1.0	1.0	1.0	1.0	1.0	1.0
0.9644770622253418	0.5478854179382324	1.0	1.0	1.0	1.0	0.0	0.0
0.9715893268585205	0.5302338600158691	1.0	1.0	1.0	1.0	1.0	1.0
0.9994041919708252	0.5176771283149719	1.0	1.0	1.0	1.0	1.0	1.0
0.9685829877853394	0.5064650774002075	1.0	1.0	1.0	1.0	1.0	1.0
1.033473014831543	0.4862326681613922	1.0	1.0	1.0	1.0	1.0	1.0
0.9935073852539062	0.4998275637626648	1.0	1.0	1.0	1.0	1.0	1.0
1.0719289779663086	0.43766242265701294	1.0	0.0	0.0	0.0	0.0	0.0
1.0381017923355103	0.4956820011138916	1.0	1.0	1.0	1.0	1.0	1.0
0.9832466840744019	0.548872172832489	1.0	1.0	1.0	0.0	1.0	0.0
1.0191956758499146	0.48782774806022644	1.0	1.0	1.0	1.0	1.0	1.0
1.0061190128326416	0.5010877847671509	1.0	1.0	1.0	1.0	1.0	1.0
1.0868419408798218	0.45516616106033325	1.0	1.0	0.0	0.0	0.0	0.0
0.9864044189453125	0.5362704992294312	1.0	1.0	1.0	1.0	1.0	1.0
1.0479259490966797	0.4813539385795593	1.0	1.0	1.0	1.0	1.0	1.0
0.9774197340011597	0.5425204634666443	1.0	1.0	1.0	1.0	1.0	0.0
1.0258315801620483	0.48991745710372925	1.0	1.0	1.0	1.0	1.0	1.0
1.0204808712005615	0.5154750943183899	1.0	1.0	1.0	1.0	1.0	1.0
1.0113346576690674	0.504951000213623	1.0	1.0	1.0	1.0	1.0	1.0
0.9822334051132202	0.5170689821243286	1.0	1.0	1.0	1.0	1.0	1.0
1.0464444160461426	0.4722287654876709	1.0	1.0	1.0	1.0	1.0	1.0
0.9764982461929321	0.5432019233703613	1.0	1.0	1.0	1.0	1.0	1.0
1.0022703409194946	0.5180044174194336	1.0	1.0	1.0	1.0	1.0	1.0
1.0314632654190063	0.4714891016483307	1.0	1.0	1.0	1.0	1.0	1.0
1.0271254777908325	0.501002311706543	1.0	1.0	1.0	1.0	1.0	1.0
0.9938929080963135	0.509553074836731	1.0	1.0	1.0	1.0	1.0	1.0
1.0408861637115479	0.48654451966285706	1.0	1.0	1.0	1.0	1.0	1.0
1.0166767835617065	0.5008131861686707	1.0	1.0	1.0	1.0	1.0	1.0
0.9914675951004028	0.5189001560211182	1.0	1.0	1.0	1.0	1.0	1.0
1.0383806228637695	0.4817233681678772	1.0	1.0	1.0	1.0	1.0	1.0
0.9560155868530273	0.5723394155502319	1.0	0.0	1.0	0.0	0.0	0.0
1.0523265600204468	0.4795813262462616	1.0	1.0	1.0	1.0	1.0	1.0
1.0596060752868652	0.47693103551864624	1.0	1.0	1.0	1.0	1.0	1.0
1.0761600732803345	0.46761518716812134	1.0	1.0	1.0	1.0	0.0	1.0
1.0039775371551514	0.5024787187576294	1.0	1.0	1.0	1.0	1.0	1.0
1.0052343606948853	0.5021620988845825	1.0	1.0	1.0	1.0	1.0	1.0
1.011236310005188	0.4928073287010193	1.0	1.0	1.0	1.0	1.0	1.0
1.0606127977371216	0.4767511487007141	1.0	1.0	1.0	1.0	1.0	1.0
0.9804385900497437	0.5283151865005493	1.0	1.0	1.0	1.0	1.0	1.0
1.0160496234893799	0.49820592999458313	1.0	1.0	1.0	1.0	1.0	1.0
0.9989862442016602	0.5246546864509583	1.0	1.0	1.0	1.0	1.0	1.0
1.0290147066116333	0.49689289927482605	1.0	1.0	1.0	1.0	1.0	1.0
1.0121161937713623	0.5121562480926514	1.0	1.0	1.0	1.0	1.0	1.0
1.0298634767532349	0.48584574460983276	1.0	1.0	1.0	1.0	1.0	1.0
1.011655330657959	0.4946761727333069	1.0	1.0	1.0	1.0	1.0	1.0
1.0265024900436401	0.5031372904777527	1.0	1.0	1.0	1.0	1.0	1.0
1.062269687652588	0.4711669087409973	1.0	1.0	1.0	1.0	1.0	1.0
0.9938344955444336	0.5228241682052612	1.0	1.0	1.0	1.0	1.0	1.0
1.0411593914031982	0.48732590675354004	1.0	1.0	1.0	1.0	1.0	1.0
0.9926741123199463	0.5191023945808411	1.0	1.0	1.0	1.0	1.0	1.0
0.9998961687088013	0.5271930694580078	1.0	1.0	1.0	1.0	1.0	1.0
0.9999723434448242	0.5146195292472839	1.0	1.0	1.0	1.0	1.0	1.0
1.034172534942627	0.4887825846672058	1.0	1.0	1.0	1.0	1.0	1.0
0.9569060802459717	0.5376735925674438	1.0	1.0	1.0	1.0	0.0	1.0
0.9740159511566162	0.5441641807556152	1.0	1.0	1.0	1.0	1.0	0.0
0.9938228130340576	0.5148810148239136	1.0	1.0	1.0	1.0	1.0	1.0
0.9752434492111206	0.5313836336135864	1.0	1.0	1.0	1.0	1.0	1.0
0.981653094291687	0.5246251821517944	1.0	1.0	1.0	1.0	1.0	1.0
1.0315279960632324	0.49707067012786865	1.0	1.0	1.0	1.0	1.0	1.0
0.9859410524368286	0.5324957370758057	1.0	1.0	1.0	1.0	1.0	1.0
0.9567462205886841	0.5510186553001404	1.0	1.0	1.0	0.0	0.0	0.0
1.0162898302078247	0.5061417818069458	1.0	1.0	1.0	1.0	1.0	1.0
1.0125800371170044	0.5024607181549072	1.0	1.0	1.0	1.0	1.0	1.0
1.0326050519943237	0.4922395348548889	1.0	1.0	1.0	1.0	1.0	1.0
1.0496084690093994	0.4811949133872986	1.0	1.0	1.0	1.0	1.0	1.0
0.9999350309371948	0.5149321556091309	1.0	1.0	1.0	1.0	1.0	1.0
0.9703086614608765	0.5221373438835144	1.0	1.0	1.0	1.0	1.0	1.0
1.021405816078186	0.5073429942131042	1.0	1.0	1.0	1.0	1.0	1.0
1.0038453340530396	0.5019087791442871	1.0	1.0	1.0	1.0	1.0	1.0
1.0592292547225952	0.4775737524032593	1.0	1.0	1.0	1.0	1.0	1.0
0.9855141639709473	0.5102867484092712	1.0	1.0	1.0	1.0	1.0	1.0
0.9930806159973145	0.5171294212341309	1.0	1.0	1.0	1.0	1.0	1.0
0.9820479154586792	0.5298914909362793	1.0	1.0	1.0	1.0	1.0	1.0
1.0153441429138184	0.5124070644378662	1.0	1.0	1.0	1.0	1.0	1.0
0.9976551532745361	0.5364806652069092	1.0	1.0	1.0	1.0	1.0	1.0
1.0266724824905396	0.4900921583175659	1.0	1.0	1.0	1.0	1.0	1.0
1.0423351526260376	0.47658056020736694	1.0	1.0	1.0	1.0	1.0	1.0
0.9914114475250244	0.5248271822929382	1.0	1.0	1.0	1.0	1.0	1.0
1.0237427949905396	0.49933332204818726	1.0	1.0	1.0	1.0	1.0	1.0
0.9821594953536987	0.525018572807312	1.0	1.0	1.0	1.0	1.0	1.0
1.0187180042266846	0.5091103315353394	1.0	1.0	1.0	1.0	1.0	1.0
1.0081324577331543	0.49539268016815186	1.0	1.0	1.0	1.0	1.0	1.0
1.0495705604553223	0.4878547191619873	1.0	1.0	1.0	1.0	1.0	1.0
1.0219480991363525	0.47983381152153015	1.0	1.0	1.0	1.0	1.0	1.0
1.0016937255859375	0.5177031755447388	1.0	1.0	1.0	1.0	1.0	1.0
0.9772734642028809	0.5195664763450623	1.0	1.0	1.0	1.0	1.0	1.0
1.0164722204208374	0.492338627576828	1.0	1.0	1.0	1.0	1.0	1.0
0.9571999311447144	0.5341136455535889	1.0	1.0	1.0	1.0	0.0	1.0
1.0009957551956177	0.5086175799369812	1.0	1.0	1.0	1.0	1.0	1.0
1.0066921710968018	0.49913543462753296	1.0	1.0	1.0	1.0	1.0	1.0
0.9244434833526611	0.5655471086502075	0.0	0.0	0.0	0.0	0.0	0.0
0.9988113641738892	0.49909669160842896	1.0	1.0	1.0	1.0	1.0	1.0
1.1036158800125122	0.44049254059791565	0.0	0.0	0.0	0.0	0.0	0.0
1.050439715385437	0.48300015926361084	1.0	1.0	1.0	1.0	1.0	1.0
1.010317087173462	0.5131837725639343	1.0	1.0	1.0	1.0	1.0	1.0
0.9937883615493774	0.49857866764068604	1.0	1.0	1.0	1.0	1.0	1.0
1.0222848653793335	0.4999884366989136	1.0	1.0	1.0	1.0	1.0	1.0
1.022001028060913	0.49569255113601685	1.0	1.0	1.0	1.0	1.0	1.0
1.0316652059555054	0.48218613862991333	1.0	1.0	1.0	1.0	1.0	1.0
1.039121150970459	0.47300490736961365	1.0	1.0	1.0	1.0	1.0	1.0
1.0784404277801514	0.4667236804962158	1.0	1.0	0.0	1.0	0.0	0.0
1.000861644744873	0.517406702041626	1.0	1.0	1.0	1.0	1.0	1.0
1.009369134902954	0.5120127201080322	1.0	1.0	1.0	1.0	1.0	1.0
0.9727509021759033	0.5645191669464111	1.0	0.0	1.0	0.0	1.0	0.0
1.016760230064392	0.5247882604598999	1.0	1.0	1.0	1.0	1.0	1.0
1.023536205291748	0.4887813329696655	1.0	1.0	1.0	1.0	1.0	1.0
1.026739239692688	0.48430174589157104	1.0	1.0	1.0	1.0	1.0	1.0
0.9945584535598755	0.5252937078475952	1.0	1.0	1.0	1.0	1.0	1.0
1.0218117237091064	0.49973249435424805	1.0	1.0	1.0	1.0	1.0	1.0
1.0090817213058472	0.5335738658905029	1.0	1.0	1.0	1.0	1.0	1.0
0.9990252256393433	0.5315490365028381	1.0	1.0	1.0	1.0	1.0	1.0
1.0474954843521118	0.4734041690826416	1.0	1.0	1.0	1.0	1.0	1.0
0.9887077808380127	0.5338969230651855	1.0	1.0	1.0	1.0	1.0	1.0
1.0403109788894653	0.48091012239456177	1.0	1.0	1.0	1.0	1.0	1.0
1.0198084115982056	0.5001696348190308	1.0	1.0	1.0	1.0	1.0	1.0
1.006126880645752	0.5201271176338196	1.0	1.0	1.0	1.0	1.0	1.0
0.974311351776123	0.5268344879150391	1.0	1.0	1.0	1.0	1.0	1.0
1.0421903133392334	0.4979037642478943	1.0	1.0	1.0	1.0	1.0	1.0
1.0188807249069214	0.48876792192459106	1.0	1.0	1.0	1.0	1.0	1.0
1.0386778116226196	0.4747394919395447	1.0	1.0	1.0	1.0	1.0	1.0
1.0362958908081055	0.4796161651611328	1.0	1.0	1.0	1.0	1.0	1.0
0.9969339370727539	0.538949191570282	1.0	1.0	1.0	1.0	1.0	1.0
1.0245362520217896	0.49723565578460693	1.0	1.0	1.0	1.0	1.0	1.0
1.0089367628097534	0.4929247200489044	1.0	1.0	1.0	1.0	1.0	1.0
0.9719487428665161	0.522173285484314	1.0	1.0	1.0	1.0	1.0	1.0
0.9803957939147949	0.5118734836578369	1.0	1.0	1.0	1.0	1.0	1.0
1.0001860857009888	0.511446475982666	1.0	1.0	1.0	1.0	1.0	1.0
0.9889942407608032	0.5256720185279846	1.0	1.0	1.0	1.0	1.0	1.0
1.0071113109588623	0.4982788562774658	1.0	1.0	1.0	1.0	1.0	1.0
1.0497080087661743	0.4863724708557129	1.0	1.0	1.0	1.0	1.0	1.0
1.0315266847610474	0.4931708872318268	1.0	1.0	1.0	1.0	1.0	1.0
1.0368839502334595	0.47585341334342957	1.0	1.0	1.0	1.0	1.0	1.0
1.0170542001724243	0.5007168650627136	1.0	1.0	1.0	1.0	1.0	1.0
1.0650544166564941	0.47921234369277954	1.0	1.0	1.0	1.0	0.0	1.0
1.0253220796585083	0.5044130086898804	1.0	1.0	1.0	1.0	1.0	1.0
0.9971392154693604	0.5262361764907837	1.0	1.0	1.0	1.0	1.0	1.0
1.0287284851074219	0.48656514286994934	1.0	1.0	1.0	1.0	1.0	1.0
1.023061990737915	0.4830004572868347	1.0	1.0	1.0	1.0	1.0	1.0
0.9867092370986938	0.5190766453742981	1.0	1.0	1.0	1.0	1.0	1.0
0.9778833389282227	0.5332651138305664	1.0	1.0	1.0	1.0	1.0	1.0
1.0584756135940552	0.47528332471847534	1.0	1.0	1.0	1.0	1.0	1.0
1.0494760274887085	0.4671734571456909	1.0	1.0	1.0	1.0	1.0	0.0
1.00457763671875	0.5186114311218262	1.0	1.0	1.0	1.0	1.0	1.0
1.0190479755401611	0.5109446048736572	1.0	1.0	1.0	1.0	1.0	1.0
1.0541869401931763	0.47812318801879883	1.0	1.0	1.0	1.0	1.0	1.0
1.0198254585266113	0.5001721382141113	1.0	1.0	1.0	1.0	1.0	1.0
0.9859895706176758	0.5062167048454285	1.0	1.0	1.0	1.0	1.0	1.0
1.0099079608917236	0.5113679766654968	1.0	1.0	1.0	1.0	1.0	1.0
1.0231765508651733	0.5001391768455505	1.0	1.0	1.0	1.0	1.0	1.0
0.9843487739562988	0.523829996585846	1.0	1.0	1.0	1.0	1.0	1.0
0.9840130805969238	0.5319867134094238	1.0	1.0	1.0	1.0	1.0	1.0
1.0316638946533203	0.5043542385101318	1.0	1.0	1.0	1.0	1.0	1.0
0.9931507110595703	0.5162807703018188	1.0	1.0	1.0	1.0	1.0	1.0
1.026128888130188	0.49926239252090454	1.0	1.0	1.0	1.0	1.0	1.0
0.975649356842041	0.5132573843002319	1.0	1.0	1.0	1.0	1.0	1.0
0.9379113912582397	0.5404708981513977	0.0	1.0	0.0	1.0	0.0	1.0
0.9720859527587891	0.5278623700141907	1.0	1.0	1.0	1.0	1.0	1.0
0.9848651885986328	0.5085684061050415	1.0	1.0	1.0	1.0	1.0	1.0
1.005331039428711	0.48923227190971375	1.0	1.0	1.0	1.0	1.0	1.0
1.0211644172668457	0.5130338668823242	1.0	1.0	1.0	1.0	1.0	1.0
1.0372493267059326	0.48855042457580566	1.0	1.0	1.0	1.0	1.0	1.0
1.0208983421325684	0.5014175772666931	1.0	1.0	1.0	1.0	1.0	1.0
1.0373809337615967	0.502714216709137	1.0	1.0	1.0	1.0	1.0	1.0
1.0045154094696045	0.5217311382293701	1.0	1.0	1.0	1.0	1.0	1.0
1.0384066104888916	0.477056622505188	1.0	1.0	1.0	1.0	1.0	1.0
0.9961757659912109	0.5157400369644165	1.0	1.0	1.0	1.0	1.0	1.0
1.0149908065795898	0.4907552897930145	1.0	1.0	1.0	1.0	1.0	1.0
0.9929987192153931	0.5104482173919678	1.0	1.0	1.0	1.0	1.0	1.0
1.001987099647522	0.5083750486373901	1.0	1.0	1.0	1.0	1.0	1.0
1.0273890495300293	0.4908207952976227	1.0	1.0	1.0	1.0	1.0	1.0
1.015928864479065	0.522362470626831	1.0	1.0	1.0	1.0	1.0	1.0
0.9787262678146362	0.5420181155204773	1.0	1.0	1.0	1.0	1.0	0.0
0.9740824699401855	0.5342684984207153	1.0	1.0	1.0	1.0	1.0	1.0
1.0155812501907349	0.499040812253952	1.0	1.0	1.0	1.0	1.0	1.0
1.0658636093139648	0.4969135522842407	1.0	1.0	1.0	1.0	0.0	1.0
1.0334645509719849	0.4935779869556427	1.0	1.0	1.0	1.0	1.0	1.0
1.0793696641921997	0.46260690689086914	1.0	1.0	0.0	1.0	0.0	0.0
1.027498483657837	0.50517737865448	1.0	1.0	1.0	1.0	1.0	1.0
1.0002976655960083	0.49725550413131714	1.0	1.0	1.0	1.0	1.0	1.0
1.039448857307434	0.49995899200439453	1.0	1.0	1.0	1.0	1.0	1.0
1.0330950021743774	0.48930343985557556	1.0	1.0	1.0	1.0	1.0	1.0
1.0143316984176636	0.4991700053215027	1.0	1.0	1.0	1.0	1.0	1.0
1.036319375038147	0.4814431667327881	1.0	1.0	1.0	1.0	1.0	1.0
1.0273712873458862	0.4847252368927002	1.0	1.0	1.0	1.0	1.0	1.0
1.0310475826263428	0.500618577003479	1.0	1.0	1.0	1.0	1.0	1.0
1.0374397039413452	0.48911020159721375	1.0	1.0	1.0	1.0	1.0	1.0
1.0086994171142578	0.5138903260231018	1.0	1.0	1.0	1.0	1.0	1.0
1.0312745571136475	0.5041095018386841	1.0	1.0	1.0	1.0	1.0	1.0
1.0508759021759033	0.48275402188301086	1.0	1.0	1.0	1.0	1.0	1.0
1.0170491933822632	0.48721012473106384	1.0	1.0	1.0	1.0	1.0	1.0
1.0171761512756348	0.49141329526901245	1.0	1.0	1.0	1.0	1.0	1.0
1.0073623657226562	0.521518349647522	1.0	1.0	1.0	1.0	1.0	1.0
1.0158963203430176	0.5220514535903931	1.0	1.0	1.0	1.0	1.0	1.0
1.0095487833023071	0.5078561902046204	1.0	1.0	1.0	1.0	1.0	1.0
1.0347036123275757	0.47752469778060913	1.0	1.0	1.0	1.0	1.0	1.0
0.999714732170105	0.5051358938217163	1.0	1.0	1.0	1.0	1.0	1.0
1.0399518013000488	0.4918792247772217	1.0	1.0	1.0	1.0	1.0	1.0
0.9965305328369141	0.5122391581535339	1.0	1.0	1.0	1.0	1.0	1.0
0.9874815940856934	0.5216703414916992	1.0	1.0	1.0	1.0	1.0	1.0
1.014670491218567	0.5059852004051208	1.0	1.0	1.0	1.0	1.0	1.0
1.0027354955673218	0.4897584021091461	1.0	1.0	1.0	1.0	1.0	1.0
1.0557920932769775	0.47335147857666016	1.0	1.0	1.0	1.0	1.0	1.0
1.0127761363983154	0.4819459617137909	1.0	1.0	1.0	1.0	1.0	1.0
0.9711606502532959	0.5367401838302612	1.0	1.0	1.0	1.0	1.0	1.0
1.027812123298645	0.49977976083755493	1.0	1.0	1.0	1.0	1.0	1.0
1.0155465602874756	0.506795346736908	1.0	1.0	1.0	1.0	1.0	1.0
0.9677212238311768	0.5051183700561523	1.0	1.0	1.0	1.0	1.0	1.0
1.0613847970962524	0.4721584916114807	1.0	1.0	1.0	1.0	0.0	1.0
0.9998695850372314	0.5318019390106201	1.0	1.0	1.0	1.0	1.0	1.0
0.9941569566726685	0.47167256474494934	1.0	1.0	1.0	1.0	1.0	0.0
1.0698312520980835	0.4511210322380066	1.0	1.0	1.0	0.0	0.0	0.0
1.0738073587417603	0.46237221360206604	1.0	1.0	0.0	0.0	0.0	0.0
1.0039286613464355	0.5208239555358887	1.0	1.0	1.0	1.0	1.0	1.0
1.0285474061965942	0.4990370273590088	1.0	1.0	1.0	1.0	1.0	1.0
0.9800012111663818	0.5397294163703918	1.0	1.0	1.0	1.0	1.0	1.0
1.0169404745101929	0.5087491869926453	1.0	1.0	1.0	1.0	1.0	1.0
1.026795506477356	0.49495428800582886	1.0	1.0	1.0	1.0	1.0	1.0
0.9771595001220703	0.5312100648880005	1.0	1.0	1.0	1.0	1.0	1.0
1.0186760425567627	0.49651384353637695	1.0	1.0	1.0	1.0	1.0	1.0
0.9811619520187378	0.5247653126716614	1.0	1.0	1.0	1.0	1.0	1.0
0.9961426258087158	0.5214604139328003	1.0	1.0	1.0	1.0	1.0	1.0
1.0083911418914795	0.5067925453186035	1.0	1.0	1.0	1.0	1.0	1.0
1.0095220804214478	0.5110392570495605	1.0	1.0	1.0	1.0	1.0	1.0
0.9750853776931763	0.5188255310058594	1.0	1.0	1.0	1.0	1.0	1.0
1.0481765270233154	0.474150687456131	1.0	1.0	1.0	1.0	1.0	1.0
0.9912147521972656	0.5121296644210815	1.0	1.0	1.0	1.0	1.0	1.0
1.0004459619522095	0.518022358417511	1.0	1.0	1.0	1.0	1.0	1.0
1.070266842842102	0.47978341579437256	1.0	1.0	1.0	1.0	0.0	1.0
1.0598211288452148	0.47065746784210205	1.0	1.0	1.0	1.0	1.0	1.0
0.9987955093383789	0.5080899000167847	1.0	1.0	1.0	1.0	1.0	1.0
1.0783635377883911	0.44907432794570923	1.0	1.0	0.0	0.0	0.0	0.0
1.0341150760650635	0.5036091208457947	1.0	1.0	1.0	1.0	1.0	1.0
1.0542711019515991	0.47246843576431274	1.0	1.0	1.0	1.0	1.0	1.0
1.05987548828125	0.46596479415893555	1.0	1.0	1.0	1.0	1.0	0.0
1.008396029472351	0.4986202120780945	1.0	1.0	1.0	1.0	1.0	1.0
1.0072791576385498	0.5123608708381653	1.0	1.0	1.0	1.0	1.0	1.0
1.0457305908203125	0.49035942554473877	1.0	1.0	1.0	1.0	1.0	1.0
1.0219935178756714	0.4964040219783783	1.0	1.0	1.0	1.0	1.0	1.0
1.0188496112823486	0.5016549229621887	1.0	1.0	1.0	1.0	1.0	1.0
1.013450264930725	0.5099839568138123	1.0	1.0	1.0	1.0	1.0	1.0
1.0685596466064453	0.47089052200317383	1.0	1.0	0.0	1.0	0.0	1.0
0.9905970096588135	0.5325118899345398	1.0	1.0	1.0	1.0	1.0	1.0
1.0109318494796753	0.4949963092803955	1.0	1.0	1.0	1.0	1.0	1.0
1.0198841094970703	0.4909951090812683	1.0	1.0	1.0	1.0	1.0	1.0
1.0152658224105835	0.5003434419631958	1.0	1.0	1.0	1.0	1.0	1.0
0.9861189126968384	0.5276166796684265	1.0	1.0	1.0	1.0	1.0	1.0
1.0338870286941528	0.4667288064956665	1.0	1.0	1.0	0.0	1.0	0.0
1.074093222618103	0.4609905481338501	1.0	1.0	0.0	1.0	0.0	0.0
0.9797931909561157	0.5195703506469727	1.0	1.0	1.0	1.0	1.0	1.0
1.0530391931533813	0.48809710144996643	1.0	1.0	1.0	1.0	1.0	1.0
0.9958182573318481	0.5218948721885681	1.0	1.0	1.0	1.0	1.0	1.0
1.008357286453247	0.5170719027519226	1.0	1.0	1.0	1.0	1.0	1.0
1.0284180641174316	0.5002694725990295	1.0	1.0	1.0	1.0	1.0	1.0
0.9983558654785156	0.5133122205734253	1.0	1.0	1.0	1.0	1.0	1.0
1.0626071691513062	0.48729342222213745	1.0	1.0	1.0	1.0	1.0	1.0
1.0442495346069336	0.4628971815109253	1.0	1.0	1.0	1.0	1.0	0.0
0.9588280916213989	0.5406359434127808	1.0	1.0	1.0	1.0	0.0	0.0
0.9215197563171387	0.600869357585907	0.0	0.0	0.0	0.0	0.0	0.0
1.0447529554367065	0.47848862409591675	1.0	1.0	1.0	1.0	1.0	1.0
1.045215368270874	0.4632943570613861	1.0	1.0	1.0	1.0	1.0	0.0
1.0205737352371216	0.49313774704933167	1.0	1.0	1.0	1.0	1.0	1.0
0.9756776094436646	0.5370649695396423	1.0	1.0	1.0	1.0	1.0	1.0
1.0360827445983887	0.48171719908714294	1.0	1.0	1.0	1.0	1.0	1.0
0.9796617031097412	0.507932186126709	1.0	1.0	1.0	1.0	1.0	1.0
1.0202717781066895	0.5087865591049194	1.0	1.0	1.0	1.0	1.0	1.0
1.021319031715393	0.5014100670814514	1.0	1.0	1.0	1.0	1.0	1.0
1.0220009088516235	0.5066176652908325	1.0	1.0	1.0	1.0	1.0	1.0
1.0089411735534668	0.5086507797241211	1.0	1.0	1.0	1.0	1.0	1.0
1.0162492990493774	0.4950849115848541	1.0	1.0	1.0	1.0	1.0	1.0
0.9997117519378662	0.5262665748596191	1.0	1.0	1.0	1.0	1.0	1.0
1.0297141075134277	0.49234968423843384	1.0	1.0	1.0	1.0	1.0	1.0
1.026710867881775	0.4855869710445404	1.0	1.0	1.0	1.0	1.0	1.0
1.010190725326538	0.5079671144485474	1.0	1.0	1.0	1.0	1.0	1.0
1.022721290588379	0.49214717745780945	1.0	1.0	1.0	1.0	1.0	1.0
0.993963360786438	0.5279129147529602	1.0	1.0	1.0	1.0	1.0	1.0
0.953774094581604	0.5444592237472534	1.0	1.0	1.0	1.0	0.0	0.0
1.0383975505828857	0.48274970054626465	1.0	1.0	1.0	1.0	1.0	1.0
0.998207688331604	0.5135830044746399	1.0	1.0	1.0	1.0	1.0	1.0
1.0386016368865967	0.49053293466567993	1.0	1.0	1.0	1.0	1.0	1.0
0.973950982093811	0.5278095006942749	1.0	1.0	1.0	1.0	1.0	1.0
0.9941422939300537	0.5234746932983398	1.0	1.0	1.0	1.0	1.0	1.0
0.9990106821060181	0.5241020917892456	1.0	1.0	1.0	1.0	1.0	1.0
1.021565556526184	0.4926997423171997	1.0	1.0	1.0	1.0	1.0	1.0
0.974816083908081	0.5296515226364136	1.0	1.0	1.0	1.0	1.0	1.0
1.0437934398651123	0.4921964406967163	1.0	1.0	1.0	1.0	1.0	1.0
1.0290855169296265	0.49390190839767456	1.0	1.0	1.0	1.0	1.0	1.0
1.0383679866790771	0.48154646158218384	1.0	1.0	1.0	1.0	1.0	1.0
1.0180174112319946	0.5135369300842285	1.0	1.0	1.0	1.0	1.0	1.0
0.9768108129501343	0.5265289545059204	1.0	1.0	1.0	1.0	1.0	1.0
0.966006875038147	0.5522603988647461	1.0	1.0	1.0	1.0	1.0	0.0
0.9990980625152588	0.5040748715400696	1.0	1.0	1.0	1.0	1.0	1.0
1.02353835105896	0.5038930177688599	1.0	1.0	1.0	1.0	1.0	1.0
0.9803464412689209	0.5356988310813904	1.0	1.0	1.0	1.0	1.0	1.0
0.9827982187271118	0.5299738049507141	1.0	1.0	1.0	1.0	1.0	1.0
0.9686106443405151	0.5088390707969666	1.0	1.0	1.0	1.0	1.0	1.0
1.0688025951385498	0.47859591245651245	1.0	1.0	1.0	1.0	0.0	1.0
0.9993716478347778	0.5135287642478943	1.0	1.0	1.0	1.0	1.0	1.0
0.9658654928207397	0.5355646014213562	1.0	1.0	1.0	1.0	1.0	1.0
0.9986647367477417	0.5099630355834961	1.0	1.0	1.0	1.0	1.0	1.0
0.9917945861816406	0.5288081765174866	1.0	1.0	1.0	1.0	1.0	1.0
1.0074715614318848	0.5131123661994934	1.0	1.0	1.0	1.0	1.0	1.0
1.0067099332809448	0.5110319256782532	1.0	1.0	1.0	1.0	1.0	1.0
0.9822736978530884	0.5271593928337097	1.0	1.0	1.0	1.0	1.0	1.0
1.0109150409698486	0.5095134377479553	1.0	1.0	1.0	1.0	1.0	1.0
0.9908814430236816	0.5076406002044678	1.0	1.0	1.0	1.0	1.0	1.0
1.02096426486969	0.5098472833633423	1.0	1.0	1.0	1.0	1.0	1.0
1.0494496822357178	0.48044538497924805	1.0	1.0	1.0	1.0	1.0	1.0
0.9951997995376587	0.5112342834472656	1.0	1.0	1.0	1.0	1.0	1.0
1.072515845298767	0.45989662408828735	1.0	1.0	1.0	0.0	0.0	0.0
0.9978718757629395	0.5160790681838989	1.0	1.0	1.0	1.0	1.0	1.0
1.0643211603164673	0.48052144050598145	1.0	1.0	1.0	1.0	1.0	1.0
1.0066182613372803	0.5200892686843872	1.0	1.0	1.0	1.0	1.0	1.0
1.0158346891403198	0.50041264295578	1.0	1.0	1.0	1.0	1.0	1.0
0.9542136192321777	0.5516309142112732	1.0	1.0	1.0	0.0	0.0	0.0
1.0096105337142944	0.512807309627533	1.0	1.0	1.0	1.0	1.0	1.0
0.9516733884811401	0.5256959795951843	1.0	1.0	1.0	1.0	0.0	1.0
0.988603949546814	0.5111409425735474	1.0	1.0	1.0	1.0	1.0	1.0
1.0119831562042236	0.5044147372245789	1.0	1.0	1.0	1.0	1.0	1.0
1.0205049514770508	0.5013202428817749	1.0	1.0	1.0	1.0	1.0	1.0
1.0508705377578735	0.48092105984687805	1.0	1.0	1.0	1.0	1.0	1.0
0.96506667137146	0.5282629132270813	1.0	1.0	1.0	1.0	1.0	1.0
1.0123227834701538	0.5088990330696106	1.0	1.0	1.0	1.0	1.0	1.0
0.9966459274291992	0.5154244899749756	1.0	1.0	1.0	1.0	1.0	1.0
1.0224401950836182	0.5071092844009399	1.0	1.0	1.0	1.0	1.0	1.0
0.9890062808990479	0.5212485790252686	1.0	1.0	1.0	1.0	1.0	1.0
0.9646782875061035	0.5483260154724121	1.0	1.0	1.0	0.0	0.0	0.0
0.9934732913970947	0.4901766777038574	1.0	1.0	1.0	1.0	1.0	1.0
1.0186079740524292	0.4891248345375061	1.0	1.0	1.0	1.0	1.0	1.0
1.0211671590805054	0.48965686559677124	1.0	1.0	1.0	1.0	1.0	1.0
1.0166250467300415	0.5120062828063965	1.0	1.0	1.0	1.0	1.0	1.0
1.0361400842666626	0.48420143127441406	1.0	1.0	1.0	1.0	1.0	1.0
0.987544059753418	0.5256987810134888	1.0	1.0	1.0	1.0	1.0	1.0
1.0359857082366943	0.47224006056785583	1.0	1.0	1.0	1.0	1.0	1.0
1.0018240213394165	0.4966149926185608	1.0	1.0	1.0	1.0	1.0	1.0
0.9879673719406128	0.5085076689720154	1.0	1.0	1.0	1.0	1.0	1.0
1.0026894807815552	0.5134000778198242	1.0	1.0	1.0	1.0	1.0	1.0
1.023768424987793	0.49911123514175415	1.0	1.0	1.0	1.0	1.0	1.0
1.0041767358779907	0.5189931988716125	1.0	1.0	1.0	1.0	1.0	1.0
1.0165127515792847	0.4854470491409302	1.0	1.0	1.0	1.0	1.0	1.0
1.0131337642669678	0.5098115801811218	1.0	1.0	1.0	1.0	1.0	1.0
1.0165550708770752	0.5216622948646545	1.0	1.0	1.0	1.0	1.0	1.0
1.0254987478256226	0.49218034744262695	1.0	1.0	1.0	1.0	1.0	1.0
1.024564504623413	0.4998699128627777	1.0	1.0	1.0	1.0	1.0	1.0
1.0076777935028076	0.5131260752677917	1.0	1.0	1.0	1.0	1.0	1.0
0.9799321889877319	0.540081262588501	1.0	1.0	1.0	1.0	1.0	1.0
1.0709788799285889	0.48173439502716064	1.0	1.0	1.0	1.0	0.0	1.0
1.0527865886688232	0.48281872272491455	1.0	1.0	1.0	1.0	1.0	1.0
1.0055543184280396	0.5175691843032837	1.0	1.0	1.0	1.0	1.0	1.0
0.9972512722015381	0.5153943300247192	1.0	1.0	1.0	1.0	1.0	1.0
1.0271844863891602	0.5042464733123779	1.0	1.0	1.0	1.0	1.0	1.0
1.027098536491394	0.5042328238487244	1.0	1.0	1.0	1.0	1.0	1.0
1.044114112854004	0.48166778683662415	1.0	1.0	1.0	1.0	1.0	1.0
0.9598489999771118	0.555160403251648	1.0	1.0	1.0	0.0	0.0	0.0
0.98722243309021	0.5270808339118958	1.0	1.0	1.0	1.0	1.0	1.0
1.0070054531097412	0.5137032270431519	1.0	1.0	1.0	1.0	1.0	1.0
1.071144938468933	0.4756912887096405	1.0	1.0	0.0	1.0	0.0	1.0
0.9948217868804932	0.5085675120353699	1.0	1.0	1.0	1.0	1.0	1.0
1.0166188478469849	0.4978712797164917	1.0	1.0	1.0	1.0	1.0	1.0
0.9867962598800659	0.524711012840271	1.0	1.0	1.0	1.0	1.0	1.0
0.9548429250717163	0.5549585819244385	1.0	1.0	1.0	0.0	0.0	0.0
1.058699369430542	0.46655213832855225	1.0	1.0	1.0	1.0	1.0	1.0
1.0308014154434204	0.4946248531341553	1.0	1.0	1.0	1.0	1.0	1.0
0.9870767593383789	0.5148084163665771	1.0	1.0	1.0	1.0	1.0	1.0
1.0192302465438843	0.5015107989311218	1.0	1.0	1.0	1.0	1.0	1.0
0.9957190752029419	0.5165107250213623	1.0	1.0	1.0	1.0	1.0	1.0
0.9869556427001953	0.5434287786483765	1.0	1.0	1.0	1.0	1.0	0.0
1.030314564704895	0.5016318559646606	1.0	1.0	1.0	1.0	1.0	1.0
1.0024282932281494	0.5109971761703491	1.0	1.0	1.0	1.0	1.0	1.0
1.0360074043273926	0.5012192726135254	1.0	1.0	1.0	1.0	1.0	1.0
1.033449411392212	0.5086715817451477	1.0	1.0	1.0	1.0	1.0	1.0
0.9602614641189575	0.5598931312561035	1.0	1.0	1.0	0.0	0.0	0.0
0.9957460165023804	0.505323588848114	1.0	1.0	1.0	1.0	1.0	1.0
0.9941741228103638	0.5283209681510925	1.0	1.0	1.0	1.0	1.0	1.0
1.0447291135787964	0.4878472089767456	1.0	1.0	1.0	1.0	1.0	1.0
1.0011807680130005	0.50577312707901	1.0	1.0	1.0	1.0	1.0	1.0
1.0200674533843994	0.49790817499160767	1.0	1.0	1.0	1.0	1.0	1.0
0.9858227968215942	0.515483558177948	1.0	1.0	1.0	1.0	1.0	1.0
1.012088418006897	0.503986120223999	1.0	1.0	1.0	1.0	1.0	1.0
0.9897832870483398	0.5447189807891846	1.0	1.0	1.0	1.0	1.0	0.0
0.9350630044937134	0.5306071043014526	1.0	1.0	0.0	1.0	0.0	1.0
1.003257155418396	0.5129255056381226	1.0	1.0	1.0	1.0	1.0	1.0
1.012747049331665	0.5177240967750549	1.0	1.0	1.0	1.0	1.0	1.0
0.983367919921875	0.5145410299301147	1.0	1.0	1.0	1.0	1.0	1.0
1.0342521667480469	0.48771193623542786	1.0	1.0	1.0	1.0	1.0	1.0
0.9579474925994873	0.5420222878456116	1.0	1.0	1.0	1.0	0.0	0.0
1.013951301574707	0.4954037070274353	1.0	1.0	1.0	1.0	1.0	1.0
1.0560202598571777	0.47161126136779785	1.0	1.0	1.0	1.0	1.0	1.0
0.9970805644989014	0.5250028371810913	1.0	1.0	1.0	1.0	1.0	1.0
1.043945550918579	0.4772464632987976	1.0	1.0	1.0	1.0	1.0	1.0
0.9706284999847412	0.5376085042953491	1.0	1.0	1.0	1.0	1.0	1.0
1.0208930969238281	0.495694100856781	1.0	1.0	1.0	1.0	1.0	1.0
1.0518323183059692	0.4870032072067261	1.0	1.0	1.0	1.0	1.0	1.0
1.0303795337677002	0.4784349203109741	1.0	1.0	1.0	1.0	1.0	1.0
0.9872310161590576	0.5250257253646851	1.0	1.0	1.0	1.0	1.0	1.0
1.018027901649475	0.5116019248962402	1.0	1.0	1.0	1.0	1.0	1.0
1.0141558647155762	0.4952266216278076	1.0	1.0	1.0	1.0	1.0	1.0
0.9781879186630249	0.5308034420013428	1.0	1.0	1.0	1.0	1.0	1.0
1.064196228981018	0.46789059042930603	1.0	1.0	1.0	1.0	0.0	0.0
1.0814435482025146	0.4528527855873108	1.0	1.0	0.0	0.0	0.0	0.0
1.0225423574447632	0.5149705410003662	1.0	1.0	1.0	1.0	1.0	1.0
1.0418370962142944	0.4771058261394501	1.0	1.0	1.0	1.0	1.0	1.0
1.0432437658309937	0.5036249160766602	1.0	1.0	1.0	1.0	1.0	1.0
1.0314022302627563	0.485653817653656	1.0	1.0	1.0	1.0	1.0	1.0
0.9690569639205933	0.5282068848609924	1.0	1.0	1.0	1.0	1.0	1.0
1.054121971130371	0.5002260804176331	1.0	1.0	1.0	1.0	1.0	1.0
1.0003178119659424	0.5084941387176514	1.0	1.0	1.0	1.0	1.0	1.0
0.9746905565261841	0.5214844942092896	1.0	1.0	1.0	1.0	1.0	1.0
1.0010026693344116	0.49782872200012207	1.0	1.0	1.0	1.0	1.0	1.0
1.021543025970459	0.5098541378974915	1.0	1.0	1.0	1.0	1.0	1.0
1.020790457725525	0.4860948324203491	1.0	1.0	1.0	1.0	1.0	1.0
1.0759059190750122	0.4686933755874634	1.0	1.0	0.0	1.0	0.0	1.0
1.0003600120544434	0.504420280456543	1.0	1.0	1.0	1.0	1.0	1.0
1.0262055397033691	0.4923497438430786	1.0	1.0	1.0	1.0	1.0	1.0
0.9992746114730835	0.5266642570495605	1.0	1.0	1.0	1.0	1.0	1.0
1.042164921760559	0.48164770007133484	1.0	1.0	1.0	1.0	1.0	1.0
0.9655790328979492	0.5270451307296753	1.0	1.0	1.0	1.0	1.0	1.0
1.0331615209579468	0.4850357174873352	1.0	1.0	1.0	1.0	1.0	1.0
1.0482544898986816	0.46884429454803467	1.0	1.0	1.0	1.0	1.0	1.0
0.9918156862258911	0.5461035966873169	1.0	1.0	1.0	1.0	1.0	0.0
1.0128092765808105	0.49374765157699585	1.0	1.0	1.0	1.0	1.0	1.0
1.0238382816314697	0.4972512125968933	1.0	1.0	1.0	1.0	1.0	1.0
0.9805188179016113	0.5339151620864868	1.0	1.0	1.0	1.0	1.0	1.0
1.02109694480896	0.5135670304298401	1.0	1.0	1.0	1.0	1.0	1.0
1.036455750465393	0.49708887934684753	1.0	1.0	1.0	1.0	1.0	1.0
1.015160322189331	0.5112134218215942	1.0	1.0	1.0	1.0	1.0	1.0
1.0432751178741455	0.47032442688941956	1.0	1.0	1.0	1.0	1.0	1.0
0.9812724590301514	0.5252684950828552	1.0	1.0	1.0	1.0	1.0	1.0
0.9898438453674316	0.5253562927246094	1.0	1.0	1.0	1.0	1.0	1.0
0.958514928817749	0.5336794257164001	1.0	1.0	1.0	1.0	0.0	1.0
1.0172479152679443	0.4981083869934082	1.0	1.0	1.0	1.0	1.0	1.0
1.0273640155792236	0.48530077934265137	1.0	1.0	1.0	1.0	1.0	1.0
1.038072109222412	0.49998486042022705	1.0	1.0	1.0	1.0	1.0	1.0
1.0480958223342896	0.48811405897140503	1.0	1.0	1.0	1.0	1.0	1.0
1.0141212940216064	0.5123639702796936	1.0	1.0	1.0	1.0	1.0	1.0
1.018449068069458	0.5018951296806335	1.0	1.0	1.0	1.0	1.0	1.0
0.9896204471588135	0.5205739736557007	1.0	1.0	1.0	1.0	1.0	1.0
0.9950618743896484	0.5368999242782593	1.0	1.0	1.0	1.0	1.0	1.0
1.0430521965026855	0.49470973014831543	1.0	1.0	1.0	1.0	1.0	1.0
1.0019903182983398	0.5196232795715332	1.0	1.0	1.0	1.0	1.0	1.0
0.9827721118927002	0.5290933847427368	1.0	1.0	1.0	1.0	1.0	1.0
1.0410070419311523	0.48673778772354126	1.0	1.0	1.0	1.0	1.0	1.0
1.0182135105133057	0.4983241558074951	1.0	1.0	1.0	1.0	1.0	1.0
0.9941565990447998	0.5220401883125305	1.0	1.0	1.0	1.0	1.0	1.0
1.0348424911499023	0.47681984305381775	1.0	1.0	1.0	1.0	1.0	1.0
0.9815213680267334	0.5358641743659973	1.0	1.0	1.0	1.0	1.0	1.0
1.0016191005706787	0.5177819728851318	1.0	1.0	1.0	1.0	1.0	1.0
1.0216203927993774	0.4990200400352478	1.0	1.0	1.0	1.0	1.0	1.0
1.0105960369110107	0.4920698404312134	1.0	1.0	1.0	1.0	1.0	1.0
0.9926964044570923	0.5182588696479797	1.0	1.0	1.0	1.0	1.0	1.0
0.9917372465133667	0.5311639308929443	1.0	1.0	1.0	1.0	1.0	1.0
1.0524410009384155	0.47882750630378723	1.0	1.0	1.0	1.0	1.0	1.0
1.0460044145584106	0.47889071702957153	1.0	1.0	1.0	1.0	1.0	1.0
1.0315762758255005	0.4893956780433655	1.0	1.0	1.0	1.0	1.0	1.0
1.0280286073684692	0.5011217594146729	1.0	1.0	1.0	1.0	1.0	1.0
0.9733414649963379	0.520625114440918	1.0	1.0	1.0	1.0	1.0	1.0
1.0253455638885498	0.4866589903831482	1.0	1.0	1.0	1.0	1.0	1.0
1.0190331935882568	0.5131596922874451	1.0	1.0	1.0	1.0	1.0	1.0
0.9742077589035034	0.5257307291030884	1.0	1.0	1.0	1.0	1.0	1.0
1.0102996826171875	0.49629896879196167	1.0	1.0	1.0	1.0	1.0	1.0
1.0308194160461426	0.48574355244636536	1.0	1.0	1.0	1.0	1.0	1.0
0.9706546068191528	0.5458987951278687	1.0	1.0	1.0	1.0	1.0	1.0
1.0626142024993896	0.4841558635234833	1.0	1.0	1.0	1.0	1.0	1.0
0.9903535842895508	0.5280884504318237	1.0	1.0	1.0	1.0	1.0	1.0
1.0538171529769897	0.4944382905960083	1.0	1.0	1.0	1.0	1.0	1.0
1.0339118242263794	0.5002149939537048	1.0	1.0	1.0	1.0	1.0	1.0
1.0507951974868774	0.46942979097366333	1.0	1.0	1.0	1.0	1.0	1.0
1.0493463277816772	0.4864215850830078	1.0	1.0	1.0	1.0	1.0	1.0
1.0205469131469727	0.5050472021102905	1.0	1.0	1.0	1.0	1.0	1.0
1.038416862487793	0.4828505218029022	1.0	1.0	1.0	1.0	1.0	1.0
1.0251262187957764	0.4904352128505707	1.0	1.0	1.0	1.0	1.0	1.0
0.9751161336898804	0.5260790586471558	1.0	1.0	1.0	1.0	1.0	1.0
1.007328748703003	0.5156558752059937	1.0	1.0	1.0	1.0	1.0	1.0
0.9949921369552612	0.5053207874298096	1.0	1.0	1.0	1.0	1.0	1.0
1.0113486051559448	0.5347923040390015	1.0	1.0	1.0	1.0	1.0	1.0
0.9714574813842773	0.5653131008148193	1.0	0.0	1.0	0.0	1.0	0.0
1.0060744285583496	0.5047644376754761	1.0	1.0	1.0	1.0	1.0	1.0
0.9767459630966187	0.5214729309082031	1.0	1.0	1.0	1.0	1.0	1.0
1.008029580116272	0.5166648626327515	1.0	1.0	1.0	1.0	1.0	1.0
1.0329586267471313	0.49699026346206665	1.0	1.0	1.0	1.0	1.0	1.0
1.065324068069458	0.475525438785553	1.0	1.0	1.0	1.0	0.0	1.0
1.020802617073059	0.5052194595336914	1.0	1.0	1.0	1.0	1.0	1.0
0.9928587675094604	0.5233212113380432	1.0	1.0	1.0	1.0	1.0	1.0
0.9867470264434814	0.5246051549911499	1.0	1.0	1.0	1.0	1.0	1.0
0.9572000503540039	0.6021654009819031	1.0	0.0	1.0	0.0	0.0	0.0
1.0045753717422485	0.5144973397254944	1.0	1.0	1.0	1.0	1.0	1.0
1.0269511938095093	0.49981796741485596	1.0	1.0	1.0	1.0	1.0	1.0
1.0751652717590332	0.46616506576538086	1.0	1.0	0.0	1.0	0.0	1.0
1.0013482570648193	0.5328879952430725	1.0	1.0	1.0	1.0	1.0	1.0
1.0063270330429077	0.5169501900672913	1.0	1.0	1.0	1.0	1.0	1.0
1.0278738737106323	0.5009764432907104	1.0	1.0	1.0	1.0	1.0	1.0
1.014538049697876	0.5046939849853516	1.0	1.0	1.0	1.0	1.0	1.0
1.0110136270523071	0.49993520975112915	1.0	1.0	1.0	1.0	1.0	1.0
0.9756965637207031	0.5094887018203735	1.0	1.0	1.0	1.0	1.0	1.0
0.9999642372131348	0.5158551335334778	1.0	1.0	1.0	1.0	1.0	1.0
1.0069698095321655	0.5186498165130615	1.0	1.0	1.0	1.0	1.0	1.0
1.0060412883758545	0.5038278698921204	1.0	1.0	1.0	1.0	1.0	1.0
1.0420295000076294	0.4858502447605133	1.0	1.0	1.0	1.0	1.0	1.0
1.0271282196044922	0.5026415586471558	1.0	1.0	1.0	1.0	1.0	1.0
1.02731454372406	0.4887385070323944	1.0	1.0	1.0	1.0	1.0	1.0
1.0282732248306274	0.5024335384368896	1.0	1.0	1.0	1.0	1.0	1.0
1.0204815864562988	0.4889652132987976	1.0	1.0	1.0	1.0	1.0	1.0
0.9986453056335449	0.5294329524040222	1.0	1.0	1.0	1.0	1.0	1.0
0.9440199136734009	0.5677819848060608	1.0	0.0	0.0	0.0	0.0	0.0
1.0165112018585205	0.49820220470428467	1.0	1.0	1.0	1.0	1.0	1.0
1.011604905128479	0.5023053884506226	1.0	1.0	1.0	1.0	1.0	1.0
0.9859294891357422	0.501762330532074	1.0	1.0	1.0	1.0	1.0	1.0
1.0149375200271606	0.5104674696922302	1.0	1.0	1.0	1.0	1.0	1.0
1.022409439086914	0.4940723478794098	1.0	1.0	1.0	1.0	1.0	1.0
1.0428141355514526	0.4866451323032379	1.0	1.0	1.0	1.0	1.0	1.0
1.0214475393295288	0.5062190890312195	1.0	1.0	1.0	1.0	1.0	1.0
0.9997361898422241	0.5117759108543396	1.0	1.0	1.0	1.0	1.0	1.0
0.9854989051818848	0.5143741369247437	1.0	1.0	1.0	1.0	1.0	1.0
0.9988371133804321	0.5132681727409363	1.0	1.0	1.0	1.0	1.0	1.0
1.0150320529937744	0.5182991623878479	1.0	1.0	1.0	1.0	1.0	1.0
1.0332412719726562	0.4851877987384796	1.0	1.0	1.0	1.0	1.0	1.0
1.009429693222046	0.4970112442970276	1.0	1.0	1.0	1.0	1.0	1.0
1.0267940759658813	0.49427855014801025	1.0	1.0	1.0	1.0	1.0	1.0
0.9968410730361938	0.5102659463882446	1.0	1.0	1.0	1.0	1.0	1.0
1.0229157209396362	0.5026922225952148	1.0	1.0	1.0	1.0	1.0	1.0
1.0163625478744507	0.5113293528556824	1.0	1.0	1.0	1.0	1.0	1.0
0.9991476535797119	0.5158343315124512	1.0	1.0	1.0	1.0	1.0	1.0
1.010491132736206	0.5243231654167175	1.0	1.0	1.0	1.0	1.0	1.0
1.0017642974853516	0.5181565284729004	1.0	1.0	1.0	1.0	1.0	1.0
1.0012675523757935	0.5102778077125549	1.0	1.0	1.0	1.0	1.0	1.0
1.0215685367584229	0.4939522445201874	1.0	1.0	1.0	1.0	1.0	1.0
1.022730827331543	0.49006134271621704	1.0	1.0	1.0	1.0	1.0	1.0
0.9973715543746948	0.5339898467063904	1.0	1.0	1.0	1.0	1.0	1.0
1.0109760761260986	0.5179635882377625	1.0	1.0	1.0	1.0	1.0	1.0
1.0387824773788452	0.48198506236076355	1.0	1.0	1.0	1.0	1.0	1.0
0.9795886278152466	0.5264276266098022	1.0	1.0	1.0	1.0	1.0	1.0
1.028302550315857	0.47608682513237	1.0	1.0	1.0	1.0	1.0	1.0
0.9981347322463989	0.5121054649353027	1.0	1.0	1.0	1.0	1.0	1.0
1.0006661415100098	0.5084353685379028	1.0	1.0	1.0	1.0	1.0	1.0
1.0202648639678955	0.5029186010360718	1.0	1.0	1.0	1.0	1.0	1.0
1.027719259262085	0.5050230026245117	1.0	1.0	1.0	1.0	1.0	1.0
1.0030051469802856	0.5004730224609375	1.0	1.0	1.0	1.0	1.0	1.0
1.039035439491272	0.49989137053489685	1.0	1.0	1.0	1.0	1.0	1.0
1.033047080039978	0.48961812257766724	1.0	1.0	1.0	1.0	1.0	1.0
1.0015860795974731	0.5029735565185547	1.0	1.0	1.0	1.0	1.0	1.0
0.9855303764343262	0.5177046656608582	1.0	1.0	1.0	1.0	1.0	1.0
0.9995694160461426	0.5172088146209717	1.0	1.0	1.0	1.0	1.0	1.0
1.0175141096115112	0.498552143573761	1.0	1.0	1.0	1.0	1.0	1.0
1.0022859573364258	0.49312037229537964	1.0	1.0	1.0	1.0	1.0	1.0
1.0399457216262817	0.49349266290664673	1.0	1.0	1.0	1.0	1.0	1.0
1.0483983755111694	0.4880385994911194	1.0	1.0	1.0	1.0	1.0	1.0
1.0257623195648193	0.488916277885437	1.0	1.0	1.0	1.0	1.0	1.0
1.0470327138900757	0.49692460894584656	1.0	1.0	1.0	1.0	1.0	1.0
1.0128968954086304	0.49838149547576904	1.0	1.0	1.0	1.0	1.0	1.0
0.991313099861145	0.5139707922935486	1.0	1.0	1.0	1.0	1.0	1.0
1.0408200025558472	0.49900174140930176	1.0	1.0	1.0	1.0	1.0	1.0
1.0872294902801514	0.45425325632095337	1.0	1.0	0.0	0.0	0.0	0.0
1.0197947025299072	0.5033220052719116	1.0	1.0	1.0	1.0	1.0	1.0
1.0344634056091309	0.48607778549194336	1.0	1.0	1.0	1.0	1.0	1.0
0.9845520257949829	0.5366503000259399	1.0	1.0	1.0	1.0	1.0	1.0
1.0020782947540283	0.5064502358436584	1.0	1.0	1.0	1.0	1.0	1.0
0.9787571430206299	0.521922767162323	1.0	1.0	1.0	1.0	1.0	1.0
1.0137934684753418	0.5043812990188599	1.0	1.0	1.0	1.0	1.0	1.0
1.031815767288208	0.498576283454895	1.0	1.0	1.0	1.0	1.0	1.0
1.0086207389831543	0.5188325047492981	1.0	1.0	1.0	1.0	1.0	1.0
1.0354342460632324	0.49222075939178467	1.0	1.0	1.0	1.0	1.0	1.0
1.0449767112731934	0.4954591691493988	1.0	1.0	1.0	1.0	1.0	1.0
1.017281174659729	0.4976472854614258	1.0	1.0	1.0	1.0	1.0	1.0
1.01031494140625	0.5153474807739258	1.0	1.0	1.0	1.0	1.0	1.0
0.9764367341995239	0.5420762300491333	1.0	1.0	1.0	1.0	1.0	1.0
1.0110834836959839	0.5000651478767395	1.0	1.0	1.0	1.0	1.0	1.0
1.0598784685134888	0.4755428731441498	1.0	1.0	1.0	1.0	1.0	1.0
1.0614874362945557	0.4818772077560425	1.0	1.0	1.0	1.0	0.0	1.0
1.0162612199783325	0.48978373408317566	1.0	1.0	1.0	1.0	1.0	1.0
1.0351430177688599	0.5027256011962891	1.0	1.0	1.0	1.0	1.0	1.0
1.0032789707183838	0.5053390264511108	1.0	1.0	1.0	1.0	1.0	1.0
1.0208324193954468	0.5042478442192078	1.0	1.0	1.0	1.0	1.0	1.0
0.9873734712600708	0.5182784199714661	1.0	1.0	1.0	1.0	1.0	1.0
0.9964072704315186	0.520642101764679	1.0	1.0	1.0	1.0	1.0	1.0
1.0101687908172607	0.5053355693817139	1.0	1.0	1.0	1.0	1.0	1.0
0.988402247428894	0.5130586624145508	1.0	1.0	1.0	1.0	1.0	1.0
1.0191658735275269	0.5159977078437805	1.0	1.0	1.0	1.0	1.0	1.0
1.0024399757385254	0.5047286748886108	1.0	1.0	1.0	1.0	1.0	1.0
1.0097237825393677	0.5053152441978455	1.0	1.0	1.0	1.0	1.0	1.0
1.0483460426330566	0.48515552282333374	1.0	1.0	1.0	1.0	1.0	1.0
0.983635663986206	0.5351662635803223	1.0	1.0	1.0	1.0	1.0	1.0
1.0234469175338745	0.4890044331550598	1.0	1.0	1.0	1.0	1.0	1.0
1.0294275283813477	0.49107158184051514	1.0	1.0	1.0	1.0	1.0	1.0
1.0307930707931519	0.47882336378097534	1.0	1.0	1.0	1.0	1.0	1.0
1.0258046388626099	0.48646748065948486	1.0	1.0	1.0	1.0	1.0	1.0
0.9916121959686279	0.521960973739624	1.0	1.0	1.0	1.0	1.0	1.0
1.0128517150878906	0.5080488324165344	1.0	1.0	1.0	1.0	1.0	1.0
0.9843337535858154	0.5108135938644409	1.0	1.0	1.0	1.0	1.0	1.0
0.9586457014083862	0.540911078453064	1.0	1.0	0.0	1.0	0.0	0.0
1.0324490070343018	0.49592840671539307	1.0	1.0	1.0	1.0	1.0	1.0
0.9622007608413696	0.5291649699211121	1.0	1.0	1.0	1.0	1.0	1.0
0.9985201358795166	0.49834609031677246	1.0	1.0	1.0	1.0	1.0	1.0
1.0214952230453491	0.5195863246917725	1.0	1.0	1.0	1.0	1.0	1.0
0.9657319784164429	0.5168389081954956	1.0	1.0	1.0	1.0	0.0	1.0
1.0181546211242676	0.4930655062198639	1.0	1.0	1.0	1.0	1.0	1.0
0.9952749013900757	0.5332906246185303	1.0	1.0	1.0	1.0	1.0	1.0
1.0078037977218628	0.5214411020278931	1.0	1.0	1.0	1.0	1.0	1.0
1.0510443449020386	0.4857858121395111	1.0	1.0	1.0	1.0	1.0	1.0
1.0338199138641357	0.4896605908870697	1.0	1.0	1.0	1.0	1.0	1.0
1.0287688970565796	0.502742350101471	1.0	1.0	1.0	1.0	1.0	1.0
0.9597576856613159	0.5445864796638489	1.0	1.0	1.0	1.0	1.0	1.0
1.075819969177246	0.4857616424560547	1.0	1.0	0.0	1.0	0.0	1.0
1.0371479988098145	0.48465242981910706	1.0	1.0	1.0	1.0	1.0	1.0
1.0037864446640015	0.5199024081230164	1.0	1.0	1.0	1.0	1.0	1.0
1.020052194595337	0.5023775696754456	1.0	1.0	1.0	1.0	1.0	1.0
1.0132102966308594	0.5380962491035461	1.0	1.0	1.0	1.0	1.0	0.0
1.0201178789138794	0.4995887279510498	1.0	1.0	1.0	1.0	1.0	1.0
0.9932513236999512	0.5170037746429443	1.0	1.0	1.0	1.0	1.0	1.0
1.0275094509124756	0.49187028408050537	1.0	1.0	1.0	1.0	1.0	1.0
0.9905966520309448	0.5155221223831177	1.0	1.0	1.0	1.0	1.0	1.0
0.9733788967132568	0.5353411436080933	1.0	1.0	1.0	1.0	1.0	1.0
1.0236033201217651	0.4929852783679962	1.0	1.0	1.0	1.0	1.0	1.0
0.9787466526031494	0.5293432474136353	1.0	1.0	1.0	1.0	1.0	1.0
1.0610661506652832	0.48349374532699585	1.0	1.0	1.0	1.0	1.0	1.0
1.0699301958084106	0.47480762004852295	1.0	1.0	1.0	1.0	0.0	1.0
1.010064959526062	0.49701404571533203	1.0	1.0	1.0	1.0	1.0	1.0
1.0509495735168457	0.471733421087265	1.0	1.0	1.0	1.0	1.0	1.0
1.0331141948699951	0.5091807246208191	1.0	1.0	1.0	1.0	1.0	1.0
1.0389182567596436	0.5158090591430664	1.0	1.0	1.0	1.0	1.0	1.0
0.9966654777526855	0.5026631951332092	1.0	1.0	1.0	1.0	1.0	1.0
1.0385973453521729	0.4896129369735718	1.0	1.0	1.0	1.0	1.0	1.0
1.0251847505569458	0.515661895275116	1.0	1.0	1.0	1.0	1.0	1.0
1.0261861085891724	0.48970985412597656	1.0	1.0	1.0	1.0	1.0	1.0
1.0281223058700562	0.49311816692352295	1.0	1.0	1.0	1.0	1.0	1.0
1.0099518299102783	0.5106766223907471	1.0	1.0	1.0	1.0	1.0	1.0
1.0226616859436035	0.4951556324958801	1.0	1.0	1.0	1.0	1.0	1.0
1.0401750802993774	0.4829200506210327	1.0	1.0	1.0	1.0	1.0	1.0
1.0499287843704224	0.486929327249527	1.0	1.0	1.0	1.0	1.0	1.0
0.9839349985122681	0.5271490812301636	1.0	1.0	1.0	1.0	1.0	1.0
1.041825294494629	0.48110470175743103	1.0	1.0	1.0	1.0	1.0	1.0
1.0601483583450317	0.46322348713874817	1.0	1.0	1.0	1.0	1.0	0.0
1.0165640115737915	0.49563077092170715	1.0	1.0	1.0	1.0	1.0	1.0
0.973517894744873	0.5234535932540894	1.0	1.0	1.0	1.0	1.0	1.0
1.0389059782028198	0.47423654794692993	1.0	1.0	1.0	1.0	1.0	1.0
0.964897871017456	0.5305707454681396	1.0	1.0	1.0	1.0	1.0	1.0
1.017999291419983	0.5043274164199829	1.0	1.0	1.0	1.0	1.0	1.0
1.0028038024902344	0.5137331485748291	1.0	1.0	1.0	1.0	1.0	1.0
1.009029746055603	0.5198974013328552	1.0	1.0	1.0	1.0	1.0	1.0
0.9884661436080933	0.5268757939338684	1.0	1.0	1.0	1.0	1.0	1.0
1.0215333700180054	0.5048788785934448	1.0	1.0	1.0	1.0	1.0	1.0
1.034584403038025	0.4733037054538727	1.0	1.0	1.0	1.0	1.0	1.0
0.9571796655654907	0.5206108093261719	1.0	1.0	1.0	1.0	0.0	1.0
1.0352380275726318	0.49694088101387024	1.0	1.0	1.0	1.0	1.0	1.0
1.0354094505310059	0.5020139813423157	1.0	1.0	1.0	1.0	1.0	1.0
1.0211021900177002	0.4958147406578064	1.0	1.0	1.0	1.0	1.0	1.0
1.0243947505950928	0.4992830157279968	1.0	1.0	1.0	1.0	1.0	1.0
0.9609447717666626	0.5402539372444153	1.0	1.0	1.0	1.0	0.0	1.0
1.0268031358718872	0.5090014934539795	1.0	1.0	1.0	1.0	1.0	1.0
0.9993853569030762	0.4971840977668762	1.0	1.0	1.0	1.0	1.0	1.0
1.0303326845169067	0.4854576885700226	1.0	1.0	1.0	1.0	1.0	1.0
1.0421795845031738	0.48904895782470703	1.0	1.0	1.0	1.0	1.0	1.0
1.003395438194275	0.5071178078651428	1.0	1.0	1.0	1.0	1.0	1.0
1.0246037244796753	0.5041614174842834	1.0	1.0	1.0	1.0	1.0	1.0
1.066986322402954	0.46846097707748413	1.0	1.0	1.0	1.0	0.0	0.0
1.0163440704345703	0.49900949001312256	1.0	1.0	1.0	1.0	1.0	1.0
0.975872278213501	0.5269787311553955	1.0	1.0	1.0	1.0	1.0	1.0
1.024074912071228	0.5111904740333557	1.0	1.0	1.0	1.0	1.0	1.0
1.0225539207458496	0.49984923005104065	1.0	1.0	1.0	1.0	1.0	1.0
1.0476011037826538	0.48592203855514526	1.0	1.0	1.0	1.0	1.0	1.0
1.0297363996505737	0.5024093389511108	1.0	1.0	1.0	1.0	1.0	1.0
1.0307552814483643	0.48503029346466064	1.0	1.0	1.0	1.0	1.0	1.0
0.9933007955551147	0.5141360759735107	1.0	1.0	1.0	1.0	1.0	1.0
1.0250258445739746	0.481887549161911	1.0	1.0	1.0	1.0	1.0	1.0
1.0474735498428345	0.4931167960166931	1.0	1.0	1.0	1.0	1.0	1.0
1.007971167564392	0.5089784860610962	1.0	1.0	1.0	1.0	1.0	1.0
0.9972076416015625	0.505235493183136	1.0	1.0	1.0	1.0	1.0	1.0
0.9941533803939819	0.5175784826278687	1.0	1.0	1.0	1.0	1.0	1.0
1.010926365852356	0.5030699372291565	1.0	1.0	1.0	1.0	1.0	1.0
1.04633629322052	0.46960967779159546	1.0	1.0	1.0	1.0	1.0	1.0
1.0234732627868652	0.49626827239990234	1.0	1.0	1.0	1.0	1.0	1.0
1.0163780450820923	0.5108731985092163	1.0	1.0	1.0	1.0	1.0	1.0
1.0203996896743774	0.507820725440979	1.0	1.0	1.0	1.0	1.0	1.0
1.0081356763839722	0.5121250748634338	1.0	1.0	1.0	1.0	1.0	1.0
1.0060731172561646	0.4982984662055969	1.0	1.0	1.0	1.0	1.0	1.0
0.9496543407440186	0.5461212396621704	1.0	1.0	1.0	1.0	0.0	0.0
0.9854557514190674	0.5204233527183533	1.0	1.0	1.0	1.0	1.0	1.0
0.9904818534851074	0.5079554319381714	1.0	1.0	1.0	1.0	1.0	1.0
0.973190426826477	0.5121694207191467	1.0	1.0	1.0	1.0	1.0	1.0
1.0171619653701782	0.5100725889205933	1.0	1.0	1.0	1.0	1.0	1.0
1.0008845329284668	0.4933633804321289	1.0	1.0	1.0	1.0	1.0	1.0
1.021501064300537	0.4818938970565796	1.0	1.0	1.0	1.0	1.0	1.0
0.9716089963912964	0.5451766848564148	1.0	1.0	1.0	1.0	1.0	0.0
0.9887973070144653	0.5212626457214355	1.0	1.0	1.0	1.0	1.0	1.0
1.0392640829086304	0.48463916778564453	1.0	1.0	1.0	1.0	1.0	1.0
0.9799915552139282	0.5173861384391785	1.0	1.0	1.0	1.0	1.0	1.0
1.0272856950759888	0.517001748085022	1.0	1.0	1.0	1.0	1.0	1.0
1.0053291320800781	0.5267165899276733	1.0	1.0	1.0	1.0	1.0	1.0
0.9650945663452148	0.5340380668640137	1.0	1.0	1.0	1.0	0.0	1.0
1.0084459781646729	0.506700336933136	1.0	1.0	1.0	1.0	1.0	1.0
1.0032461881637573	0.5000333786010742	1.0	1.0	1.0	1.0	1.0	1.0
0.9722309112548828	0.5473124384880066	1.0	1.0	1.0	0.0	1.0	0.0
0.9941149950027466	0.5273076891899109	1.0	1.0	1.0	1.0	1.0	1.0
1.0380526781082153	0.49170270562171936	1.0	1.0	1.0	1.0	1.0	1.0
0.9841898679733276	0.5259187817573547	1.0	1.0	1.0	1.0	1.0	1.0
1.0158805847167969	0.48973017930984497	1.0	1.0	1.0	1.0	1.0	1.0
1.04738450050354	0.49719351530075073	1.0	1.0	1.0	1.0	1.0	1.0
1.020308017730713	0.504392683506012	1.0	1.0	1.0	1.0	1.0	1.0
0.9925923347473145	0.5158486366271973	1.0	1.0	1.0	1.0	1.0	1.0
1.0156210660934448	0.5161151885986328	1.0	1.0	1.0	1.0	1.0	1.0
1.0417182445526123	0.4862579107284546	1.0	1.0	1.0	1.0	1.0	1.0
1.0063148736953735	0.5086185932159424	1.0	1.0	1.0	1.0	1.0	1.0
0.9780237674713135	0.5194095373153687	1.0	1.0	1.0	1.0	1.0	1.0
1.0174967050552368	0.5041338205337524	1.0	1.0	1.0	1.0	1.0	1.0
1.0550765991210938	0.46572649478912354	1.0	1.0	1.0	1.0	1.0	0.0
1.031092643737793	0.49065297842025757	1.0	1.0	1.0	1.0	1.0	1.0
0.9766627550125122	0.5197046995162964	1.0	1.0	1.0	1.0	1.0	1.0
1.0044963359832764	0.5161752104759216	1.0	1.0	1.0	1.0	1.0	1.0
1.0083222389221191	0.5140587091445923	1.0	1.0	1.0	1.0	1.0	1.0
1.006715178489685	0.5119608640670776	1.0	1.0	1.0	1.0	1.0	1.0
0.9698874950408936	0.5180692672729492	1.0	1.0	1.0	1.0	1.0	1.0
1.004393219947815	0.5034269690513611	1.0	1.0	1.0	1.0	1.0	1.0
1.0235165357589722	0.5089880228042603	1.0	1.0	1.0	1.0	1.0	1.0
0.9823769330978394	0.5454899668693542	1.0	1.0	1.0	1.0	1.0	0.0
1.0246793031692505	0.4882192611694336	1.0	1.0	1.0	1.0	1.0	1.0
1.006021499633789	0.49408870935440063	1.0	1.0	1.0	1.0	1.0	1.0
1.0307104587554932	0.5077297687530518	1.0	1.0	1.0	1.0	1.0	1.0
0.9993741512298584	0.5125709176063538	1.0	1.0	1.0	1.0	1.0	1.0
1.0180678367614746	0.5091356635093689	1.0	1.0	1.0	1.0	1.0	1.0
1.0178086757659912	0.4940836727619171	1.0	1.0	1.0	1.0	1.0	1.0
1.0328773260116577	0.4771643280982971	1.0	1.0	1.0	1.0	1.0	1.0
1.0888415575027466	0.44482237100601196	1.0	1.0	0.0	0.0	0.0	0.0
0.9902980327606201	0.5046407580375671	1.0	1.0	1.0	1.0	1.0	1.0
1.017311930656433	0.5278739333152771	1.0	1.0	1.0	1.0	1.0	1.0
1.0359383821487427	0.4881686568260193	1.0	1.0	1.0	1.0	1.0	1.0
1.0532816648483276	0.4788338840007782	1.0	1.0	1.0	1.0	1.0	1.0
1.0003191232681274	0.49097514152526855	1.0	1.0	1.0	1.0	1.0	1.0
1.0148524045944214	0.5005590915679932	1.0	1.0	1.0	1.0	1.0	1.0
0.9767360687255859	0.4990912675857544	1.0	1.0	1.0	1.0	1.0	1.0
0.9942094087600708	0.5119877457618713	1.0	1.0	1.0	1.0	1.0	1.0
1.0253649950027466	0.5075247287750244	1.0	1.0	1.0	1.0	1.0	1.0
0.9726022481918335	0.5473238825798035	1.0	1.0	1.0	0.0	1.0	0.0
0.9992530345916748	0.511001467704773	1.0	1.0	1.0	1.0	1.0	1.0
1.0287920236587524	0.5043771862983704	1.0	1.0	1.0	1.0	1.0	1.0
1.0097466707229614	0.5061923861503601	1.0	1.0	1.0	1.0	1.0	1.0
0.9851665496826172	0.5316761136054993	1.0	1.0	1.0	1.0	1.0	1.0
1.012611746788025	0.49747008085250854	1.0	1.0	1.0	1.0	1.0	1.0
0.9869624376296997	0.5269501805305481	1.0	1.0	1.0	1.0	1.0	1.0
1.0025246143341064	0.5204716920852661	1.0	1.0	1.0	1.0	1.0	1.0
1.0486445426940918	0.4952344298362732	1.0	1.0	1.0	1.0	1.0	1.0
1.0005336999893188	0.5300177335739136	1.0	1.0	1.0	1.0	1.0	1.0
1.0402647256851196	0.48758429288864136	1.0	1.0	1.0	1.0	1.0	1.0
0.9815152883529663	0.5267399549484253	1.0	1.0	1.0	1.0	1.0	1.0
0.9246708154678345	0.5664236545562744	0.0	0.0	0.0	0.0	0.0	0.0
0.9781589508056641	0.5289409160614014	1.0	1.0	1.0	1.0	1.0	1.0
1.0109703540802002	0.5090547204017639	1.0	1.0	1.0	1.0	1.0	1.0
1.0398523807525635	0.4840526282787323	1.0	1.0	1.0	1.0	1.0	1.0
1.0248615741729736	0.4985477030277252	1.0	1.0	1.0	1.0	1.0	1.0
1.016201376914978	0.512799859046936	1.0	1.0	1.0	1.0	1.0	1.0
0.9920402765274048	0.5001590847969055	1.0	1.0	1.0	1.0	1.0	1.0
1.0394083261489868	0.4793834984302521	1.0	1.0	1.0	1.0	1.0	1.0
0.9806580543518066	0.5283582210540771	1.0	1.0	1.0	1.0	1.0	1.0
1.0113600492477417	0.5020048022270203	1.0	1.0	1.0	1.0	1.0	1.0
1.043029546737671	0.47555044293403625	1.0	1.0	1.0	1.0	1.0	1.0
0.9875460863113403	0.5038893222808838	1.0	1.0	1.0	1.0	1.0	1.0
1.0464940071105957	0.49642467498779297	1.0	1.0	1.0	1.0	1.0	1.0
0.9910111427307129	0.5215798616409302	1.0	1.0	1.0	1.0	1.0	1.0
0.9908434152603149	0.5151311159133911	1.0	1.0	1.0	1.0	1.0	1.0
0.9696935415267944	0.526368260383606	1.0	1.0	1.0	1.0	1.0	1.0
1.017880916595459	0.49511831998825073	1.0	1.0	1.0	1.0	1.0	1.0
0.9676138162612915	0.5442559719085693	1.0	1.0	1.0	1.0	1.0	0.0
0.9941836595535278	0.5195615291595459	1.0	1.0	1.0	1.0	1.0	1.0
0.9721130132675171	0.5311661958694458	1.0	1.0	1.0	1.0	1.0	1.0
0.984940767288208	0.49924352765083313	1.0	1.0	1.0	1.0	1.0	1.0
1.0245561599731445	0.4855753183364868	1.0	1.0	1.0	1.0	1.0	1.0
1.044935703277588	0.47213277220726013	1.0	1.0	1.0	1.0	1.0	1.0
0.9651190042495728	0.5449206233024597	1.0	1.0	1.0	1.0	1.0	0.0
1.0435181856155396	0.48271602392196655	1.0	1.0	1.0	1.0	1.0	1.0
1.0519154071807861	0.48715120553970337	1.0	1.0	1.0	1.0	1.0	1.0
0.9789673089981079	0.5250848531723022	1.0	1.0	1.0	1.0	1.0	1.0
1.0564796924591064	0.4799885153770447	1.0	1.0	1.0	1.0	1.0	1.0
1.0833288431167603	0.45761430263519287	1.0	1.0	0.0	0.0	0.0	0.0
1.0286976099014282	0.4883909821510315	1.0	1.0	1.0	1.0	1.0	1.0
1.0608670711517334	0.4764149487018585	1.0	1.0	1.0	1.0	1.0	1.0
0.9815409183502197	0.5230075716972351	1.0	1.0	1.0	1.0	1.0	1.0
0.9934802055358887	0.5207111239433289	1.0	1.0	1.0	1.0	1.0	1.0
0.9848836660385132	0.5265316963195801	1.0	1.0	1.0	1.0	1.0	1.0
1.0337084531784058	0.49532389640808105	1.0	1.0	1.0	1.0	1.0	1.0
1.0344215631484985	0.49403899908065796	1.0	1.0	1.0	1.0	1.0	1.0
1.0557912588119507	0.47842198610305786	1.0	1.0	1.0	1.0	1.0	1.0
1.055328369140625	0.48454350233078003	1.0	1.0	1.0	1.0	1.0	1.0
0.975601315498352	0.5345767736434937	1.0	1.0	1.0	1.0	1.0	1.0
0.9832366704940796	0.5334581732749939	1.0	1.0	1.0	1.0	1.0	1.0
1.0135596990585327	0.49842286109924316	1.0	1.0	1.0	1.0	1.0	1.0
1.0175129175186157	0.5011737942695618	1.0	1.0	1.0	1.0	1.0	1.0
1.0127369165420532	0.5320443511009216	1.0	1.0	1.0	1.0	1.0	1.0
1.0081353187561035	0.5013195276260376	1.0	1.0	1.0	1.0	1.0	1.0
0.9005125761032104	0.5835835337638855	0.0	0.0	0.0	0.0	0.0	0.0
1.0469932556152344	0.48555317521095276	1.0	1.0	1.0	1.0	1.0	1.0
0.9737230539321899	0.5191771388053894	1.0	1.0	1.0	1.0	1.0	1.0
0.9633039236068726	0.5178981423377991	1.0	1.0	1.0	1.0	0.0	1.0
1.0320872068405151	0.4968586564064026	1.0	1.0	1.0	1.0	1.0	1.0
0.9624882936477661	0.5477643609046936	1.0	1.0	1.0	0.0	0.0	0.0
0.9993312358856201	0.5122612714767456	1.0	1.0	1.0	1.0	1.0	1.0
1.0347687005996704	0.4931451082229614	1.0	1.0	1.0	1.0	1.0	1.0
1.0496751070022583	0.48797351121902466	1.0	1.0	1.0	1.0	1.0	1.0
1.0279910564422607	0.51044762134552	1.0	1.0	1.0	1.0	1.0	1.0
1.0350391864776611	0.48328831791877747	1.0	1.0	1.0	1.0	1.0	1.0
1.011338710784912	0.5117601156234741	1.0	1.0	1.0	1.0	1.0	1.0
1.0063374042510986	0.5174031257629395	1.0	1.0	1.0	1.0	1.0	1.0
0.9836231470108032	0.518399715423584	1.0	1.0	1.0	1.0	1.0	1.0
0.9605324268341064	0.5514284372329712	1.0	1.0	1.0	1.0	0.0	0.0
1.0048770904541016	0.5247666835784912	1.0	1.0	1.0	1.0	1.0	1.0
1.0410184860229492	0.4899900555610657	1.0	1.0	1.0	1.0	1.0	1.0
1.0164188146591187	0.49995696544647217	1.0	1.0	1.0	1.0	1.0	1.0
1.0366569757461548	0.5019565224647522	1.0	1.0	1.0	1.0	1.0	1.0
1.0470213890075684	0.47394442558288574	1.0	1.0	1.0	1.0	1.0	1.0
0.9704471826553345	0.5237237215042114	1.0	1.0	1.0	1.0	1.0	1.0
1.0085335969924927	0.504025936126709	1.0	1.0	1.0	1.0	1.0	1.0
1.003462314605713	0.5254994034767151	1.0	1.0	1.0	1.0	1.0	1.0
0.9661766290664673	0.5323242545127869	1.0	1.0	1.0	1.0	1.0	1.0
0.951982855796814	0.5307531356811523	1.0	1.0	0.0	1.0	0.0	1.0
1.004922866821289	0.4881126880645752	1.0	1.0	1.0	1.0	1.0	1.0
0.9626531600952148	0.5293962955474854	1.0	1.0	1.0	1.0	0.0	1.0
1.0175904035568237	0.5034835934638977	1.0	1.0	1.0	1.0	1.0	1.0
0.9967865943908691	0.5201093554496765	1.0	1.0	1.0	1.0	1.0	1.0
1.0283199548721313	0.4839404225349426	1.0	1.0	1.0	1.0	1.0	1.0
1.015101432800293	0.5011987686157227	1.0	1.0	1.0	1.0	1.0	1.0
1.0159409046173096	0.5053017735481262	1.0	1.0	1.0	1.0	1.0	1.0
1.0051976442337036	0.5042694211006165	1.0	1.0	1.0	1.0	1.0	1.0
0.9875892400741577	0.5131812691688538	1.0	1.0	1.0	1.0	1.0	1.0
0.9777412414550781	0.5308482646942139	1.0	1.0	1.0	1.0	1.0	1.0
1.0358741283416748	0.49788859486579895	1.0	1.0	1.0	1.0	1.0	1.0
0.9831743240356445	0.5564560294151306	1.0	1.0	1.0	0.0	1.0	0.0
1.0760583877563477	0.4864004850387573	1.0	1.0	0.0	1.0	0.0	1.0
1.0052562952041626	0.5010347962379456	1.0	1.0	1.0	1.0	1.0	1.0
1.0009199380874634	0.514471173286438	1.0	1.0	1.0	1.0	1.0	1.0
1.022724986076355	0.49764859676361084	1.0	1.0	1.0	1.0	1.0	1.0
1.0338082313537598	0.4928656220436096	1.0	1.0	1.0	1.0	1.0	1.0
1.051879644393921	0.4763479232788086	1.0	1.0	1.0	1.0	1.0	1.0
0.996671199798584	0.5077539682388306	1.0	1.0	1.0	1.0	1.0	1.0
0.9957937002182007	0.5040500164031982	1.0	1.0	1.0	1.0	1.0	1.0
1.012044072151184	0.4891248345375061	1.0	1.0	1.0	1.0	1.0	1.0
1.0476617813110352	0.48225969076156616	1.0	1.0	1.0	1.0	1.0	1.0
1.0064371824264526	0.5146581530570984	1.0	1.0	1.0	1.0	1.0	1.0
1.0660361051559448	0.4821819067001343	1.0	1.0	1.0	1.0	0.0	1.0
1.041429877281189	0.4652531147003174	1.0	1.0	1.0	1.0	1.0	0.0
0.98752760887146	0.5167253017425537	1.0	1.0	1.0	1.0	1.0	1.0
0.986302375793457	0.5141078233718872	1.0	1.0	1.0	1.0	1.0	1.0
1.0232053995132446	0.4891856610774994	1.0	1.0	1.0	1.0	1.0	1.0
1.0140039920806885	0.5013198256492615	1.0	1.0	1.0	1.0	1.0	1.0
1.0548994541168213	0.4669691324234009	1.0	1.0	1.0	1.0	1.0	0.0
1.0177059173583984	0.5032142400741577	1.0	1.0	1.0	1.0	1.0	1.0
1.013378381729126	0.49946001172065735	1.0	1.0	1.0	1.0	1.0	1.0
1.0276039838790894	0.5004764795303345	1.0	1.0	1.0	1.0	1.0	1.0
0.9759124517440796	0.5200815200805664	1.0	1.0	1.0	1.0	1.0	1.0
1.0030701160430908	0.519557535648346	1.0	1.0	1.0	1.0	1.0	1.0
0.9909603595733643	0.5329612493515015	1.0	1.0	1.0	1.0	1.0	1.0
0.9766932725906372	0.5379253625869751	1.0	1.0	1.0	1.0	1.0	1.0
1.0570670366287231	0.48351216316223145	1.0	1.0	1.0	1.0	1.0	1.0
1.0327244997024536	0.49783116579055786	1.0	1.0	1.0	1.0	1.0	1.0
1.0362681150436401	0.4827285408973694	1.0	1.0	1.0	1.0	1.0	1.0
1.0179409980773926	0.5046542286872864	1.0	1.0	1.0	1.0	1.0	1.0
