0.6362905261733949	0.9753338554160846	2.1435883950436856	1.0	1.0	1.0	1.0	1.0	1.0	1.0	1.0	1.0
0.6621895557057049	1.0073922638547188	2.1080359790234193	1.0	1.0	1.0	1.0	1.0	1.0	1.0	1.0	1.0
0.6201089288885098	1.0319717770044592	1.8173377534323691	1.0	1.0	1.0	1.0	1.0	1.0	1.0	1.0	1.0
0.6606849536719411	0.948910128372127	2.1299055702262004	1.0	1.0	1.0	1.0	1.0	1.0	0.0	1.0	1.0
0.5937998026160097	0.983362170576946	1.9445226143374008	1.0	1.0	1.0	1.0	1.0	1.0	1.0	1.0	1.0
0.5952648405189048	1.037718941932297	2.0123667759904467	1.0	1.0	1.0	1.0	1.0	1.0	1.0	1.0	1.0
0.6655766778193803	0.9956673044485134	2.038282374246359	1.0	1.0	1.0	1.0	1.0	1.0	1.0	1.0	1.0
0.5744336611788571	1.1069208785141893	1.6981131278313848	1.0	1.0	1.0	1.0	1.0	1.0	1.0	1.0	0.0
0.6246109409370317	0.9383755728819126	2.3498457125152155	1.0	1.0	1.0	1.0	1.0	0.0	1.0	1.0	0.0
0.5529859411664835	1.0466244495665302	1.860171326386156	1.0	1.0	1.0	1.0	1.0	1.0	1.0	1.0	1.0
0.6242933886880496	1.0585218764684676	2.0273077274272913	1.0	1.0	1.0	1.0	1.0	1.0	1.0	1.0	1.0
0.579203155869141	0.9793788721691951	1.8461365864172021	1.0	1.0	1.0	1.0	1.0	1.0	1.0	1.0	1.0
0.6223690698066762	0.9639894190421029	2.021795637432115	1.0	1.0	1.0	1.0	1.0	1.0	1.0	1.0	1.0
0.5521257096562702	0.9850422607841854	1.9802135226491984	1.0	1.0	1.0	1.0	1.0	1.0	1.0	1.0	1.0
0.6670410473827774	1.0743608481511673	1.86739125125377	1.0	1.0	1.0	0.0	1.0	1.0	0.0	1.0	1.0
0.6101440152115296	1.0122768071898247	2.031136758749717	1.0	1.0	1.0	1.0	1.0	1.0	1.0	1.0	1.0
0.5628275761491064	0.9394349462823354	1.9348278798280183	1.0	1.0	1.0	1.0	1.0	1.0	1.0	1.0	1.0
0.6184210994481009	1.0301702077888688	2.060330226010004	1.0	1.0	1.0	1.0	1.0	1.0	1.0	1.0	1.0
0.5806690738740345	1.034879964730927	1.8131717337273863	1.0	1.0	1.0	1.0	1.0	1.0	1.0	1.0	1.0
0.6301488284161729	1.1021670084516362	1.8992323267201614	1.0	1.0	1.0	1.0	1.0	1.0	1.0	1.0	1.0
0.5739956347513124	0.9321377706821744	2.042876936349774	1.0	1.0	1.0	1.0	1.0	1.0	1.0	1.0	1.0
0.549051889422304	1.0503572084450148	2.0843359625902593	1.0	1.0	1.0	1.0	1.0	1.0	1.0	1.0	1.0
0.5479438046544082	1.036045764153148	2.084506944041732	1.0	1.0	1.0	1.0	1.0	1.0	1.0	1.0	1.0
0.6044564598680959	0.9682525476639626	2.0435014984573723	1.0	1.0	1.0	1.0	1.0	1.0	1.0	1.0	1.0
0.6533633026264415	1.0754210695674178	1.9256229634702293	1.0	1.0	1.0	1.0	1.0	1.0	1.0	1.0	1.0
0.6593368676657453	0.9908603421128674	2.091657493250537	1.0	1.0	1.0	1.0	1.0	1.0	1.0	1.0	1.0
0.5768124223454381	1.0971155024871129	2.0648013787127533	1.0	1.0	1.0	1.0	1.0	1.0	1.0	1.0	1.0
0.6584939572853115	0.8928416888775274	2.128784237522392	1.0	1.0	1.0	1.0	1.0	1.0	1.0	1.0	1.0
0.5648561799828568	1.0666153093718929	1.8101479444461426	1.0	1.0	1.0	1.0	1.0	1.0	1.0	1.0	1.0
0.621134102352333	1.04079948981605	2.0836257570520473	1.0	1.0	1.0	1.0	1.0	1.0	1.0	1.0	1.0
0.5451885246032037	0.9386254868798384	1.9137951180637154	1.0	1.0	1.0	1.0	1.0	1.0	1.0	1.0	1.0
0.622625258748252	0.89497379168502	2.0480807601940016	1.0	1.0	1.0	1.0	1.0	1.0	1.0	1.0	1.0
0.6539412517977261	1.017537400072257	2.137383705941047	1.0	1.0	1.0	1.0	1.0	1.0	1.0	1.0	1.0
0.5506145149731676	1.0130946051204257	1.9840225066124952	1.0	1.0	1.0	1.0	1.0	1.0	1.0	1.0	1.0
0.5808042031474848	1.0501063362434147	2.1190600293542965	1.0	1.0	1.0	1.0	1.0	1.0	1.0	1.0	1.0
0.5863117145816384	0.9909269023554975	2.0958068527040328	1.0	1.0	1.0	1.0	1.0	1.0	1.0	1.0	1.0
0.6291773890062163	1.072328900750778	2.543286579100341	1.0	1.0	0.0	1.0	1.0	0.0	1.0	1.0	0.0
0.6278566112889026	0.9834800969972971	1.9195219985381329	1.0	1.0	1.0	1.0	1.0	1.0	1.0	1.0	1.0
0.6852364682974582	0.9962315517254015	2.0322633760433453	1.0	1.0	1.0	0.0	1.0	1.0	0.0	1.0	1.0
0.6082134173933378	1.025623197171669	2.0539434263087784	1.0	1.0	1.0	1.0	1.0	1.0	1.0	1.0	1.0
0.5566726119162413	1.0889360190429336	2.1210950512635462	1.0	1.0	1.0	1.0	1.0	1.0	1.0	1.0	1.0
0.5989346764543917	0.994814942827155	1.8336828741551143	1.0	1.0	1.0	1.0	1.0	1.0	1.0	1.0	1.0
0.551602169534769	0.9496275631827341	1.8990545694469065	1.0	1.0	1.0	1.0	1.0	1.0	1.0	1.0	1.0
0.6414013247959033	1.0662797511030093	2.117838603581397	1.0	1.0	1.0	1.0	1.0	1.0	1.0	1.0	1.0
0.611622646974575	0.943458934556219	1.9476188974369082	1.0	1.0	1.0	1.0	1.0	1.0	1.0	1.0	1.0
0.6106001615550563	0.9213490969262844	1.7475111561496466	1.0	1.0	1.0	1.0	1.0	1.0	1.0	1.0	0.0
0.5740867226445138	0.896883351685339	2.167326426661334	1.0	1.0	1.0	1.0	1.0	1.0	1.0	1.0	1.0
0.615373970885655	0.9542558139572794	2.2549721237243774	1.0	1.0	1.0	1.0	1.0	1.0	1.0	1.0	0.0
0.5301131689072841	0.8291041824337113	1.9104824755320828	1.0	1.0	1.0	0.0	0.0	1.0	0.0	0.0	1.0
0.5961863580184367	0.9912004058377236	1.8415988197598765	1.0	1.0	1.0	1.0	1.0	1.0	1.0	1.0	1.0
0.6497475882996612	1.0348156688919568	1.9604905890769402	1.0	1.0	1.0	1.0	1.0	1.0	1.0	1.0	1.0
0.5741977009434229	0.9304896699498075	1.9040087778861334	1.0	1.0	1.0	1.0	1.0	1.0	1.0	1.0	1.0
0.6070419078875462	1.000490035733091	2.061287937548507	1.0	1.0	1.0	1.0	1.0	1.0	1.0	1.0	1.0
0.6366766268886589	1.0583495137219516	1.9801557353487635	1.0	1.0	1.0	1.0	1.0	1.0	1.0	1.0	1.0
0.6308455760387961	0.9824637217422927	2.168859574324506	1.0	1.0	1.0	1.0	1.0	1.0	1.0	1.0	1.0
0.5869924536290088	0.8801746097137142	2.215838032040345	1.0	1.0	1.0	1.0	1.0	1.0	1.0	1.0	1.0
0.6218753897824427	0.8894684217976686	2.007979231173822	1.0	1.0	1.0	1.0	1.0	1.0	1.0	1.0	1.0
0.6378710860019365	0.9616616355875024	1.7732331407872708	1.0	1.0	1.0	1.0	1.0	1.0	1.0	1.0	1.0
0.5255132855648306	1.0329009684269883	2.0567365102402073	1.0	1.0	1.0	0.0	1.0	1.0	0.0	1.0	1.0
0.6594029568816282	0.9649226008220165	2.0799659077362738	1.0	1.0	1.0	0.0	1.0	1.0	0.0	1.0	1.0
0.6397857655848209	1.0289896826423244	2.292953533047809	1.0	1.0	1.0	1.0	1.0	0.0	1.0	1.0	0.0
0.5375511438072896	1.106655011854322	1.8745138508374097	1.0	1.0	1.0	1.0	1.0	1.0	0.0	1.0	1.0
0.6332249663628761	0.9857990117514299	1.7779875057192271	1.0	1.0	1.0	1.0	1.0	1.0	1.0	1.0	1.0
0.6096565718253963	0.9536120665314071	1.950124983397023	1.0	1.0	1.0	1.0	1.0	1.0	1.0	1.0	1.0
0.56387645438162	1.0324054643720832	1.8840583134023048	1.0	1.0	1.0	1.0	1.0	1.0	1.0	1.0	1.0
0.6326689606161402	0.9775327396582184	1.8700116800855149	1.0	1.0	1.0	1.0	1.0	1.0	1.0	1.0	1.0
0.5595677236109244	0.978598908490958	1.9613504715761498	1.0	1.0	1.0	1.0	1.0	1.0	1.0	1.0	1.0
0.6447308877561861	1.1197502650358429	2.235451280574459	1.0	1.0	1.0	1.0	1.0	1.0	1.0	0.0	0.0
0.5602935741787766	0.9402127684556298	2.1800596090339788	1.0	1.0	1.0	1.0	1.0	1.0	1.0	1.0	1.0
0.5593665338425202	1.1186282879167173	1.894076284079659	1.0	1.0	1.0	1.0	1.0	1.0	1.0	0.0	1.0
0.6027461529852112	0.9980812041359148	1.9051861773382708	1.0	1.0	1.0	1.0	1.0	1.0	1.0	1.0	1.0
0.6209789524047016	1.011784846536185	2.3940819461281695	1.0	1.0	0.0	1.0	1.0	0.0	1.0	1.0	0.0
0.5985098654846109	0.8872340102887397	2.157161113218823	1.0	1.0	1.0	1.0	1.0	1.0	1.0	1.0	1.0
0.5672512397358801	0.9152480593268894	1.9988762311778077	1.0	1.0	1.0	1.0	1.0	1.0	1.0	1.0	1.0
0.6031187608066627	1.0092132521612944	1.9522330526855527	1.0	1.0	1.0	1.0	1.0	1.0	1.0	1.0	1.0
0.6300601506567068	1.049782771420199	2.2101125194879074	1.0	1.0	1.0	1.0	1.0	1.0	1.0	1.0	1.0
0.5984356225334657	1.093758809075122	1.9741313511170937	1.0	1.0	1.0	1.0	1.0	1.0	1.0	1.0	1.0
0.6299305265530084	1.0935394401525345	1.780357449111723	1.0	1.0	1.0	1.0	1.0	1.0	1.0	1.0	1.0
0.5035635416721502	0.8725337474840819	1.8854504955977993	0.0	1.0	1.0	0.0	1.0	1.0	0.0	0.0	1.0
0.6310496142639715	0.9705273856316896	2.0012111764641656	1.0	1.0	1.0	1.0	1.0	1.0	1.0	1.0	1.0
0.5900848503882078	1.0494334250074857	2.06549570553854	1.0	1.0	1.0	1.0	1.0	1.0	1.0	1.0	1.0
0.5882692679506643	0.9058288139327475	2.0800169343112054	1.0	1.0	1.0	1.0	1.0	1.0	1.0	1.0	1.0
0.5514653554410657	0.9111136978102321	2.104743572175929	1.0	1.0	1.0	1.0	1.0	1.0	1.0	1.0	1.0
0.5970158149211705	1.0459999218709282	1.9786107547152205	1.0	1.0	1.0	1.0	1.0	1.0	1.0	1.0	1.0
0.5982594255593724	0.9036541057564698	1.9409685037706452	1.0	1.0	1.0	1.0	1.0	1.0	1.0	0.0	1.0
0.6212884408315055	1.1361954693113265	1.7331470158759508	1.0	1.0	1.0	1.0	0.0	1.0	1.0	0.0	0.0
0.6648749672882047	0.9538567490053795	1.9245063059703198	1.0	1.0	1.0	1.0	1.0	1.0	0.0	1.0	1.0
0.5770597486861362	1.0286163732568225	2.1411153033844266	1.0	1.0	1.0	1.0	1.0	1.0	1.0	1.0	1.0
0.5655549212282901	0.8941375711885633	1.8043612888070273	1.0	1.0	1.0	1.0	1.0	1.0	1.0	1.0	1.0
0.6155305564568979	0.9627982112727432	2.2419266529284045	1.0	1.0	1.0	1.0	1.0	1.0	1.0	1.0	0.0
0.5623834054537135	1.082538435287645	1.6546233641706325	1.0	1.0	1.0	1.0	1.0	0.0	1.0	1.0	0.0
0.6072317190099167	0.9786902173677603	1.8358755596282192	1.0	1.0	1.0	1.0	1.0	1.0	1.0	1.0	1.0
0.6363406476672858	1.119578546574356	2.0054375485263036	1.0	1.0	1.0	1.0	1.0	1.0	1.0	0.0	1.0
0.5899514764142014	0.9968334696548211	2.011164633754525	1.0	1.0	1.0	1.0	1.0	1.0	1.0	1.0	1.0
0.5733304231690032	0.985856786145934	1.9421244014584855	1.0	1.0	1.0	1.0	1.0	1.0	1.0	1.0	1.0
0.6181333727277973	0.9688497952779224	1.9479036314213227	1.0	1.0	1.0	1.0	1.0	1.0	1.0	1.0	1.0
0.6220026440867222	1.08785851109028	2.179909358464176	1.0	1.0	1.0	1.0	1.0	1.0	1.0	1.0	1.0
0.6316135512835209	1.07030276200156	1.8913597045551218	1.0	1.0	1.0	1.0	1.0	1.0	1.0	1.0	1.0
0.5952074118638718	0.9105568691876218	1.6547447322756423	1.0	1.0	1.0	1.0	1.0	0.0	1.0	1.0	0.0
0.5866506439589618	1.0061182365350194	2.1350822807873806	1.0	1.0	1.0	1.0	1.0	1.0	1.0	1.0	1.0
0.6656343248329255	1.0772137026269408	2.1933259658612103	1.0	1.0	1.0	1.0	1.0	1.0	0.0	1.0	1.0
0.5738337818869331	0.9986142840535484	1.91421000036524	1.0	1.0	1.0	1.0	1.0	1.0	1.0	1.0	1.0
0.6269315367454205	1.0263048371749741	1.7324856570431109	1.0	1.0	1.0	1.0	1.0	1.0	1.0	1.0	0.0
0.5999727170829423	1.0861173624415312	2.0301959496703095	1.0	1.0	1.0	1.0	1.0	1.0	1.0	1.0	1.0
0.6309452264109483	1.0781525819097153	2.202100554941469	1.0	1.0	1.0	1.0	1.0	1.0	1.0	1.0	1.0
0.5999639787087412	0.9401860419784195	1.555455002246683	1.0	1.0	0.0	1.0	1.0	0.0	1.0	1.0	0.0
0.6427027610623229	1.0014357346573655	1.936778837331817	1.0	1.0	1.0	1.0	1.0	1.0	1.0	1.0	1.0
0.6163434645308647	1.0002830024897644	2.010084215478079	1.0	1.0	1.0	1.0	1.0	1.0	1.0	1.0	1.0
0.5843639900127459	0.8952944634511908	1.9888901662813137	1.0	1.0	1.0	1.0	1.0	1.0	1.0	1.0	1.0
0.6059274500349202	1.0638292709748562	1.940513590231826	1.0	1.0	1.0	1.0	1.0	1.0	1.0	1.0	1.0
0.5624515056908832	1.0330828029397827	1.8525121226379357	1.0	1.0	1.0	1.0	1.0	1.0	1.0	1.0	1.0
0.5632692870025373	0.9548085666052174	2.051027534604108	1.0	1.0	1.0	1.0	1.0	1.0	1.0	1.0	1.0
0.5765447072295679	0.9551932378266894	1.8580691854495017	1.0	1.0	1.0	1.0	1.0	1.0	1.0	1.0	1.0
0.6045340546651002	1.143982096868123	2.1814784966074257	1.0	1.0	1.0	1.0	1.0	1.0	1.0	0.0	1.0
0.6064637800419911	1.0123453732104064	2.1078390903975848	1.0	1.0	1.0	1.0	1.0	1.0	1.0	1.0	1.0
0.6312232011877039	1.0326407866877183	2.2384700154552237	1.0	1.0	1.0	1.0	1.0	1.0	1.0	1.0	1.0
0.5628175554309627	0.919622186699294	2.0087358533915363	1.0	1.0	1.0	1.0	1.0	1.0	1.0	1.0	1.0
0.6226061141959817	1.0784403621454477	1.8407749554611548	1.0	1.0	1.0	1.0	1.0	1.0	1.0	1.0	1.0
0.6147125974961907	1.067195311766715	1.891856514279751	1.0	1.0	1.0	1.0	1.0	1.0	1.0	1.0	1.0
0.5702341247481783	0.8926242545583002	2.2879587847313445	1.0	1.0	1.0	1.0	1.0	0.0	1.0	1.0	0.0
0.5971364694217509	1.0559076300367136	1.7730088613475203	1.0	1.0	1.0	1.0	1.0	1.0	1.0	1.0	0.0
0.6052906830805901	0.983821465000793	1.8555762669906604	1.0	1.0	1.0	1.0	1.0	1.0	1.0	1.0	1.0
0.6500557964181969	0.9602317228709624	2.490934410439802	1.0	1.0	0.0	1.0	1.0	0.0	1.0	1.0	0.0
0.6005843791076103	1.0619749430624725	2.03748441191803	1.0	1.0	1.0	1.0	1.0	1.0	1.0	1.0	1.0
0.543382114711203	1.0778016438571592	1.9855488260398133	1.0	1.0	1.0	1.0	1.0	1.0	1.0	1.0	1.0
0.5452088664534629	1.0920409332939736	2.1086258000489275	1.0	1.0	1.0	1.0	1.0	1.0	0.0	1.0	1.0
0.6444628668038552	1.0454984808689816	2.187790374182715	1.0	1.0	1.0	1.0	1.0	1.0	1.0	1.0	1.0
0.6422809488713425	1.0397091406723795	1.8585677775423255	1.0	1.0	1.0	1.0	1.0	1.0	1.0	1.0	1.0
0.5353670181762308	1.0190859022864283	1.8136896606387276	1.0	1.0	1.0	1.0	1.0	1.0	1.0	1.0	1.0
0.6165738829264028	0.9886072881049284	2.1719463120145575	1.0	1.0	1.0	1.0	1.0	1.0	1.0	1.0	1.0
0.5921349623901657	0.9014694430816258	2.266628289329372	1.0	1.0	1.0	1.0	1.0	0.0	1.0	1.0	0.0
0.6470676153347252	1.1383565592280311	2.0464818310764925	1.0	1.0	1.0	1.0	1.0	1.0	1.0	0.0	1.0
0.5913309511171114	0.9996716637615216	1.8785046015542421	1.0	1.0	1.0	1.0	1.0	1.0	1.0	1.0	1.0
0.6518386236410368	1.071693098864003	1.7638353407741825	1.0	1.0	1.0	1.0	1.0	1.0	1.0	1.0	1.0
0.6061992183281057	1.0071237473302082	1.9858870667843527	1.0	1.0	1.0	1.0	1.0	1.0	1.0	1.0	1.0
0.6413835038312774	0.9909613894757174	1.9948061755269275	1.0	1.0	1.0	1.0	1.0	1.0	1.0	1.0	1.0
0.5926891181648826	0.9774745291245874	2.1241879421414307	1.0	1.0	1.0	1.0	1.0	1.0	1.0	1.0	1.0
0.6436643597182808	1.176835929875468	1.931397514092803	1.0	1.0	1.0	1.0	0.0	1.0	1.0	0.0	1.0
0.575380041586421	1.0245135323785395	1.7773526345498485	1.0	1.0	1.0	1.0	1.0	1.0	1.0	1.0	1.0
0.5908560524109321	0.9257247176778204	2.016690922897879	1.0	1.0	1.0	1.0	1.0	1.0	1.0	1.0	1.0
0.6336756593299552	0.9799730337846698	1.8448980869625933	1.0	1.0	1.0	1.0	1.0	1.0	1.0	1.0	1.0
0.6143125599448263	0.8951372723723138	2.1418163753069885	1.0	1.0	1.0	1.0	1.0	1.0	1.0	1.0	1.0
0.6175045085688287	1.0617921789699472	2.1416780796108204	1.0	1.0	1.0	1.0	1.0	1.0	1.0	1.0	1.0
0.6002584988522576	0.9397315781558844	1.8448688098749473	1.0	1.0	1.0	1.0	1.0	1.0	1.0	1.0	1.0
0.5489249144745895	0.8833497998822586	1.9519977869275609	1.0	1.0	1.0	1.0	1.0	1.0	1.0	1.0	1.0
0.644423648658308	1.0058203944782933	1.915663306935251	1.0	1.0	1.0	1.0	1.0	1.0	1.0	1.0	1.0
0.6350504005457867	0.9968259630253183	2.18205308225235	1.0	1.0	1.0	1.0	1.0	1.0	1.0	1.0	1.0
0.660813671423364	1.070930280331565	2.194684744351985	1.0	1.0	1.0	1.0	1.0	1.0	0.0	1.0	1.0
0.5707294536749203	0.9558063049781742	2.0749713307053614	1.0	1.0	1.0	1.0	1.0	1.0	1.0	1.0	1.0
0.5709824194412396	0.9542788562625304	2.0570511492514365	1.0	1.0	1.0	1.0	1.0	1.0	1.0	1.0	1.0
0.6790008630371256	0.9794514731965359	2.1824470596370755	0.0	1.0	1.0	0.0	1.0	1.0	0.0	1.0	1.0
0.6558540046583602	1.08814299128613	1.9814572309480496	1.0	1.0	1.0	1.0	1.0	1.0	1.0	1.0	1.0
0.6130426939428087	0.9702876515122283	1.8755547768781118	1.0	1.0	1.0	1.0	1.0	1.0	1.0	1.0	1.0
0.5686874416187375	0.973102481354332	1.8816008545737364	1.0	1.0	1.0	1.0	1.0	1.0	1.0	1.0	1.0
0.6207201832990441	0.9876190074487919	2.0651095847517564	1.0	1.0	1.0	1.0	1.0	1.0	1.0	1.0	1.0
0.6107493080358672	0.9831883552398342	2.1628770770273116	1.0	1.0	1.0	1.0	1.0	1.0	1.0	1.0	1.0
0.5872455002482927	0.9921734660459602	1.7152094507474502	1.0	1.0	1.0	1.0	1.0	1.0	1.0	1.0	0.0
0.6527441591309299	1.0346506554711292	2.0383360750994712	1.0	1.0	1.0	1.0	1.0	1.0	1.0	1.0	1.0
0.636468091473186	1.1248086429168125	1.960307239274452	1.0	1.0	1.0	1.0	1.0	1.0	1.0	1.0	1.0
0.5895527737848864	0.9615569851726148	1.9301358351021145	1.0	1.0	1.0	1.0	1.0	1.0	1.0	1.0	1.0
0.668531337195957	1.0350815818855144	2.054476001505612	1.0	1.0	1.0	1.0	1.0	1.0	1.0	1.0	1.0
0.6352548871460936	0.9959978973906534	1.7725290856266709	1.0	1.0	1.0	1.0	1.0	1.0	1.0	1.0	1.0
0.6290396011985349	1.003393068753224	2.200117849397517	1.0	1.0	1.0	1.0	1.0	1.0	1.0	1.0	1.0
0.583515050357496	0.9826027512168847	1.9379286989255233	1.0	1.0	1.0	1.0	1.0	1.0	1.0	1.0	1.0
0.5467121582139504	0.9558570544777958	1.6934073683239543	1.0	1.0	1.0	1.0	1.0	0.0	0.0	1.0	0.0
0.62831025519135	1.0622182143895909	1.9528348845829668	1.0	1.0	1.0	1.0	1.0	1.0	1.0	1.0	1.0
0.6312456163039286	1.031146492792532	2.2236435497761664	1.0	1.0	1.0	1.0	1.0	1.0	1.0	1.0	1.0
0.6873334732639107	1.1103242115126177	1.9290600554157433	1.0	1.0	1.0	0.0	1.0	1.0	0.0	1.0	1.0
0.59969155848579	0.9851923977421255	2.432709958512835	1.0	1.0	0.0	1.0	1.0	0.0	1.0	1.0	0.0
0.5716687367372367	1.0542390644848614	1.922364630289815	1.0	1.0	1.0	1.0	1.0	1.0	1.0	1.0	1.0
0.5419548684133833	1.034139542414206	1.869878372855739	1.0	1.0	1.0	1.0	1.0	1.0	1.0	1.0	1.0
0.6316212703669142	1.0799865941261757	1.9242663205475143	1.0	1.0	1.0	1.0	1.0	1.0	1.0	1.0	1.0
0.5518746573324578	1.0731247356460138	2.0155995233318995	1.0	1.0	1.0	1.0	1.0	1.0	1.0	1.0	1.0
0.6629755219526359	1.0652428452544627	2.1486148399680465	1.0	1.0	1.0	0.0	1.0	1.0	0.0	1.0	1.0
0.5889537789649554	1.10140695266913	2.0425617639202662	1.0	1.0	1.0	1.0	1.0	1.0	1.0	1.0	1.0
0.5876434797056861	1.0397926547449705	1.9262919794800162	1.0	1.0	1.0	1.0	1.0	1.0	1.0	1.0	1.0
0.5725968954149109	1.0393835748068292	1.847960337599346	1.0	1.0	1.0	1.0	1.0	1.0	1.0	1.0	1.0
0.5882285024782905	0.9822006517599494	1.9289099328513557	1.0	1.0	1.0	1.0	1.0	1.0	1.0	1.0	1.0
0.626881920245077	0.9597539224470907	2.1839871354475666	1.0	1.0	1.0	1.0	1.0	1.0	1.0	1.0	1.0
0.594570494287263	1.0207378144145	1.8806699622792877	1.0	1.0	1.0	1.0	1.0	1.0	1.0	1.0	1.0
0.5870962824886221	0.9194266882944149	1.9057144889549744	1.0	1.0	1.0	1.0	1.0	1.0	1.0	1.0	1.0
0.6110960332813435	1.074542678321602	1.8553652681813901	1.0	1.0	1.0	1.0	1.0	1.0	1.0	1.0	1.0
0.6512325366432764	1.00087863831029	2.0033847067826454	1.0	1.0	1.0	1.0	1.0	1.0	1.0	1.0	1.0
0.5828904525697403	0.9866369755254604	2.085386554468288	1.0	1.0	1.0	1.0	1.0	1.0	1.0	1.0	1.0
0.579489320301248	1.1220711738930202	1.709617639673091	1.0	1.0	1.0	1.0	0.0	1.0	1.0	0.0	0.0
0.6232162173560092	1.0266708205061945	2.106558263007888	1.0	1.0	1.0	1.0	1.0	1.0	1.0	1.0	1.0
0.5890475417101008	1.0354141646361474	1.956400146681934	1.0	1.0	1.0	1.0	1.0	1.0	1.0	1.0	1.0
0.6056003078877948	1.1285833552531124	2.119858641499732	1.0	1.0	1.0	1.0	1.0	1.0	1.0	1.0	1.0
0.5697686010359981	1.0114274801080756	1.8352203815190848	1.0	1.0	1.0	1.0	1.0	1.0	1.0	1.0	1.0
0.6302629982426585	0.975267923379441	2.182995346529191	1.0	1.0	1.0	1.0	1.0	1.0	1.0	1.0	1.0
0.6304175536100182	0.9631667615836295	1.793603181307296	1.0	1.0	1.0	1.0	1.0	1.0	1.0	1.0	1.0
0.5907112721263678	0.9101310631824752	1.8602715517851922	1.0	1.0	1.0	1.0	1.0	1.0	1.0	1.0	1.0
0.6196253884199101	1.0044702143665583	2.0470649198338555	1.0	1.0	1.0	1.0	1.0	1.0	1.0	1.0	1.0
0.6129569875831534	0.9510813887017329	1.9560422269936504	1.0	1.0	1.0	1.0	1.0	1.0	1.0	1.0	1.0
0.6045623439833143	0.9831642373057685	2.0522898407546823	1.0	1.0	1.0	1.0	1.0	1.0	1.0	1.0	1.0
0.5587929653781082	0.8990602847666138	1.8491785527761349	1.0	1.0	1.0	1.0	1.0	1.0	1.0	1.0	1.0
0.5839924135910912	0.9804397716187786	1.982039155964004	1.0	1.0	1.0	1.0	1.0	1.0	1.0	1.0	1.0
0.6346718341233253	1.0108060032346258	1.6766831665416226	1.0	1.0	1.0	1.0	1.0	1.0	1.0	1.0	0.0
0.6195709081139871	0.9588420686234465	1.9823827259624172	1.0	1.0	1.0	1.0	1.0	1.0	1.0	1.0	1.0
0.5981473096444667	0.9207822781100351	1.924160619675655	1.0	1.0	1.0	1.0	1.0	1.0	1.0	1.0	1.0
0.593347225394813	0.9751937478800353	1.9281314004231298	1.0	1.0	1.0	1.0	1.0	1.0	1.0	1.0	1.0
0.605938838503637	0.9399975076076695	1.754131994355183	1.0	1.0	1.0	1.0	1.0	1.0	1.0	1.0	1.0
0.6161887421423806	0.9221148625411666	2.122387228071809	1.0	1.0	1.0	1.0	1.0	1.0	1.0	1.0	1.0
0.6520741793958029	1.0578613307936857	2.1221852058050747	1.0	1.0	1.0	1.0	1.0	1.0	1.0	1.0	1.0
0.6167972089603508	0.9133617082648903	1.7917629593653623	1.0	1.0	1.0	1.0	1.0	1.0	1.0	1.0	1.0
0.586547589731561	1.1276795008788911	2.1686216814519717	1.0	1.0	1.0	1.0	1.0	1.0	1.0	1.0	1.0
0.6431262209100185	0.991058011078532	2.0988662040964163	1.0	1.0	1.0	1.0	1.0	1.0	1.0	1.0	1.0
0.5328294795087233	0.9192072098519375	1.8797115106884292	1.0	1.0	1.0	0.0	1.0	1.0	0.0	1.0	1.0
0.5821485104071934	1.0507304488618463	1.8016163633984104	1.0	1.0	1.0	1.0	1.0	1.0	1.0	1.0	1.0
0.5886156094744004	1.0552385383938283	2.0059162285891636	1.0	1.0	1.0	1.0	1.0	1.0	1.0	1.0	1.0
0.6218348343181388	1.0241114747608877	2.2340850041657667	1.0	1.0	1.0	1.0	1.0	0.0	1.0	1.0	0.0
0.5925160522671473	1.0355360398276547	2.066569178923324	1.0	1.0	1.0	1.0	1.0	1.0	1.0	1.0	1.0
0.5859313065673087	1.092496573001788	2.0824906775252097	1.0	1.0	1.0	1.0	1.0	1.0	1.0	1.0	1.0
0.610905914512212	0.9309027202829392	2.1498970482306166	1.0	1.0	1.0	1.0	1.0	1.0	1.0	1.0	1.0
0.5952219005127738	0.8901405240279964	2.243342462271944	1.0	1.0	1.0	1.0	1.0	1.0	1.0	1.0	0.0
0.59297716112724	1.0293106781481478	2.0886468171844217	1.0	1.0	1.0	1.0	1.0	1.0	1.0	1.0	1.0
0.5545442444186176	1.0127614952538344	1.866807747543097	1.0	1.0	1.0	1.0	1.0	1.0	1.0	1.0	1.0
0.6253398133040953	1.0139093638856052	1.9417792406847099	1.0	1.0	1.0	1.0	1.0	1.0	1.0	1.0	1.0
0.6303011169525303	0.9815324160769918	2.25504035198362	1.0	1.0	1.0	1.0	1.0	0.0	1.0	1.0	0.0
0.569461786243381	0.8555246138536278	1.7505751993409546	1.0	1.0	1.0	1.0	0.0	1.0	1.0	0.0	0.0
0.6158297069526206	0.9859635305116528	2.044763681433573	1.0	1.0	1.0	1.0	1.0	1.0	1.0	1.0	1.0
0.6072708321184996	0.9262605473169255	2.005202481992812	1.0	1.0	1.0	1.0	1.0	1.0	1.0	1.0	1.0
0.6127357854976779	1.0045607192811523	2.0677036479976634	1.0	1.0	1.0	1.0	1.0	1.0	1.0	1.0	1.0
0.5423303748197621	1.0075724582074255	2.047315086054376	1.0	1.0	1.0	1.0	1.0	1.0	1.0	1.0	1.0
0.6888677035662732	0.9701384183846264	1.96422283560537	1.0	1.0	1.0	0.0	1.0	1.0	0.0	1.0	1.0
0.5664971469481513	0.9342870691359298	2.0981184408030917	1.0	1.0	1.0	1.0	1.0	1.0	1.0	1.0	1.0
0.5722714697965333	1.0485527872343663	1.9221219046856284	1.0	1.0	1.0	1.0	1.0	1.0	1.0	1.0	1.0
0.6398117247444187	0.9970491296128493	1.9222651140442455	1.0	1.0	1.0	1.0	1.0	1.0	1.0	1.0	1.0
0.5706146751462284	0.8474865576564699	1.8306762886103654	1.0	1.0	1.0	1.0	0.0	1.0	1.0	0.0	1.0
0.6224120351480296	0.8843673895515437	2.2687936325775038	1.0	1.0	1.0	1.0	1.0	1.0	1.0	1.0	0.0
0.57960013844981	1.0561925210383867	1.9582309420058728	1.0	1.0	1.0	1.0	1.0	1.0	1.0	1.0	1.0
0.5462402759061423	1.0111782437614785	2.020406768863587	1.0	1.0	1.0	1.0	1.0	1.0	1.0	1.0	1.0
0.5915113114754595	1.1263431400696953	2.027621767018947	1.0	1.0	1.0	1.0	0.0	1.0	1.0	0.0	1.0
0.6103836497606074	1.028162971233564	2.143197960261311	1.0	1.0	1.0	1.0	1.0	1.0	1.0	1.0	1.0
0.591934406920177	0.9826115938713564	1.9481601458893858	1.0	1.0	1.0	1.0	1.0	1.0	1.0	1.0	1.0
0.6278381004246117	0.9724923562176994	1.8987590743020555	1.0	1.0	1.0	1.0	1.0	1.0	1.0	1.0	1.0
0.6441886532047101	1.1011717259217226	1.9737475059610097	1.0	1.0	1.0	1.0	1.0	1.0	0.0	1.0	1.0
0.5763691907581946	1.009144410299818	2.0843566646047647	1.0	1.0	1.0	1.0	1.0	1.0	1.0	1.0	1.0
0.6162092032856848	0.9426372366015794	2.33702933849932	1.0	1.0	1.0	1.0	1.0	0.0	1.0	1.0	0.0
0.5584364173871613	1.2122916338213476	1.9765337244831707	1.0	0.0	1.0	1.0	0.0	1.0	1.0	0.0	1.0
0.5270906433501695	0.9827735452404509	1.7490400456624757	1.0	1.0	1.0	0.0	1.0	0.0	0.0	1.0	0.0
0.6035832214928233	0.9635362156636641	2.0144787982297205	1.0	1.0	1.0	1.0	1.0	1.0	1.0	1.0	1.0
0.617213675162009	0.9935395660465178	1.977388313287343	1.0	1.0	1.0	1.0	1.0	1.0	1.0	1.0	1.0
0.5723702261499023	1.033840065436537	1.777345999804369	1.0	1.0	1.0	1.0	1.0	1.0	1.0	1.0	1.0
0.6743873086146853	0.9987403566878814	2.1011281649794564	1.0	1.0	1.0	0.0	1.0	1.0	0.0	1.0	1.0
0.5999962905676062	0.9662589351661918	1.7676004002081336	1.0	1.0	1.0	1.0	1.0	1.0	1.0	1.0	1.0
0.5684362653118048	1.0743490960478284	1.91800255235105	1.0	1.0	1.0	1.0	1.0	1.0	1.0	1.0	1.0
0.6137231687795313	0.9407056710972943	2.1598552507389943	1.0	1.0	1.0	1.0	1.0	1.0	1.0	1.0	1.0
0.5674691594815829	0.9205739096144406	1.6072254861037487	1.0	1.0	1.0	1.0	1.0	0.0	1.0	1.0	0.0
0.5640504106815337	0.9855921289732182	2.0152750836756828	1.0	1.0	1.0	1.0	1.0	1.0	1.0	1.0	1.0
0.5858598681491706	1.014316952547332	2.2260374660879036	1.0	1.0	1.0	1.0	1.0	1.0	1.0	1.0	1.0
0.5817767707438034	1.020775506765264	1.9628455287664703	1.0	1.0	1.0	1.0	1.0	1.0	1.0	1.0	1.0
0.6235449746888486	0.998888425100704	2.0030445885478363	1.0	1.0	1.0	1.0	1.0	1.0	1.0	1.0	1.0
0.5929002211425811	0.9519711451485007	2.111023084968376	1.0	1.0	1.0	1.0	1.0	1.0	1.0	1.0	1.0
0.5712662443038397	1.0081147269136939	1.9735843845624794	1.0	1.0	1.0	1.0	1.0	1.0	1.0	1.0	1.0
0.6128285894254132	1.1428648819383342	2.054009084489383	1.0	1.0	1.0	1.0	0.0	1.0	1.0	0.0	1.0
0.5949630835650351	1.1108179653201051	1.825320568525979	1.0	1.0	1.0	1.0	1.0	1.0	1.0	1.0	1.0
0.5842966453502075	1.11326572552901	2.1649140650945013	1.0	1.0	1.0	1.0	1.0	1.0	1.0	0.0	1.0
0.5983352078318133	0.956007974088888	2.1009020361926214	1.0	1.0	1.0	1.0	1.0	1.0	1.0	1.0	1.0
0.6222769062636097	0.9475567732475528	2.0043030429632633	1.0	1.0	1.0	1.0	1.0	1.0	1.0	1.0	1.0
0.6131586067010316	1.0574073036915088	1.8631938974832352	1.0	1.0	1.0	1.0	1.0	1.0	1.0	1.0	1.0
0.5591325998924003	1.0096235087363983	1.9008954132268145	1.0	1.0	1.0	1.0	1.0	1.0	1.0	1.0	1.0
0.645491139295926	1.0698661813232613	2.206935617200345	1.0	1.0	1.0	1.0	1.0	1.0	1.0	1.0	1.0
0.5938251948789868	1.169061721866077	2.0091726262653644	1.0	0.0	1.0	1.0	0.0	1.0	1.0	0.0	1.0
0.5573307456646739	0.9620976515190304	1.9209024672863	1.0	1.0	1.0	1.0	1.0	1.0	1.0	1.0	1.0
0.5920843942101103	1.0156206398563685	2.453979985352194	1.0	1.0	0.0	1.0	1.0	0.0	1.0	1.0	0.0
0.5908848740202871	0.8697044095736269	2.1155219427504948	1.0	1.0	1.0	1.0	1.0	1.0	1.0	1.0	1.0
0.6129616885191811	0.9148097125820821	1.9086754851142265	1.0	1.0	1.0	1.0	1.0	1.0	1.0	1.0	1.0
0.6219523918798352	0.8753403589322775	2.0346111122450146	1.0	1.0	1.0	1.0	1.0	1.0	1.0	0.0	1.0
0.6619374069432655	0.9520562668728966	2.1912363312573673	1.0	1.0	1.0	1.0	1.0	1.0	1.0	1.0	0.0
0.5970096226699277	0.9271907522514187	1.9623413354361872	1.0	1.0	1.0	1.0	1.0	1.0	1.0	1.0	1.0
0.5528724340112623	0.9646826494798628	1.9966087054101918	1.0	1.0	1.0	1.0	1.0	1.0	1.0	1.0	1.0
0.5862784076214366	0.9006672498561548	2.067085943235403	1.0	1.0	1.0	1.0	1.0	1.0	1.0	1.0	1.0
0.5566701160428247	1.0000451893435522	1.7137672553203764	1.0	1.0	1.0	1.0	1.0	0.0	1.0	1.0	0.0
0.6195269318275013	0.971638758763942	1.861998774582546	1.0	1.0	1.0	1.0	1.0	1.0	1.0	1.0	1.0
0.5540255519675151	1.0523508780418123	1.8471367566437245	1.0	1.0	1.0	1.0	1.0	1.0	1.0	1.0	1.0
0.5757615658918906	0.7705539311206158	1.8893916403601179	1.0	0.0	1.0	1.0	0.0	1.0	1.0	0.0	1.0
0.6092009173360887	0.973074772452815	2.171012606721608	1.0	1.0	1.0	1.0	1.0	1.0	1.0	1.0	1.0
0.6216552581518792	1.0057347294230665	1.9261276896741937	1.0	1.0	1.0	1.0	1.0	1.0	1.0	1.0	1.0
0.5997388886003203	0.9880980404852946	2.2156829802556968	1.0	1.0	1.0	1.0	1.0	0.0	1.0	1.0	0.0
0.5858244694809439	1.0330848303468596	2.011240845648028	1.0	1.0	1.0	1.0	1.0	1.0	1.0	1.0	1.0
0.5542787413944488	0.9729655949128115	1.7757087174240518	1.0	1.0	1.0	1.0	1.0	1.0	1.0	1.0	1.0
0.613147890770024	0.982981509803253	2.0379187128998626	1.0	1.0	1.0	1.0	1.0	1.0	1.0	1.0	1.0
0.6014149399036673	0.890506252628024	2.139930244286522	1.0	1.0	1.0	1.0	1.0	1.0	1.0	1.0	1.0
0.6510437109468489	1.0583795551485267	2.023356441342528	1.0	1.0	1.0	1.0	1.0	1.0	1.0	1.0	1.0
0.5622524898017877	0.9761085244492748	2.046651792087406	1.0	1.0	1.0	1.0	1.0	1.0	1.0	1.0	1.0
0.6018735904519823	0.9541056155637351	1.7787819526692903	1.0	1.0	1.0	1.0	1.0	1.0	1.0	1.0	1.0
0.5713268422871864	0.9318756420235912	1.7801988747564828	1.0	1.0	1.0	1.0	1.0	1.0	1.0	1.0	1.0
0.6345714554332503	1.06169629133182	1.9107271925066458	1.0	1.0	1.0	1.0	1.0	1.0	1.0	1.0	1.0
0.5596280062758524	1.0993497976293751	1.9046618681333072	1.0	1.0	1.0	1.0	1.0	1.0	1.0	1.0	1.0
0.6613128584300995	0.9401237418439089	1.835569249982056	1.0	1.0	1.0	1.0	1.0	1.0	0.0	1.0	1.0
0.5626943346031125	1.142263131837793	2.0804559025644522	1.0	1.0	1.0	1.0	1.0	1.0	1.0	1.0	1.0
0.6118785198372211	1.0291020635732395	2.0121444501994667	1.0	1.0	1.0	1.0	1.0	1.0	1.0	1.0	1.0
0.6373036375982124	1.0658085882330393	2.1203004140764694	1.0	1.0	1.0	1.0	1.0	1.0	1.0	1.0	1.0
0.655857819793938	1.1423203477546795	2.0890062297287786	1.0	1.0	1.0	1.0	1.0	1.0	0.0	0.0	1.0
0.5882681778174326	1.015116805609549	1.9224928219501587	1.0	1.0	1.0	1.0	1.0	1.0	1.0	1.0	1.0
0.6066495365068718	0.9865821793195207	2.059564437702188	1.0	1.0	1.0	1.0	1.0	1.0	1.0	1.0	1.0
0.5362291354978347	1.0334141075857695	1.63939320157313	1.0	1.0	1.0	1.0	1.0	0.0	0.0	1.0	0.0
0.5880375621840411	0.9000561725708206	1.9296137410388434	1.0	1.0	1.0	1.0	1.0	1.0	1.0	1.0	1.0
0.5901491378940232	1.0129982647335265	2.371965556485343	1.0	1.0	1.0	1.0	1.0	0.0	1.0	1.0	0.0
0.5976220930875797	0.9463547777341201	1.8562949590762214	1.0	1.0	1.0	1.0	1.0	1.0	1.0	1.0	1.0
0.6503099135367003	1.0171360864898484	2.0036842891511815	1.0	1.0	1.0	1.0	1.0	1.0	1.0	1.0	1.0
0.6622412519994882	1.1194569424365544	2.030329338719087	1.0	1.0	1.0	1.0	1.0	1.0	0.0	0.0	1.0
0.5941019614953975	0.9513813245142789	2.0567295895589415	1.0	1.0	1.0	1.0	1.0	1.0	1.0	1.0	1.0
0.58844220583758	1.0471873185616303	2.0685025936588874	1.0	1.0	1.0	1.0	1.0	1.0	1.0	1.0	1.0
0.5671715812861254	1.1130930156296712	1.8967205160491243	1.0	1.0	1.0	1.0	1.0	1.0	1.0	1.0	1.0
0.5293303294043322	1.0177368998433747	1.845464974389625	1.0	1.0	1.0	0.0	1.0	1.0	0.0	1.0	1.0
0.6239516847339424	1.017807399226099	1.8840206250785085	1.0	1.0	1.0	1.0	1.0	1.0	1.0	1.0	1.0
0.631525238896899	1.0270419136371405	1.9091463594838582	1.0	1.0	1.0	1.0	1.0	1.0	1.0	1.0	1.0
0.5984705902812033	0.9296884784237873	1.7871561292622138	1.0	1.0	1.0	1.0	1.0	1.0	1.0	1.0	1.0
0.6093012013232401	0.8636161475692792	1.919160636591668	1.0	1.0	1.0	1.0	1.0	1.0	1.0	0.0	1.0
0.629195812798539	0.9279314164195462	1.7420657370549666	1.0	1.0	1.0	1.0	1.0	1.0	1.0	1.0	0.0
0.5930985416991833	0.9139526853137983	1.7613004515092707	1.0	1.0	1.0	1.0	1.0	1.0	1.0	1.0	1.0
0.6596406873434713	1.0090041592203018	1.9373599866182707	1.0	1.0	1.0	1.0	1.0	1.0	1.0	1.0	1.0
0.6327508119614081	0.9362907993346662	1.963771263751092	1.0	1.0	1.0	1.0	1.0	1.0	1.0	1.0	1.0
0.5927924572437546	1.0280335934966702	1.701545956855332	1.0	1.0	1.0	1.0	1.0	1.0	1.0	1.0	1.0
0.5777316271194625	1.0498663896979767	1.8768904729547276	1.0	1.0	1.0	1.0	1.0	1.0	1.0	1.0	1.0
0.5735479871992977	1.0163480897134787	1.8098577893129395	1.0	1.0	1.0	1.0	1.0	1.0	1.0	1.0	1.0
0.5597812560833048	0.924076171330169	1.9642231129676366	1.0	1.0	1.0	1.0	1.0	1.0	1.0	1.0	1.0
0.5928093117125438	0.8770115040385015	2.002165270850094	1.0	1.0	1.0	1.0	1.0	1.0	1.0	0.0	1.0
0.5895532023507486	1.0640390404251445	1.8336170154509963	1.0	1.0	1.0	1.0	1.0	1.0	1.0	1.0	1.0
0.5324013312325634	0.9841831545666049	1.9741598091079149	1.0	1.0	1.0	0.0	1.0	1.0	0.0	1.0	1.0
0.5871885135391837	0.8530705475970624	1.7413452780283638	1.0	1.0	1.0	1.0	0.0	1.0	1.0	0.0	1.0
0.5825346819930309	0.9641466950458617	2.219233011481816	1.0	1.0	1.0	1.0	1.0	1.0	1.0	1.0	1.0
0.5707868140909088	0.966998101345068	1.8495675145674644	1.0	1.0	1.0	1.0	1.0	1.0	1.0	1.0	1.0
0.6060247861710902	1.017252495373675	2.0936882635077687	1.0	1.0	1.0	1.0	1.0	1.0	1.0	1.0	1.0
0.6511631047746244	0.9409768150000057	1.8075594670535104	1.0	1.0	1.0	1.0	1.0	1.0	1.0	1.0	1.0
0.5702232517202871	0.9547169747589455	2.3428759756778246	1.0	1.0	1.0	1.0	1.0	0.0	1.0	1.0	0.0
0.564631196457029	1.0193918759932499	2.002375414251083	1.0	1.0	1.0	1.0	1.0	1.0	1.0	1.0	1.0
0.6166697761767138	1.0087044229589672	2.1738571512982743	1.0	1.0	1.0	1.0	1.0	1.0	1.0	1.0	1.0
0.6264088274515628	1.0625217055672331	2.0045935082605193	1.0	1.0	1.0	1.0	1.0	1.0	1.0	1.0	1.0
0.5931630024292297	1.0035408613052585	2.171889196931626	1.0	1.0	1.0	1.0	1.0	1.0	1.0	1.0	1.0
0.6053358144272739	0.9259242835406999	2.2048251833563866	1.0	1.0	1.0	1.0	1.0	1.0	1.0	1.0	1.0
0.6023798903642165	1.0031625265716704	1.82836988173777	1.0	1.0	1.0	1.0	1.0	1.0	1.0	1.0	1.0
0.6165753417157884	0.8159106125975467	1.932248390904632	1.0	0.0	1.0	1.0	0.0	1.0	1.0	0.0	1.0
0.6782462355251746	0.9970564056943655	1.742676729848387	1.0	1.0	1.0	0.0	1.0	1.0	0.0	1.0	1.0
0.6371638299218143	1.116568448114933	2.00095653744323	1.0	1.0	1.0	1.0	1.0	1.0	1.0	0.0	1.0
0.593285122445604	0.9360151004702391	1.884164167754782	1.0	1.0	1.0	1.0	1.0	1.0	1.0	1.0	1.0
0.5805641461679125	1.0027496767563135	1.8534842171432802	1.0	1.0	1.0	1.0	1.0	1.0	1.0	1.0	1.0
0.596355476391407	1.0449088945400802	1.9027836844005777	1.0	1.0	1.0	1.0	1.0	1.0	1.0	1.0	1.0
0.5865885129582861	0.9452188597215889	2.4067213261528697	1.0	1.0	0.0	1.0	1.0	0.0	1.0	1.0	0.0
0.5236139453470499	1.0132344550652912	1.965514950664095	1.0	1.0	1.0	0.0	1.0	1.0	0.0	1.0	1.0
0.6402377777437629	0.965653758106776	2.0723917243631775	1.0	1.0	1.0	1.0	1.0	1.0	1.0	1.0	1.0
0.6597081304692028	1.0357398692731536	1.7970640560835927	1.0	1.0	1.0	1.0	1.0	1.0	0.0	1.0	1.0
0.5694897455074893	1.0200457550755566	1.991547951895051	1.0	1.0	1.0	1.0	1.0	1.0	1.0	1.0	1.0
0.5978606216675278	0.9118115021484092	1.8977859549022993	1.0	1.0	1.0	1.0	1.0	1.0	1.0	1.0	1.0
0.564621113123753	0.8572366194030944	1.9088033946776093	1.0	1.0	1.0	1.0	0.0	1.0	1.0	0.0	1.0
0.5663855779126341	0.8752129272794559	1.9613324102803624	1.0	1.0	1.0	1.0	1.0	1.0	1.0	1.0	1.0
0.6481674185672961	0.9959252127877292	2.002029008322884	1.0	1.0	1.0	1.0	1.0	1.0	1.0	1.0	1.0
0.5695639885974277	0.9639345039444158	1.9361115193362213	1.0	1.0	1.0	1.0	1.0	1.0	1.0	1.0	1.0
0.5758764476156457	0.9269981962164976	2.0211250948091237	1.0	1.0	1.0	1.0	1.0	1.0	1.0	1.0	1.0
0.6514430638771165	1.0006829095339695	1.623751141877325	1.0	1.0	1.0	1.0	1.0	0.0	1.0	1.0	0.0
0.6271139269286842	1.0884977082700833	2.006830366049389	1.0	1.0	1.0	1.0	1.0	1.0	1.0	1.0	1.0
0.6007800295544153	1.142889185551522	2.1417007101820364	1.0	1.0	1.0	1.0	1.0	1.0	1.0	0.0	1.0
0.5804051658110786	1.0957936236151382	1.9588484199710778	1.0	1.0	1.0	1.0	1.0	1.0	1.0	1.0	1.0
0.5808497203283165	1.0020438965421345	1.821658932984602	1.0	1.0	1.0	1.0	1.0	1.0	1.0	1.0	1.0
0.5496953348363436	1.0597732971702387	1.8297295965242195	1.0	1.0	1.0	1.0	1.0	1.0	1.0	1.0	1.0
0.597134724111204	0.9926274596390446	2.2394166852794277	1.0	1.0	1.0	1.0	1.0	0.0	1.0	1.0	0.0
0.6635908358931694	1.0505764416388144	1.8659912789419828	1.0	1.0	1.0	1.0	1.0	1.0	0.0	1.0	1.0
0.6312669197854466	0.9898811036400028	2.106971055943577	1.0	1.0	1.0	1.0	1.0	1.0	1.0	1.0	1.0
0.5762329883362118	1.0016831991935449	1.765755405615135	1.0	1.0	1.0	1.0	1.0	1.0	1.0	1.0	1.0
0.5771992305183412	0.9147565225723102	2.0573387033040245	1.0	1.0	1.0	1.0	1.0	1.0	1.0	1.0	1.0
0.5733049124883667	1.0955592280898125	2.393424939266242	1.0	1.0	0.0	1.0	1.0	0.0	1.0	1.0	0.0
0.5898173183613159	0.9480669615499252	2.017367632787061	1.0	1.0	1.0	1.0	1.0	1.0	1.0	1.0	1.0
0.5769321303348361	0.9161471285128283	2.02482078852303	1.0	1.0	1.0	1.0	1.0	1.0	1.0	1.0	1.0
0.6148744976373289	1.0478366269857566	1.8354870170251467	1.0	1.0	1.0	1.0	1.0	1.0	1.0	1.0	1.0
0.5239646538404537	0.9921100084217396	1.863183680718898	1.0	1.0	1.0	0.0	1.0	1.0	0.0	1.0	1.0
0.5808379883659246	1.0907355139234247	1.8889717043082273	1.0	1.0	1.0	1.0	1.0	1.0	1.0	1.0	1.0
0.58958026883401	1.0746928539664173	2.0376029960853446	1.0	1.0	1.0	1.0	1.0	1.0	1.0	1.0	1.0
0.6220175228170527	0.9881373456439526	1.846344891409831	1.0	1.0	1.0	1.0	1.0	1.0	1.0	1.0	1.0
0.6093640404067635	0.9634122465742718	1.930238159551979	1.0	1.0	1.0	1.0	1.0	1.0	1.0	1.0	1.0
0.6022290869372401	0.9344640855850308	1.847261951693573	1.0	1.0	1.0	1.0	1.0	1.0	1.0	1.0	1.0
0.6097039752068248	1.042995127741324	1.7956913141339799	1.0	1.0	1.0	1.0	1.0	1.0	1.0	1.0	1.0
0.5208063415206433	1.0526741217788445	2.1283449493540463	1.0	1.0	1.0	0.0	1.0	1.0	0.0	1.0	1.0
0.6007794211774614	1.0300776814890815	1.8363480491212794	1.0	1.0	1.0	1.0	1.0	1.0	1.0	1.0	1.0
0.618494442035926	1.0471096778762012	1.7766981273969915	1.0	1.0	1.0	1.0	1.0	1.0	1.0	1.0	0.0
0.5975170865298512	0.8651747823113618	2.0360805484310416	1.0	1.0	1.0	1.0	1.0	1.0	1.0	0.0	1.0
0.5877151806113119	1.0118872107674979	1.9192863453020026	1.0	1.0	1.0	1.0	1.0	1.0	1.0	1.0	1.0
0.5901323831547238	0.9191095878826587	2.1296978787795973	1.0	1.0	1.0	1.0	1.0	1.0	1.0	1.0	1.0
0.6721953193945421	0.9771735585888304	1.768081523792571	1.0	1.0	1.0	1.0	1.0	1.0	0.0	1.0	1.0
0.6236299163509234	0.9790689675172384	2.0748773555956617	1.0	1.0	1.0	1.0	1.0	1.0	1.0	1.0	1.0
0.5171987001239559	0.8763796736682969	1.9460481503532565	1.0	1.0	1.0	0.0	1.0	1.0	0.0	0.0	1.0
0.625921133298541	1.109472544961793	2.190443006370327	1.0	1.0	1.0	1.0	1.0	1.0	1.0	1.0	1.0
0.581071690967578	1.066759484249729	1.9431249399345754	1.0	1.0	1.0	1.0	1.0	1.0	1.0	1.0	1.0
0.6344468792572842	1.0771983474436684	2.2736826413101574	1.0	1.0	1.0	1.0	1.0	1.0	1.0	1.0	0.0
0.6776798899847482	1.0183503789947967	2.0180915724521453	1.0	1.0	1.0	0.0	1.0	1.0	0.0	1.0	1.0
0.6087300528725554	1.0263119018452096	2.044420986905209	1.0	1.0	1.0	1.0	1.0	1.0	1.0	1.0	1.0
0.6081790647935021	0.9711890907018125	1.9606453250675935	1.0	1.0	1.0	1.0	1.0	1.0	1.0	1.0	1.0
0.6346601853305862	1.1143583828929176	1.9883571851292463	1.0	1.0	1.0	1.0	1.0	1.0	1.0	0.0	1.0
0.6121081854758784	0.9687528663498657	2.225120764727654	1.0	1.0	1.0	1.0	1.0	1.0	1.0	1.0	1.0
0.5803191300664486	1.0074446679287512	2.078734169416488	1.0	1.0	1.0	1.0	1.0	1.0	1.0	1.0	1.0
0.5738956760451452	0.976732774602167	2.1697346248103195	1.0	1.0	1.0	1.0	1.0	1.0	1.0	1.0	1.0
0.5920721889867155	0.985218536467343	2.035934231693837	1.0	1.0	1.0	1.0	1.0	1.0	1.0	1.0	1.0
0.591566661310494	1.0538897372947031	2.1905956714786394	1.0	1.0	1.0	1.0	1.0	1.0	1.0	1.0	1.0
0.5204889965993301	0.9223922983434485	2.1501369001475794	1.0	1.0	1.0	1.0	1.0	1.0	0.0	1.0	1.0
0.5917719819629463	1.15971730613403	1.963328783640741	1.0	1.0	1.0	1.0	0.0	1.0	1.0	0.0	1.0
0.6201795322818259	0.9204553665725299	1.9521090192154198	1.0	1.0	1.0	1.0	1.0	1.0	1.0	1.0	1.0
0.5869859129824402	0.9472146142718207	2.006507735185877	1.0	1.0	1.0	1.0	1.0	1.0	1.0	1.0	1.0
0.5962382706947807	1.0062214114091965	1.8446143275435898	1.0	1.0	1.0	1.0	1.0	1.0	1.0	1.0	1.0
0.6257061017955285	0.8859279597035736	2.0676121755281485	1.0	1.0	1.0	1.0	1.0	1.0	1.0	1.0	1.0
0.6220450370150457	0.8415270181165105	2.072465042459584	1.0	1.0	1.0	1.0	1.0	1.0	1.0	0.0	1.0
0.6239074232174125	1.0457594224518114	1.9488300329623407	1.0	1.0	1.0	1.0	1.0	1.0	1.0	1.0	1.0
0.6525018017635079	0.9288817021057775	1.9448343927529608	1.0	1.0	1.0	1.0	1.0	1.0	1.0	1.0	1.0
0.5168732725248019	0.8204580228681503	2.0761379038116607	1.0	0.0	1.0	0.0	0.0	1.0	0.0	0.0	1.0
0.6214669555816965	0.9770929392008402	1.9273237714685267	1.0	1.0	1.0	1.0	1.0	1.0	1.0	1.0	1.0
0.6054010181488916	0.9265356121187658	1.9545157919704157	1.0	1.0	1.0	1.0	1.0	1.0	1.0	1.0	1.0
0.6439941683461557	1.1109217666602635	2.0077325606707346	1.0	1.0	1.0	1.0	1.0	1.0	1.0	1.0	1.0
0.5738550784146279	0.954321737514152	2.1110456322795086	1.0	1.0	1.0	1.0	1.0	1.0	1.0	1.0	1.0
0.6334081423284151	0.8869533574678545	2.1609449836745758	1.0	1.0	1.0	1.0	1.0	1.0	1.0	1.0	1.0
0.6246006157870079	1.0808377207918134	1.8985652013068135	1.0	1.0	1.0	1.0	1.0	1.0	1.0	1.0	1.0
0.6030456288248989	0.9451965200447369	1.9962712952653927	1.0	1.0	1.0	1.0	1.0	1.0	1.0	1.0	1.0
0.583339942103028	0.9424091035215769	2.1624867283125893	1.0	1.0	1.0	1.0	1.0	1.0	1.0	1.0	1.0
0.556920321062893	1.080184108914951	1.8059315258514514	1.0	1.0	1.0	1.0	1.0	1.0	1.0	1.0	1.0
0.6171668204474345	1.0295772258721794	2.1413725904230896	1.0	1.0	1.0	1.0	1.0	1.0	1.0	1.0	1.0
0.5615662625690458	1.0782871401958016	1.883714367123845	1.0	1.0	1.0	1.0	1.0	1.0	1.0	1.0	1.0
0.6191436006940921	1.0203479849032124	1.6796788396489821	1.0	1.0	1.0	1.0	1.0	1.0	1.0	1.0	0.0
0.6168493702625547	0.9899401400005094	2.0731272391054	1.0	1.0	1.0	1.0	1.0	1.0	1.0	1.0	1.0
0.5993780178993149	1.1039751117106693	1.8201916371225726	1.0	1.0	1.0	1.0	1.0	1.0	1.0	1.0	1.0
0.6029375346318111	0.9945410513314054	2.1508774725608295	1.0	1.0	1.0	1.0	1.0	1.0	1.0	1.0	1.0
0.5706353412097936	0.9398937174914773	1.9736390028869226	1.0	1.0	1.0	1.0	1.0	1.0	1.0	1.0	1.0
0.6245355615918275	1.0900262091127502	2.1768651036373963	1.0	1.0	1.0	1.0	1.0	1.0	1.0	1.0	1.0
0.5528887925602554	0.9769929598314985	2.074076740798718	1.0	1.0	1.0	1.0	1.0	1.0	1.0	1.0	1.0
0.5473126505768116	0.9474335372929796	1.8312768353016597	1.0	1.0	1.0	1.0	1.0	1.0	1.0	1.0	1.0
0.5551402008487402	1.0379648465880666	2.037066432249404	1.0	1.0	1.0	1.0	1.0	1.0	1.0	1.0	1.0
0.5415224728096402	1.0317400845620937	2.0605905293004705	1.0	1.0	1.0	1.0	1.0	1.0	1.0	1.0	1.0
0.6929431759272269	1.1737816518338269	1.7332528449697477	0.0	1.0	1.0	0.0	0.0	1.0	0.0	0.0	1.0
0.616810946229004	0.9888674635349993	2.2762665050015576	1.0	1.0	1.0	1.0	1.0	0.0	1.0	1.0	0.0
0.6494982091163607	1.1246806223566779	1.9207214671118686	1.0	1.0	1.0	1.0	1.0	1.0	1.0	1.0	1.0
0.59503951917736	0.9450071184949682	1.9443737626349924	1.0	1.0	1.0	1.0	1.0	1.0	1.0	1.0	1.0
0.6101450552098616	1.0859420570868705	2.0032216882353167	1.0	1.0	1.0	1.0	1.0	1.0	1.0	1.0	1.0
0.5962843909050427	0.9481224538591657	1.862398124557163	1.0	1.0	1.0	1.0	1.0	1.0	1.0	1.0	1.0
0.5840298649500144	1.0525765308458883	1.7448192039530297	1.0	1.0	1.0	1.0	1.0	1.0	1.0	1.0	1.0
0.6271246763314583	1.0919268158807163	1.8412713243321284	1.0	1.0	1.0	1.0	1.0	1.0	1.0	1.0	1.0
0.5135305960448415	0.8727999111057222	1.9697716559875975	1.0	1.0	1.0	0.0	1.0	1.0	0.0	0.0	1.0
0.6654675137145285	1.076221283606928	1.983881080751934	1.0	1.0	1.0	1.0	1.0	1.0	0.0	1.0	1.0
0.6136931484584333	0.9207094619635929	1.9120095567625512	1.0	1.0	1.0	1.0	1.0	1.0	1.0	1.0	1.0
0.6084863321225211	0.9721197560501632	1.8837704666350332	1.0	1.0	1.0	1.0	1.0	1.0	1.0	1.0	1.0
0.6103884251227865	0.955371805654907	2.0318831054590354	1.0	1.0	1.0	1.0	1.0	1.0	1.0	1.0	1.0
0.6078047665476595	1.0162319982515966	1.9458898415799375	1.0	1.0	1.0	1.0	1.0	1.0	1.0	1.0	1.0
0.61236266767076	0.9554548047324841	2.0827076906562154	1.0	1.0	1.0	1.0	1.0	1.0	1.0	1.0	1.0
0.5991580677777374	0.9360059898263343	1.930599274476653	1.0	1.0	1.0	1.0	1.0	1.0	1.0	1.0	1.0
0.6414905229337053	0.959805428300793	2.087172731915141	1.0	1.0	1.0	1.0	1.0	1.0	1.0	1.0	1.0
0.6055376728983151	1.0352919359293324	2.153308919074963	1.0	1.0	1.0	1.0	1.0	1.0	1.0	1.0	1.0
0.6099459885262428	1.0430351232487989	1.9232278433437768	1.0	1.0	1.0	1.0	1.0	1.0	1.0	1.0	1.0
0.6424585833344224	1.016194541284793	2.2295151612876594	1.0	1.0	1.0	1.0	1.0	1.0	1.0	1.0	1.0
0.6125101338852204	1.0159151603482681	2.1788306021551347	1.0	1.0	1.0	1.0	1.0	1.0	1.0	1.0	1.0
0.5665696682953478	1.0471349085372503	2.0158639626437034	1.0	1.0	1.0	1.0	1.0	1.0	1.0	1.0	1.0
0.6277515074140233	1.115878736938472	2.180531101180992	1.0	1.0	1.0	1.0	1.0	1.0	1.0	1.0	1.0
0.5630794971748568	1.0434576066431869	2.0368181284741973	1.0	1.0	1.0	1.0	1.0	1.0	1.0	1.0	1.0
0.5409574887775184	1.0285973360898693	1.82184034987652	1.0	1.0	1.0	1.0	1.0	1.0	0.0	1.0	1.0
0.6511954295320009	1.0680505281645072	2.231599901451813	1.0	1.0	1.0	1.0	1.0	1.0	1.0	1.0	1.0
0.5931987356180638	1.1667702353971343	1.9441896393322144	1.0	1.0	1.0	1.0	0.0	1.0	1.0	0.0	1.0
0.5832997085433943	1.0631211117806705	2.2861616357618684	1.0	1.0	1.0	1.0	1.0	1.0	1.0	1.0	0.0
0.6436863263081402	1.0000180822798428	2.0803404427780126	1.0	1.0	1.0	1.0	1.0	1.0	1.0	1.0	1.0
0.6180019344485392	0.8260306943274037	1.7888966564695137	1.0	1.0	1.0	1.0	1.0	1.0	1.0	0.0	1.0
0.6441098839318211	1.0605883351255738	1.916799548996651	1.0	1.0	1.0	1.0	1.0	1.0	1.0	1.0	1.0
0.627129647056775	1.0074643717251337	2.084553369349801	1.0	1.0	1.0	1.0	1.0	1.0	1.0	1.0	1.0
0.5900081262739297	1.0139732345061097	1.8729148199391115	1.0	1.0	1.0	1.0	1.0	1.0	1.0	1.0	1.0
0.6034171825314317	1.116402388604283	1.9525818630087164	1.0	1.0	1.0	1.0	1.0	1.0	1.0	0.0	1.0
0.6108950235651797	0.960128236610335	2.011676403271857	1.0	1.0	1.0	1.0	1.0	1.0	1.0	1.0	1.0
0.6014134139752847	0.9852603124523113	1.915965954918716	1.0	1.0	1.0	1.0	1.0	1.0	1.0	1.0	1.0
0.6570536671895898	1.0887777272911052	2.192588246665505	1.0	1.0	1.0	1.0	1.0	1.0	1.0	1.0	1.0
0.5497932650201579	0.9494013282104836	2.2219986344651654	1.0	1.0	1.0	1.0	1.0	1.0	1.0	1.0	1.0
0.6336848706556422	0.9481038904350475	1.8277079864616077	1.0	1.0	1.0	1.0	1.0	1.0	1.0	1.0	1.0
0.6165844681043623	0.9924519500182131	2.2782905436553627	1.0	1.0	1.0	1.0	1.0	1.0	1.0	1.0	0.0
0.5602527025304118	0.8961164413863913	2.0342328540507046	1.0	1.0	1.0	1.0	1.0	1.0	1.0	1.0	1.0
0.6033351861792497	0.99318139236687	1.9037907263695633	1.0	1.0	1.0	1.0	1.0	1.0	1.0	1.0	1.0
0.6141302013158426	1.0094867499994462	2.032745703536278	1.0	1.0	1.0	1.0	1.0	1.0	1.0	1.0	1.0
0.5942269846615824	0.9151342043583286	1.8633913968373967	1.0	1.0	1.0	1.0	1.0	1.0	1.0	1.0	1.0
0.5934882386650535	0.9391355179073473	2.1178488056533054	1.0	1.0	1.0	1.0	1.0	1.0	1.0	1.0	1.0
0.5784432459129546	1.12933731433461	1.9744873640725422	1.0	1.0	1.0	1.0	1.0	1.0	1.0	1.0	1.0
0.6393257653220487	1.0272397965380262	2.0764567464856762	1.0	1.0	1.0	1.0	1.0	1.0	1.0	1.0	1.0
0.6205437580430105	0.9067126522013803	2.1806772797219507	1.0	1.0	1.0	1.0	1.0	1.0	1.0	1.0	1.0
0.5712274117588849	0.9884678672685889	1.8810815376199075	1.0	1.0	1.0	1.0	1.0	1.0	1.0	1.0	1.0
0.6123752694158672	0.9848720796449716	1.902398142376694	1.0	1.0	1.0	1.0	1.0	1.0	1.0	1.0	1.0
0.5845969565756091	1.0506942392340088	1.8802196401065032	1.0	1.0	1.0	1.0	1.0	1.0	1.0	1.0	1.0
0.5946313448083715	0.8094760413111667	2.1218926939802443	1.0	1.0	1.0	1.0	0.0	1.0	1.0	0.0	1.0
0.5571153198627441	0.9501391614790345	2.1361142190850164	1.0	1.0	1.0	1.0	1.0	1.0	0.0	1.0	1.0
0.5748213343586527	0.9600198433830835	1.9746988110257888	1.0	1.0	1.0	1.0	1.0	1.0	1.0	1.0	1.0
0.6090766824516297	1.0220832110689861	2.0995072653166416	1.0	1.0	1.0	1.0	1.0	1.0	1.0	1.0	1.0
0.5757938606377273	0.917386084282449	1.9150919893287903	1.0	1.0	1.0	1.0	1.0	1.0	1.0	1.0	1.0
0.5959687578268897	0.943958930998146	2.129899523800504	1.0	1.0	1.0	1.0	1.0	1.0	1.0	1.0	1.0
0.6348096067555971	1.0719090370886544	1.9930848007799835	1.0	1.0	1.0	1.0	1.0	1.0	1.0	1.0	1.0
0.6253065648983533	0.9651992778269425	2.005472972545954	1.0	1.0	1.0	1.0	1.0	1.0	1.0	1.0	1.0
0.5461780053780104	0.9941923886138114	1.9036959797215012	1.0	1.0	1.0	1.0	1.0	1.0	0.0	1.0	1.0
0.6124155734754398	1.1336464115401346	2.1507436321724	1.0	1.0	1.0	1.0	1.0	1.0	1.0	1.0	1.0
0.5894926891835823	0.9954049489009897	1.8681291780655909	1.0	1.0	1.0	1.0	1.0	1.0	1.0	1.0	1.0
0.5653827372814301	0.9662027734779322	2.1774118371251063	1.0	1.0	1.0	1.0	1.0	1.0	1.0	1.0	1.0
0.582672981062086	0.9689735397634106	1.90803069626675	1.0	1.0	1.0	1.0	1.0	1.0	1.0	1.0	1.0
0.6081221313649477	0.9697924090915843	2.026855096571679	1.0	1.0	1.0	1.0	1.0	1.0	1.0	1.0	1.0
0.6216834793823327	0.9556019742291406	1.7123241866909127	1.0	1.0	1.0	1.0	1.0	1.0	1.0	1.0	0.0
0.6027790958014994	0.9397729188012942	2.109227880481699	1.0	1.0	1.0	1.0	1.0	1.0	1.0	1.0	1.0
0.5719309290505814	1.0570251685996765	1.929697154631441	1.0	1.0	1.0	1.0	1.0	1.0	1.0	1.0	1.0
0.6624684924639866	0.9834581783783046	1.972601360424293	1.0	1.0	1.0	1.0	1.0	1.0	0.0	1.0	1.0
0.5299047229052473	1.0890045009226317	1.854698083823589	1.0	1.0	1.0	1.0	1.0	1.0	0.0	0.0	1.0
0.6489222755458964	0.926293885942418	1.784458982490734	1.0	1.0	1.0	1.0	1.0	1.0	1.0	1.0	1.0
0.5998843412501957	0.9572985053322461	1.9680967791457993	1.0	1.0	1.0	1.0	1.0	1.0	1.0	1.0	1.0
0.6021670121148571	1.0763028214704067	1.992669872346469	1.0	1.0	1.0	1.0	1.0	1.0	1.0	1.0	1.0
0.5959511253677755	0.9641435548977355	1.995906357539044	1.0	1.0	1.0	1.0	1.0	1.0	1.0	1.0	1.0
0.5726712656439964	1.0310031953788463	2.0116981930645372	1.0	1.0	1.0	1.0	1.0	1.0	1.0	1.0	1.0
