0.6288339904091311	0.9959857495871262	2.169286930906523	1.0	1.0	1.0	1.0	1.0	1.0	1.0	1.0	1.0
0.6451933124865649	1.0083505089970457	2.048071909794079	1.0	1.0	1.0	1.0	1.0	1.0	1.0	1.0	1.0
0.630124996436706	1.063950870432186	1.8419748497914117	1.0	1.0	1.0	1.0	1.0	1.0	1.0	1.0	1.0
0.6548011305900426	0.9214056759678176	2.0790415952336776	1.0	1.0	1.0	1.0	1.0	1.0	0.0	1.0	1.0
0.5674298575793024	0.9458566854777257	1.9548680628933768	1.0	1.0	1.0	1.0	1.0	1.0	1.0	1.0	1.0
0.5865910040359313	1.0081852677453302	2.046060783898561	1.0	1.0	1.0	1.0	1.0	1.0	1.0	1.0	1.0
0.6521108464204212	0.9666686615355249	2.0378395681888515	1.0	1.0	1.0	1.0	1.0	1.0	1.0	1.0	1.0
0.5791367075602996	1.04774950001324	1.7928727963157947	1.0	1.0	1.0	1.0	1.0	0.0	1.0	1.0	0.0
0.6272080049408264	0.9809892401302301	2.4148712930338214	1.0	1.0	1.0	1.0	1.0	0.0	1.0	1.0	0.0
0.5498343040068253	1.015216321820593	1.9094880520502744	1.0	1.0	1.0	1.0	1.0	1.0	1.0	1.0	1.0
0.6048178802086895	1.0591303066953681	1.918050826669112	1.0	1.0	1.0	1.0	1.0	1.0	1.0	1.0	1.0
0.5658264971509156	1.0068684692602978	1.9315566905868278	1.0	1.0	1.0	1.0	1.0	1.0	1.0	1.0	1.0
0.6223764744692561	0.9830519644891847	2.1283171748013596	1.0	1.0	1.0	1.0	1.0	1.0	1.0	1.0	1.0
0.56500753254536	1.0004675992078584	1.9912278542329445	1.0	1.0	1.0	1.0	1.0	1.0	1.0	1.0	1.0
0.6719972412608215	1.062190565704592	1.923124043825228	1.0	1.0	1.0	0.0	1.0	1.0	0.0	1.0	1.0
0.5995540434116879	1.003153247066717	2.1229678267862253	1.0	1.0	1.0	1.0	1.0	1.0	1.0	1.0	1.0
0.5788833460254814	0.9528931150656784	1.8576350867902394	1.0	1.0	1.0	1.0	1.0	1.0	1.0	1.0	1.0
0.6220727483498878	1.0159690147092686	2.1329039187558916	1.0	1.0	1.0	1.0	1.0	1.0	1.0	1.0	1.0
0.5858122289690513	1.0118128499113213	1.8016957201919184	1.0	1.0	1.0	1.0	1.0	1.0	1.0	1.0	1.0
0.6379849840577191	1.1299545943137652	2.051773076570888	1.0	1.0	1.0	1.0	1.0	1.0	1.0	1.0	1.0
0.5686966486151213	0.9154607198363002	1.9933159352905203	1.0	1.0	1.0	1.0	1.0	1.0	1.0	1.0	1.0
0.5588554945619457	1.0401294882488146	2.1254943956220633	1.0	1.0	1.0	1.0	1.0	1.0	1.0	1.0	1.0
0.5702317782948506	1.060184567103826	2.079723137288775	1.0	1.0	1.0	1.0	1.0	1.0	1.0	1.0	1.0
0.6177842923559648	1.0023958575537515	2.0382378089784132	1.0	1.0	1.0	1.0	1.0	1.0	1.0	1.0	1.0
0.6275704498563212	1.1088669970132026	1.8656175850670123	1.0	1.0	1.0	1.0	1.0	1.0	1.0	1.0	1.0
0.6536086804107526	0.9977266488375308	2.1097074955826036	1.0	1.0	1.0	1.0	1.0	1.0	1.0	1.0	1.0
0.5725909742265187	1.0843053501910307	2.0728660108055577	1.0	1.0	1.0	1.0	1.0	1.0	1.0	1.0	1.0
0.6684757497760043	0.9155209771936094	2.025788830311506	1.0	1.0	1.0	1.0	1.0	1.0	0.0	1.0	1.0
0.5585741070800285	1.0550929191730682	1.8373862213541687	1.0	1.0	1.0	1.0	1.0	1.0	1.0	1.0	1.0
0.6230115772284351	1.0553441409451614	2.046803343039775	1.0	1.0	1.0	1.0	1.0	1.0	1.0	1.0	1.0
0.563797049323718	0.9012015380765569	2.060476204172151	1.0	1.0	1.0	1.0	1.0	1.0	1.0	1.0	1.0
0.6073276455792275	0.8577468783064367	2.1001101575428067	1.0	1.0	1.0	1.0	1.0	1.0	1.0	0.0	1.0
0.6358226343150961	1.0552990448237407	2.041859997659461	1.0	1.0	1.0	1.0	1.0	1.0	1.0	1.0	1.0
0.5390868885343582	1.0370014926353093	1.8720608268354182	1.0	1.0	1.0	1.0	1.0	1.0	1.0	1.0	1.0
0.5775865064491387	1.0117953924226888	2.147895087573251	1.0	1.0	1.0	1.0	1.0	1.0	1.0	1.0	1.0
0.5673747135420724	1.0057392068652202	2.0268197031403528	1.0	1.0	1.0	1.0	1.0	1.0	1.0	1.0	1.0
0.6261616651483919	1.0658765954046299	2.4957317497684235	1.0	1.0	0.0	1.0	1.0	0.0	1.0	1.0	0.0
0.6065232657593497	1.017699083735728	1.8990288661149688	1.0	1.0	1.0	1.0	1.0	1.0	1.0	1.0	1.0
0.6888534101132462	1.0319335097225484	2.0123384135568734	0.0	1.0	1.0	0.0	1.0	1.0	0.0	1.0	1.0
0.6332020612699452	1.0161695501326173	2.03547556674248	1.0	1.0	1.0	1.0	1.0	1.0	1.0	1.0	1.0
0.5608569416747331	1.142538350752292	2.141955706214799	1.0	1.0	1.0	1.0	1.0	1.0	1.0	1.0	1.0
0.6068471026010193	0.9607209756441843	1.7994150105883773	1.0	1.0	1.0	1.0	1.0	1.0	1.0	1.0	1.0
0.5468653061906235	0.906309036401367	1.8219272750871143	1.0	1.0	1.0	1.0	1.0	1.0	1.0	1.0	1.0
0.6363825980638733	1.0377646863063272	2.061968517268189	1.0	1.0	1.0	1.0	1.0	1.0	1.0	1.0	1.0
0.6234844067692676	0.9750847371058681	1.941336365864988	1.0	1.0	1.0	1.0	1.0	1.0	1.0	1.0	1.0
0.6017146073920163	0.9032472366410549	1.8993629359421051	1.0	1.0	1.0	1.0	1.0	1.0	1.0	1.0	1.0
0.5652412701666447	0.8456937960656958	2.107629869348302	1.0	1.0	1.0	1.0	1.0	1.0	1.0	1.0	1.0
0.6114713869373253	0.9248190288149145	2.1841049674086954	1.0	1.0	1.0	1.0	1.0	1.0	1.0	1.0	1.0
0.5515432850801038	0.844388462270477	1.9503377134014876	1.0	1.0	1.0	1.0	0.0	1.0	0.0	0.0	1.0
0.6116670509446941	1.0299373749379421	1.8130853165167624	1.0	1.0	1.0	1.0	1.0	1.0	1.0	1.0	1.0
0.6245007238622411	1.0705940771867368	1.8924471397728053	1.0	1.0	1.0	1.0	1.0	1.0	1.0	1.0	1.0
0.5806362049289641	0.9680817965031935	1.9278423654922128	1.0	1.0	1.0	1.0	1.0	1.0	1.0	1.0	1.0
0.6267944934842385	1.0430223815282307	2.0383680004046187	1.0	1.0	1.0	1.0	1.0	1.0	1.0	1.0	1.0
0.6572424544311957	1.0749508291017764	1.976098528287914	1.0	1.0	1.0	1.0	1.0	1.0	1.0	1.0	1.0
0.6359584025921586	0.9787169176927492	2.127285811252181	1.0	1.0	1.0	1.0	1.0	1.0	1.0	1.0	1.0
0.5919070548426428	0.9183626078481364	2.146739445682053	1.0	1.0	1.0	1.0	1.0	1.0	1.0	1.0	1.0
0.6199979032149358	0.9317444950017414	1.9874193975547256	1.0	1.0	1.0	1.0	1.0	1.0	1.0	1.0	1.0
0.6506945609888088	0.9269884183920922	1.7851863696074726	1.0	1.0	1.0	1.0	1.0	1.0	1.0	1.0	1.0
0.5228789130938527	0.9714528363477372	1.8817340846162876	1.0	1.0	1.0	0.0	1.0	1.0	0.0	1.0	1.0
0.6397141116751379	0.9957836504849619	1.9974433171677046	1.0	1.0	1.0	1.0	1.0	1.0	0.0	1.0	1.0
0.6278231994162083	1.02304294748358	2.1963976422389484	1.0	1.0	1.0	1.0	1.0	0.0	1.0	1.0	0.0
0.5806220218077648	1.100380356366338	1.851580858179021	1.0	1.0	1.0	1.0	1.0	1.0	1.0	1.0	1.0
0.6237658050285965	1.0221844470194423	1.777344088848442	1.0	1.0	1.0	1.0	1.0	1.0	1.0	1.0	0.0
0.6181642488459024	0.9922528575889039	2.0587520401743302	1.0	1.0	1.0	1.0	1.0	1.0	1.0	1.0	1.0
0.550040858583835	1.057456560902736	1.87554232208986	1.0	1.0	1.0	1.0	1.0	1.0	1.0	1.0	1.0
0.6329152526877332	1.0208362060235716	1.9874945144053262	1.0	1.0	1.0	1.0	1.0	1.0	0.0	1.0	1.0
0.5750507149548176	0.9705169255569913	2.0289600894173674	1.0	1.0	1.0	1.0	1.0	1.0	1.0	1.0	1.0
0.6518810287314104	1.139791528466037	2.353930164667607	1.0	1.0	1.0	1.0	1.0	0.0	1.0	1.0	0.0
0.5577001268883185	0.9152520896284038	2.2110510135367396	1.0	1.0	1.0	1.0	1.0	1.0	1.0	1.0	1.0
0.5753906107148974	1.107922860197987	1.9609720102133443	1.0	1.0	1.0	1.0	1.0	1.0	1.0	0.0	1.0
0.6238742561310869	0.982074163996251	1.945847878025003	1.0	1.0	1.0	1.0	1.0	1.0	1.0	1.0	1.0
0.5851807028378303	1.021402106277044	2.280473242585178	1.0	1.0	0.0	1.0	1.0	0.0	1.0	1.0	0.0
0.5988913174206261	0.9039697694626598	2.0837068520279622	1.0	1.0	1.0	1.0	1.0	1.0	1.0	1.0	1.0
0.5553889718440963	0.9302792787905078	1.9653540065265436	1.0	1.0	1.0	1.0	1.0	1.0	1.0	1.0	1.0
0.608029801981969	1.0131531442998245	2.050693625518646	1.0	1.0	1.0	1.0	1.0	1.0	1.0	1.0	1.0
0.6459161346480568	1.104874299330201	2.192492037441589	1.0	1.0	1.0	1.0	1.0	1.0	1.0	1.0	1.0
0.6118010737921641	1.1295237790672326	1.975491129324823	1.0	1.0	1.0	1.0	1.0	1.0	1.0	1.0	1.0
0.6549322986910352	1.0904005335486677	1.7930579482614137	1.0	1.0	1.0	1.0	1.0	1.0	1.0	1.0	1.0
0.5056439127299756	0.8893769763827128	1.8193484906558601	1.0	1.0	1.0	0.0	1.0	1.0	0.0	0.0	1.0
0.6157298610583112	0.9808707440716267	2.015000521546796	1.0	1.0	1.0	1.0	1.0	1.0	1.0	1.0	1.0
0.6109628231650371	1.0917595803738442	2.1016354418691523	1.0	1.0	1.0	1.0	1.0	1.0	1.0	1.0	1.0
0.553327994234705	0.8820921930358242	1.909279132237939	1.0	1.0	1.0	1.0	1.0	1.0	1.0	1.0	1.0
0.5709683922307407	0.8334901835547289	2.2697523929829373	1.0	1.0	1.0	1.0	1.0	1.0	1.0	1.0	1.0
0.587852656098558	1.0376014728859164	1.9867595375920075	1.0	1.0	1.0	1.0	1.0	1.0	1.0	1.0	1.0
0.6273259806623475	0.9320663660163964	1.9588291684004913	1.0	1.0	1.0	1.0	1.0	1.0	1.0	1.0	1.0
0.6169640932875561	1.1116842256163062	1.7808460525829095	1.0	1.0	1.0	1.0	0.0	0.0	1.0	0.0	0.0
0.6770196946386923	0.995651162673592	1.9455903614057861	1.0	1.0	1.0	0.0	1.0	1.0	0.0	1.0	1.0
0.5535311228405831	1.0485576538724244	2.1495037679967184	1.0	1.0	1.0	1.0	1.0	1.0	1.0	1.0	1.0
0.553201149382013	0.9307284959217677	1.7860695847935177	1.0	1.0	1.0	1.0	1.0	1.0	1.0	1.0	1.0
0.5855162831815034	1.0037534073161347	2.171011217012908	1.0	1.0	1.0	1.0	1.0	1.0	1.0	1.0	1.0
0.5802897943238462	1.0937864770712302	1.668649982299617	1.0	1.0	0.0	1.0	1.0	0.0	1.0	1.0	0.0
0.6071989051841381	0.9472288335428513	1.7991478349223027	1.0	1.0	1.0	1.0	1.0	1.0	1.0	1.0	1.0
0.6160245664150117	1.0931842905158262	1.9886440572731396	1.0	1.0	1.0	1.0	1.0	1.0	1.0	0.0	1.0
0.5923152396727244	1.0358825751265484	1.974241108116176	1.0	1.0	1.0	1.0	1.0	1.0	1.0	1.0	1.0
0.5615049990613118	0.9988162958145601	1.842924899896118	1.0	1.0	1.0	1.0	1.0	1.0	1.0	1.0	1.0
0.6075699954192848	0.9498230799349362	1.9917629439588256	1.0	1.0	1.0	1.0	1.0	1.0	1.0	1.0	1.0
0.6296980297603793	1.099965121213314	2.1960364388780813	1.0	1.0	1.0	1.0	1.0	1.0	1.0	1.0	0.0
0.6109293183841044	1.086305492067647	1.7599711657178776	1.0	1.0	1.0	1.0	1.0	1.0	1.0	1.0	1.0
0.6095018953154134	0.9618491902539456	1.645624778659199	1.0	1.0	1.0	1.0	1.0	0.0	1.0	1.0	0.0
0.5915041204681878	0.9726437836263272	2.0691122673183373	1.0	1.0	1.0	1.0	1.0	1.0	1.0	1.0	1.0
0.6690529546900439	1.0395687950873342	2.323836917611434	1.0	1.0	1.0	0.0	1.0	1.0	0.0	1.0	0.0
0.5534368205339983	1.065789246816671	2.0391747276115253	1.0	1.0	1.0	1.0	1.0	1.0	1.0	1.0	1.0
0.6497547390324413	0.9381250082686835	1.9885354168247922	1.0	1.0	1.0	1.0	1.0	1.0	1.0	1.0	1.0
0.5966779376805221	1.048799551755394	2.119424562873066	1.0	1.0	1.0	1.0	1.0	1.0	1.0	1.0	1.0
0.6170248975267693	1.141551959086323	2.233715353603755	1.0	1.0	1.0	1.0	1.0	1.0	1.0	1.0	1.0
0.5980442426779878	0.9619986372974588	1.6207024467096447	1.0	1.0	0.0	1.0	1.0	0.0	1.0	1.0	0.0
0.6421027311169081	1.0262662316649982	2.0205302202370534	1.0	1.0	1.0	1.0	1.0	1.0	1.0	1.0	1.0
0.6065696958802818	1.0045141150223538	1.9881937914776338	1.0	1.0	1.0	1.0	1.0	1.0	1.0	1.0	1.0
0.6203546040563623	0.8803797616361297	1.9648516874135902	1.0	1.0	1.0	1.0	1.0	1.0	1.0	1.0	1.0
0.6264086053169112	1.045855162161417	2.0395390577013304	1.0	1.0	1.0	1.0	1.0	1.0	1.0	1.0	1.0
0.5482150526200839	0.9952162429792133	1.8891221286614603	1.0	1.0	1.0	1.0	1.0	1.0	0.0	1.0	1.0
0.5870170431791105	0.9403194125684711	2.2111176744716077	1.0	1.0	1.0	1.0	1.0	1.0	1.0	1.0	1.0
0.5618742528061375	0.9084270358451898	1.8069564624484322	1.0	1.0	1.0	1.0	1.0	1.0	1.0	1.0	1.0
0.6273388893518247	1.1373914342604476	2.1107671679236235	1.0	1.0	1.0	1.0	0.0	1.0	1.0	0.0	1.0
0.5837800516967564	1.0823773415534232	2.2556879696676373	1.0	1.0	1.0	1.0	1.0	1.0	1.0	1.0	1.0
0.652933137617692	1.0059777952264257	2.3398948361139795	1.0	1.0	1.0	1.0	1.0	1.0	1.0	1.0	0.0
0.5585182089267239	0.9075626476438661	2.105932038795938	1.0	1.0	1.0	1.0	1.0	1.0	1.0	1.0	1.0
0.6276969799997763	1.0534661366835396	2.051498052441587	1.0	1.0	1.0	1.0	1.0	1.0	1.0	1.0	1.0
0.6219860867658937	1.086384078371062	1.899078689328569	1.0	1.0	1.0	1.0	1.0	1.0	1.0	1.0	1.0
0.6033136580594429	0.928724560461121	2.2409823306754486	1.0	1.0	1.0	1.0	1.0	0.0	1.0	1.0	0.0
0.6052821923583568	1.0308342896358587	1.7814065152489176	1.0	1.0	1.0	1.0	1.0	1.0	1.0	1.0	1.0
0.6337652609107707	0.9736997961357868	1.872442882275308	1.0	1.0	1.0	1.0	1.0	1.0	1.0	1.0	1.0
0.6317221136812722	1.0300362145023025	2.4978478601266545	1.0	1.0	0.0	1.0	1.0	0.0	1.0	1.0	0.0
0.5520771789748724	1.0289005241307208	1.957568575373742	1.0	1.0	1.0	1.0	1.0	1.0	1.0	1.0	1.0
0.5686849165152522	0.9834392440674938	1.9550221322276269	1.0	1.0	1.0	1.0	1.0	1.0	1.0	1.0	1.0
0.5485859571299695	1.0849892962484795	2.0665192363431313	1.0	1.0	1.0	1.0	1.0	1.0	1.0	1.0	1.0
0.6019350481252734	1.06484726524627	1.973909549684746	1.0	1.0	1.0	1.0	1.0	1.0	1.0	1.0	1.0
0.6205670762719362	1.057256532487668	1.8135702584639577	1.0	1.0	1.0	1.0	1.0	1.0	1.0	1.0	1.0
0.5462684597998907	1.0195905597177926	1.8186191713486932	1.0	1.0	1.0	1.0	1.0	1.0	0.0	1.0	1.0
0.6098364224786967	0.9844972086659005	2.216847292763682	1.0	1.0	1.0	1.0	1.0	1.0	1.0	1.0	1.0
0.5958939415972331	0.8836955070815449	2.2488744523068154	1.0	1.0	1.0	1.0	1.0	1.0	1.0	1.0	1.0
0.6827025051945395	1.129746197804374	2.002984252848914	1.0	1.0	1.0	0.0	0.0	1.0	0.0	0.0	1.0
0.5274109809848527	1.0023717531161347	1.9360652796449827	1.0	1.0	1.0	1.0	1.0	1.0	1.0	1.0	1.0
0.6562243173265457	1.0739878885539385	1.774154281998265	1.0	1.0	1.0	1.0	1.0	1.0	1.0	1.0	0.0
0.5982945712668045	1.0196409317262813	2.000687066593338	1.0	1.0	1.0	1.0	1.0	1.0	1.0	1.0	1.0
0.6085172189389759	0.9765432424482754	1.9031780090912398	1.0	1.0	1.0	1.0	1.0	1.0	1.0	1.0	1.0
0.6043388705187902	0.9544210323949676	2.098382331751322	1.0	1.0	1.0	1.0	1.0	1.0	1.0	1.0	1.0
0.6704082160437267	1.2878522296631614	2.0624306015545266	1.0	0.0	1.0	0.0	0.0	1.0	0.0	0.0	1.0
0.6044781644850569	1.0240383648474018	1.7993932699693362	1.0	1.0	1.0	1.0	1.0	1.0	1.0	1.0	1.0
0.6129019311444157	0.9424658377519572	2.1167325293657155	1.0	1.0	1.0	1.0	1.0	1.0	1.0	1.0	1.0
0.6528239648895009	1.0551360960018181	1.900410107056811	1.0	1.0	1.0	1.0	1.0	1.0	1.0	1.0	1.0
0.5993520180163913	0.9223920960156091	2.199156996931483	1.0	1.0	1.0	1.0	1.0	1.0	1.0	1.0	1.0
0.637148108756484	1.0357400022117131	2.063733921269353	1.0	1.0	1.0	1.0	1.0	1.0	1.0	1.0	1.0
0.5864817515827931	0.9713368563551887	1.8867888398885375	1.0	1.0	1.0	1.0	1.0	1.0	1.0	1.0	1.0
0.541956803365098	0.8992992167589106	1.9691445905182414	1.0	1.0	1.0	1.0	1.0	1.0	0.0	1.0	1.0
0.618549940126196	0.9830578280548162	1.900306731736844	1.0	1.0	1.0	1.0	1.0	1.0	1.0	1.0	1.0
0.6373788741205689	0.968546247680521	2.155380905887294	1.0	1.0	1.0	1.0	1.0	1.0	1.0	1.0	1.0
0.6640016806584247	1.0495796357602434	2.1712781771760343	1.0	1.0	1.0	1.0	1.0	1.0	0.0	1.0	1.0
0.5568878504871989	0.9464773679335503	1.959598571991909	1.0	1.0	1.0	1.0	1.0	1.0	1.0	1.0	1.0
0.5361736462795891	0.9452114063999459	2.0596479291456458	1.0	1.0	1.0	1.0	1.0	1.0	1.0	1.0	1.0
0.6745859200339585	1.0113144448248823	2.1449280131932364	1.0	1.0	1.0	0.0	1.0	1.0	0.0	1.0	1.0
0.6528072576482161	1.026930904323111	1.9837815943040753	1.0	1.0	1.0	1.0	1.0	1.0	0.0	1.0	1.0
0.6108867370192553	1.0230688041249225	1.944729198823611	1.0	1.0	1.0	1.0	1.0	1.0	1.0	1.0	1.0
0.568501170258839	0.989797713562062	2.0266837050812168	1.0	1.0	1.0	1.0	1.0	1.0	1.0	1.0	1.0
0.6245344708451017	0.998338372309606	2.0693025858230745	1.0	1.0	1.0	1.0	1.0	1.0	1.0	1.0	1.0
0.6234566049735688	0.9882474236062959	2.2430517282389713	1.0	1.0	1.0	1.0	1.0	1.0	1.0	1.0	1.0
0.5761377747584816	1.0105920790328788	1.7439762526728486	1.0	1.0	1.0	1.0	1.0	1.0	1.0	1.0	0.0
0.6325978137749544	1.0271406191201264	2.117396240297459	1.0	1.0	1.0	1.0	1.0	1.0	1.0	1.0	1.0
0.6386554950081683	1.0801358534051482	2.102146523550152	1.0	1.0	1.0	1.0	1.0	1.0	1.0	1.0	1.0
0.5911950008794197	0.9414951556086607	1.946134559584359	1.0	1.0	1.0	1.0	1.0	1.0	1.0	1.0	1.0
0.6415325899970981	1.0325634779664834	1.97078780952517	1.0	1.0	1.0	1.0	1.0	1.0	1.0	1.0	1.0
0.6179938886734532	0.9940251719706915	1.7845029599045246	1.0	1.0	1.0	1.0	1.0	1.0	1.0	1.0	1.0
0.6436037384397424	1.0307331372125768	2.18033291613927	1.0	1.0	1.0	1.0	1.0	1.0	1.0	1.0	1.0
0.5415164994541652	0.9684528921471065	1.9173090892775388	1.0	1.0	1.0	1.0	1.0	1.0	1.0	1.0	1.0
0.5292779024442028	1.0685942430642064	1.7243264727018568	1.0	1.0	1.0	1.0	1.0	0.0	0.0	1.0	0.0
0.6299479839220322	1.0556764488567714	1.9683599468344375	1.0	1.0	1.0	1.0	1.0	1.0	1.0	1.0	1.0
0.6353246653400079	1.008029516749394	2.1263897204840414	1.0	1.0	1.0	1.0	1.0	1.0	1.0	1.0	0.0
0.6487687901155631	1.0569526477651943	1.8918959364424257	1.0	1.0	1.0	0.0	1.0	1.0	0.0	1.0	1.0
0.632503833874063	0.9943175764083969	2.377518151814178	1.0	1.0	0.0	1.0	1.0	0.0	1.0	1.0	0.0
0.5819046683167528	1.0596240962839238	1.9487350806458184	1.0	1.0	1.0	1.0	1.0	1.0	1.0	1.0	1.0
0.5719919188583774	1.036438445850691	1.974924220435409	1.0	1.0	1.0	1.0	1.0	1.0	1.0	1.0	1.0
0.6216116360777585	1.094664223199238	1.966927952845556	1.0	1.0	1.0	1.0	1.0	1.0	1.0	1.0	1.0
0.5336695723474659	1.092535316579737	1.9882784491971865	1.0	1.0	1.0	1.0	1.0	1.0	0.0	1.0	1.0
0.6681001672983402	1.1056184751957967	2.22366345173646	1.0	1.0	1.0	0.0	1.0	1.0	0.0	1.0	1.0
0.5884448959080617	1.1268992772247852	2.0280623055060665	1.0	1.0	1.0	1.0	1.0	1.0	1.0	1.0	1.0
0.5889778025620919	1.0358493679844627	1.8229719772932917	1.0	1.0	1.0	1.0	1.0	1.0	1.0	1.0	1.0
0.567676992184054	1.104043399013162	1.896555547710311	1.0	1.0	1.0	1.0	1.0	1.0	1.0	1.0	1.0
0.5730010058986631	0.9871497246800366	2.031673074913821	1.0	1.0	1.0	1.0	1.0	1.0	1.0	1.0	1.0
0.61315073224409	0.9276629707994558	2.111981715787966	1.0	1.0	1.0	1.0	1.0	1.0	1.0	1.0	1.0
0.591135697949313	1.0084470507530854	1.8577413731087757	1.0	1.0	1.0	1.0	1.0	1.0	1.0	1.0	1.0
0.6263337841508628	0.9281216230703275	1.8814847732856854	1.0	1.0	1.0	1.0	1.0	1.0	1.0	1.0	1.0
0.6310166387322105	1.053789206924777	1.8702098052411495	1.0	1.0	1.0	1.0	1.0	1.0	1.0	1.0	1.0
0.6328887759443218	0.9889613286668693	1.972095866626233	1.0	1.0	1.0	1.0	1.0	1.0	1.0	1.0	1.0
0.572506983670051	0.9844349090718154	2.0681580273007434	1.0	1.0	1.0	1.0	1.0	1.0	1.0	1.0	1.0
0.6054990223739529	1.124063821662505	1.6719705774543225	1.0	1.0	1.0	1.0	0.0	0.0	1.0	0.0	0.0
0.6039085855010144	1.0527336235356803	2.0388150101994316	1.0	1.0	1.0	1.0	1.0	1.0	1.0	1.0	1.0
0.6052392787126872	1.060648132866356	2.124045505915375	1.0	1.0	1.0	1.0	1.0	1.0	1.0	1.0	1.0
0.6278786011330356	1.1276318963243352	2.26705870579676	1.0	1.0	1.0	1.0	1.0	1.0	1.0	1.0	1.0
0.575567783191687	1.0149224695925307	1.7767337499507323	1.0	1.0	1.0	1.0	1.0	1.0	1.0	1.0	1.0
0.6114735525785191	0.9434429043243422	2.2815014574838868	1.0	1.0	1.0	1.0	1.0	1.0	1.0	1.0	1.0
0.6115731541149697	0.9709860854397919	1.6969886050919523	1.0	1.0	1.0	1.0	1.0	1.0	1.0	1.0	1.0
0.5797607030129467	0.8905657566787525	1.7744744993861608	1.0	1.0	1.0	1.0	1.0	1.0	1.0	1.0	1.0
0.6308650375776529	0.9906068046949034	2.0949251351683684	1.0	1.0	1.0	1.0	1.0	1.0	1.0	1.0	1.0
0.6425548513121315	0.9852754732214284	2.134268484972328	1.0	1.0	1.0	1.0	1.0	1.0	1.0	1.0	1.0
0.6120959678390359	0.9754788417875502	1.9097932755384868	1.0	1.0	1.0	1.0	1.0	1.0	1.0	1.0	1.0
0.5688898913968816	0.9330165450474358	1.883618939809099	1.0	1.0	1.0	1.0	1.0	1.0	1.0	1.0	1.0
0.5745799777540199	1.0394505814397355	1.9561048961635474	1.0	1.0	1.0	1.0	1.0	1.0	1.0	1.0	1.0
0.6118914321086117	1.026072735223229	1.791802901893196	1.0	1.0	1.0	1.0	1.0	1.0	1.0	1.0	0.0
0.6094723353029295	0.9354600332770646	2.0043043330396744	1.0	1.0	1.0	1.0	1.0	1.0	1.0	1.0	1.0
0.6035796945334927	0.9058768331316182	1.945720056280411	1.0	1.0	1.0	1.0	1.0	1.0	1.0	1.0	1.0
0.5960008308303775	0.9462028279457129	1.90011988108423	1.0	1.0	1.0	1.0	1.0	1.0	1.0	1.0	1.0
0.6213069942599319	0.9364665545519767	1.7253089051124961	1.0	1.0	1.0	1.0	1.0	1.0	1.0	1.0	0.0
0.5935247295505478	0.9050467914477872	2.0891781958055313	1.0	1.0	1.0	1.0	1.0	1.0	1.0	1.0	1.0
0.6379646286951485	1.0249555132039823	2.043367597470306	1.0	1.0	1.0	1.0	1.0	1.0	1.0	1.0	1.0
0.624830514230668	0.93581386662404	1.8648020521517934	1.0	1.0	1.0	1.0	1.0	1.0	1.0	1.0	1.0
0.5581359250552599	1.159813884771278	2.35700298303847	1.0	1.0	1.0	1.0	1.0	1.0	1.0	0.0	1.0
0.6355094081365358	1.0056940611918217	2.10531648520521	1.0	1.0	1.0	1.0	1.0	1.0	1.0	1.0	1.0
0.5067546493831018	0.9415635866708664	1.8851111808459262	1.0	1.0	1.0	0.0	1.0	1.0	0.0	1.0	1.0
0.5878788385310431	1.0436154171207146	1.8181527533040232	1.0	1.0	1.0	1.0	1.0	1.0	1.0	1.0	1.0
0.5774837341336406	1.0349778252951378	2.0326251298432005	1.0	1.0	1.0	1.0	1.0	1.0	1.0	1.0	1.0
0.6561625423952603	1.0449433113863316	2.3009424687169995	1.0	1.0	1.0	1.0	1.0	0.0	1.0	1.0	0.0
0.6160083105230703	1.0320375592352071	2.0710398006118815	1.0	1.0	1.0	1.0	1.0	1.0	1.0	1.0	1.0
0.5957630025316802	1.0601225382888138	2.1237462438727066	1.0	1.0	1.0	1.0	1.0	1.0	1.0	1.0	1.0
0.5915648178848698	0.9739786630866059	2.1251996123669152	1.0	1.0	1.0	1.0	1.0	1.0	1.0	1.0	1.0
0.5952174360758477	0.9034878790813633	2.12170423280449	1.0	1.0	1.0	1.0	1.0	1.0	1.0	1.0	1.0
0.5838648847515937	1.0321442769288784	1.978550615923283	1.0	1.0	1.0	1.0	1.0	1.0	1.0	1.0	1.0
0.5562449362400662	0.9883461710220227	1.8903317044137875	1.0	1.0	1.0	1.0	1.0	1.0	1.0	1.0	1.0
0.6049344182525828	0.9978699836290922	1.9186439841840777	1.0	1.0	1.0	1.0	1.0	1.0	1.0	1.0	1.0
0.6211186204556728	0.9905269074828894	2.3418786365300055	1.0	1.0	1.0	1.0	1.0	0.0	1.0	1.0	0.0
0.5845777686874067	0.8432609990324886	1.673790000806944	1.0	1.0	1.0	1.0	0.0	1.0	1.0	0.0	0.0
0.5924669098654242	0.9667821788849249	2.030989902777082	1.0	1.0	1.0	1.0	1.0	1.0	1.0	1.0	1.0
0.6268733927736293	0.9160501218091758	2.2110400741442517	1.0	1.0	1.0	1.0	1.0	1.0	1.0	1.0	1.0
0.6087020548994091	1.0298489631417407	2.0438955749984475	1.0	1.0	1.0	1.0	1.0	1.0	1.0	1.0	1.0
0.5366640090813956	0.9950443623984369	2.0529175738705367	1.0	1.0	1.0	1.0	1.0	1.0	0.0	1.0	1.0
0.6515180703935524	1.0342155633603833	2.1075674318333126	1.0	1.0	1.0	0.0	1.0	1.0	0.0	1.0	1.0
0.5832015718547906	0.8777952383232712	2.111608314168109	1.0	1.0	1.0	1.0	1.0	1.0	1.0	1.0	1.0
0.5623675747339747	1.0389873890663457	1.880537177448061	1.0	1.0	1.0	1.0	1.0	1.0	1.0	1.0	1.0
0.632390253384455	1.01584178887346	1.9430721501324417	1.0	1.0	1.0	1.0	1.0	1.0	1.0	1.0	1.0
0.5416012686265852	0.8616446706295521	1.8057243612884637	1.0	1.0	1.0	1.0	0.0	1.0	1.0	0.0	1.0
0.6118231685316535	0.9043452653792768	2.2847230102082534	1.0	1.0	1.0	1.0	1.0	0.0	1.0	1.0	0.0
0.611012587495434	1.0315415822562874	1.9238936653289467	1.0	1.0	1.0	1.0	1.0	1.0	1.0	1.0	1.0
0.5450406945015996	1.0340961174800094	2.09239088632378	1.0	1.0	1.0	1.0	1.0	1.0	1.0	1.0	1.0
0.5687070378585745	1.1231537175453759	1.8809889725076343	1.0	1.0	1.0	1.0	0.0	1.0	1.0	0.0	1.0
0.62375453028576	1.0583481011401332	2.142335643479731	1.0	1.0	1.0	1.0	1.0	1.0	1.0	1.0	1.0
0.5817723234706781	1.009895542832749	1.9789450183906576	1.0	1.0	1.0	1.0	1.0	1.0	1.0	1.0	1.0
0.6002674327691867	0.9823767405938201	1.9629555675464672	1.0	1.0	1.0	1.0	1.0	1.0	1.0	1.0	1.0
0.657916977683867	1.1396105052645478	2.045529919008688	1.0	1.0	1.0	1.0	1.0	1.0	0.0	1.0	1.0
0.5759533539017627	1.01939104478788	2.101324052636127	1.0	1.0	1.0	1.0	1.0	1.0	1.0	1.0	1.0
0.6172868248913271	0.9260027203004002	2.3504957007452076	1.0	1.0	1.0	1.0	1.0	0.0	1.0	1.0	0.0
0.5554975656547616	1.2172580920373381	1.9248672536478548	1.0	0.0	1.0	1.0	0.0	1.0	1.0	0.0	1.0
0.5511722728126547	0.8755300078433316	1.7796199040298606	1.0	1.0	1.0	1.0	1.0	1.0	1.0	1.0	1.0
0.609287523931402	1.0100801725307738	1.8894862715195582	1.0	1.0	1.0	1.0	1.0	1.0	1.0	1.0	1.0
0.6255222946587701	1.035399696193335	2.005622620829028	1.0	1.0	1.0	1.0	1.0	1.0	1.0	1.0	1.0
0.5767547117069111	1.0246887655566785	1.7282036939324397	1.0	1.0	1.0	1.0	1.0	1.0	1.0	1.0	1.0
0.6598217930199972	0.9959282110287404	2.0383746897490105	1.0	1.0	1.0	1.0	1.0	1.0	0.0	1.0	1.0
0.6004016428839016	0.9378241571713091	1.6850570583553062	1.0	1.0	1.0	1.0	1.0	1.0	1.0	1.0	1.0
0.5669130232794088	1.0660092214532149	1.9165073395643863	1.0	1.0	1.0	1.0	1.0	1.0	1.0	1.0	1.0
0.6169102742981355	0.9673492518171797	2.1973871246897145	1.0	1.0	1.0	1.0	1.0	1.0	1.0	1.0	0.0
0.5712348482881054	0.9074383130667695	1.6230469776594394	1.0	1.0	0.0	1.0	1.0	0.0	1.0	1.0	0.0
0.5879233398978657	1.032395867277232	1.987787447762829	1.0	1.0	1.0	1.0	1.0	1.0	1.0	1.0	1.0
0.5717404686650018	1.0290480165029936	2.1252333549034383	1.0	1.0	1.0	1.0	1.0	1.0	1.0	1.0	1.0
0.5805503227148844	1.0395892837231575	1.8985245998294416	1.0	1.0	1.0	1.0	1.0	1.0	1.0	1.0	1.0
0.6348742584377639	1.0529210673385718	2.0445513969266322	1.0	1.0	1.0	1.0	1.0	1.0	1.0	1.0	1.0
0.5825825572736293	1.040396873778816	2.0745933525622524	1.0	1.0	1.0	1.0	1.0	1.0	1.0	1.0	1.0
0.5539104819401449	1.0126756924204363	1.8950600300734648	1.0	1.0	1.0	1.0	1.0	1.0	1.0	1.0	1.0
0.6071998662650531	1.1706579000945112	2.1415231148471374	1.0	1.0	1.0	1.0	0.0	1.0	1.0	0.0	1.0
0.5872459707941379	1.053519870589568	1.816635982175912	1.0	1.0	1.0	1.0	1.0	1.0	1.0	1.0	1.0
0.6167000582477595	1.120771431911858	2.1902762543493175	1.0	1.0	1.0	1.0	1.0	1.0	1.0	0.0	1.0
0.5794168418808611	0.9821798122695204	2.163537296991701	1.0	1.0	1.0	1.0	1.0	1.0	1.0	1.0	1.0
0.6094193305641653	1.0272376458368964	1.9400505763011526	1.0	1.0	1.0	1.0	1.0	1.0	1.0	1.0	1.0
0.6001783337389799	1.0541248131723875	1.876978607511046	1.0	1.0	1.0	1.0	1.0	1.0	1.0	1.0	1.0
0.5499274804914228	1.0272638745162779	1.8246575417842965	1.0	1.0	1.0	1.0	1.0	1.0	1.0	1.0	1.0
0.6553510724060496	1.0630588747060297	2.1616787796717905	1.0	1.0	1.0	1.0	1.0	1.0	1.0	1.0	1.0
0.6186223369694397	1.1867254266903553	1.9955113471003374	1.0	1.0	1.0	1.0	0.0	1.0	1.0	0.0	1.0
0.560670127003511	0.944031607718929	1.9008421483127773	1.0	1.0	1.0	1.0	1.0	1.0	1.0	1.0	1.0
0.572758105263766	1.074391209016846	2.3308233789322395	1.0	1.0	0.0	1.0	1.0	0.0	1.0	1.0	0.0
0.6012996336153106	0.8049610613613198	2.3128959450078566	1.0	1.0	1.0	1.0	1.0	1.0	1.0	1.0	0.0
0.6232824000452858	0.9255320695234224	1.9188716362096354	1.0	1.0	1.0	1.0	1.0	1.0	1.0	1.0	1.0
0.6330246214583112	0.8767664845429047	1.9878104386085866	1.0	1.0	1.0	1.0	1.0	1.0	1.0	1.0	1.0
0.6404739222027528	0.9805434550630083	2.1969789582477772	1.0	1.0	1.0	1.0	1.0	1.0	1.0	1.0	1.0
0.5837532444385425	0.944228321980803	1.8745028292694277	1.0	1.0	1.0	1.0	1.0	1.0	1.0	1.0	1.0
0.5668429990200146	0.9400357159356323	1.967966071507132	1.0	1.0	1.0	1.0	1.0	1.0	1.0	1.0	1.0
0.5708385383857046	0.9329653716601723	2.133617646685493	1.0	1.0	1.0	1.0	1.0	1.0	1.0	1.0	1.0
0.5605705695881803	1.0071050982857872	1.804364381853621	1.0	1.0	1.0	1.0	1.0	1.0	1.0	1.0	0.0
0.6150110686970087	0.9913074641468546	1.93921838611039	1.0	1.0	1.0	1.0	1.0	1.0	1.0	1.0	1.0
0.5993626484732396	1.0362760408037501	2.0607932630006727	1.0	1.0	1.0	1.0	1.0	1.0	1.0	1.0	1.0
0.5665034013332708	0.7880667201166157	1.8500152770210254	1.0	0.0	1.0	1.0	0.0	1.0	1.0	0.0	1.0
0.6185326249533384	0.9782282813136377	2.1889226844470993	1.0	1.0	1.0	1.0	1.0	1.0	1.0	1.0	0.0
0.6248674813108017	1.0248940015295867	1.9426674133886004	1.0	1.0	1.0	1.0	1.0	1.0	1.0	1.0	1.0
0.6118922267940933	0.972345962559591	2.2143488774563838	1.0	1.0	1.0	1.0	1.0	1.0	1.0	1.0	0.0
0.6209802590352759	1.0066316904575598	1.961331095197258	1.0	1.0	1.0	1.0	1.0	1.0	1.0	1.0	1.0
0.6087835968200751	1.004610418596977	1.952579109598666	1.0	1.0	1.0	1.0	1.0	1.0	1.0	1.0	1.0
0.6147900501950182	1.00005030513366	2.1727339969171213	1.0	1.0	1.0	1.0	1.0	1.0	1.0	1.0	1.0
0.6030645736434241	0.8990200894137783	1.8946427683378326	1.0	1.0	1.0	1.0	1.0	1.0	1.0	1.0	1.0
0.611895229438314	1.0463445400273745	2.0111975497478687	1.0	1.0	1.0	1.0	1.0	1.0	1.0	1.0	1.0
0.5672369781421613	0.9633427815055055	1.9688625172197183	1.0	1.0	1.0	1.0	1.0	1.0	1.0	1.0	1.0
0.5800092610325579	0.934207827745149	1.822055498540487	1.0	1.0	1.0	1.0	1.0	1.0	1.0	1.0	1.0
0.5602363853301071	0.9495893916862064	1.8007712981501058	1.0	1.0	1.0	1.0	1.0	1.0	1.0	1.0	1.0
0.6120768247841334	1.1104217515856962	1.9221560219145446	1.0	1.0	1.0	1.0	1.0	1.0	1.0	1.0	1.0
0.5840579670734176	1.0204896854039063	1.8868478542680032	1.0	1.0	1.0	1.0	1.0	1.0	1.0	1.0	1.0
0.651924744509049	0.9555499214336581	1.890440197107465	1.0	1.0	1.0	1.0	1.0	1.0	1.0	1.0	1.0
0.5402635111507332	1.07031400030253	2.038004833625231	1.0	1.0	1.0	1.0	1.0	1.0	1.0	1.0	1.0
0.616928758681079	0.9946762420692702	2.0369646529784218	1.0	1.0	1.0	1.0	1.0	1.0	1.0	1.0	1.0
0.6403975105817424	1.0711886765959653	2.2290481170664043	1.0	1.0	1.0	1.0	1.0	1.0	1.0	1.0	1.0
0.6587766453319447	1.14655061965858	2.1481266717780225	1.0	1.0	1.0	1.0	1.0	1.0	0.0	0.0	1.0
0.5909251582719535	1.041476478743515	1.915245638583667	1.0	1.0	1.0	1.0	1.0	1.0	1.0	1.0	1.0
0.5892726150291874	0.9467938958396362	2.030104654913208	1.0	1.0	1.0	1.0	1.0	1.0	1.0	1.0	1.0
0.5704204135785776	0.9982827626087316	1.698035300434186	1.0	1.0	0.0	1.0	1.0	0.0	0.0	1.0	0.0
0.587622280406323	0.9027156344600475	2.056864453000975	1.0	1.0	1.0	1.0	1.0	1.0	1.0	1.0	1.0
0.5816586020615989	1.0462614233395324	2.207259240986264	1.0	1.0	1.0	1.0	1.0	0.0	1.0	1.0	0.0
0.6074914572795723	0.9634233046954882	1.926994219326406	1.0	1.0	1.0	1.0	1.0	1.0	1.0	1.0	1.0
0.6404487087326243	1.0873970515769174	2.0825147928647465	1.0	1.0	1.0	1.0	1.0	1.0	1.0	1.0	1.0
0.6431513836494255	1.1161309643396526	2.197943212016923	1.0	1.0	1.0	0.0	1.0	1.0	0.0	1.0	1.0
0.5814270748523258	0.9321203626197967	2.128496178992338	1.0	1.0	1.0	1.0	1.0	1.0	1.0	1.0	1.0
0.5946153143346019	1.0489677506864434	2.0627648751029057	1.0	1.0	1.0	1.0	1.0	1.0	1.0	1.0	1.0
0.5384124075161447	1.0754275092933239	1.8891352356608766	1.0	1.0	1.0	1.0	1.0	1.0	1.0	1.0	1.0
0.530335094261865	1.021174594500356	1.8384630977807255	1.0	1.0	1.0	1.0	1.0	1.0	0.0	1.0	1.0
0.6188899809066392	1.043851474709956	1.9535983652116542	1.0	1.0	1.0	1.0	1.0	1.0	1.0	1.0	1.0
0.6410019711160787	1.0378601356529906	1.917855521124069	1.0	1.0	1.0	1.0	1.0	1.0	1.0	1.0	1.0
0.5758302368607665	0.9052215059596148	1.8070274218052989	1.0	1.0	1.0	1.0	1.0	1.0	1.0	1.0	1.0
0.6107366716894143	0.8918151089309976	1.9885996998665434	1.0	1.0	1.0	1.0	0.0	1.0	1.0	0.0	1.0
0.6190641792744135	0.9345924940671589	1.8647790496836747	1.0	1.0	1.0	1.0	1.0	1.0	1.0	1.0	1.0
0.5825094510469573	0.9430131235889513	1.7736816334144527	1.0	1.0	1.0	1.0	1.0	1.0	1.0	1.0	0.0
0.6440940102221038	1.006669557878465	1.8767041530008095	1.0	1.0	1.0	1.0	1.0	1.0	0.0	1.0	1.0
0.6337512107864244	0.9289615827250446	1.9171785724509782	1.0	1.0	1.0	1.0	1.0	1.0	1.0	1.0	1.0
0.5706458226380318	1.049104703966872	1.71851866672681	1.0	1.0	1.0	1.0	1.0	1.0	1.0	1.0	1.0
0.5677840121275389	1.0942378708602034	1.9185386483551115	1.0	1.0	1.0	1.0	1.0	1.0	1.0	1.0	1.0
0.5777424038720615	1.0154536460879422	1.766317299087332	1.0	1.0	1.0	1.0	1.0	1.0	1.0	1.0	1.0
0.5685444710111054	0.9446077812195924	1.9762062740968456	1.0	1.0	1.0	1.0	1.0	1.0	1.0	1.0	1.0
0.5596954123636477	0.8790248975613283	2.0353454495853605	1.0	1.0	1.0	1.0	1.0	1.0	1.0	0.0	1.0
0.6086716515145876	1.0825019409162433	1.8773857769709643	1.0	1.0	1.0	1.0	1.0	1.0	1.0	1.0	1.0
0.5417417302559161	1.0111479308276996	2.0268588274626147	1.0	1.0	1.0	1.0	1.0	1.0	0.0	1.0	1.0
0.600956610607322	0.8230952181207062	1.7998890622726305	1.0	1.0	1.0	1.0	0.0	1.0	1.0	0.0	1.0
0.6079121004454614	0.9774038016559159	2.20499331973603	1.0	1.0	1.0	1.0	1.0	1.0	1.0	1.0	1.0
0.5806370287052018	1.0031575215121766	1.8833821296138304	1.0	1.0	1.0	1.0	1.0	1.0	1.0	1.0	1.0
0.6237724038628953	1.0129463647565025	2.0729797340723186	1.0	1.0	1.0	1.0	1.0	1.0	1.0	1.0	1.0
0.6304863615436069	0.9704376454644583	1.8036660516814829	1.0	1.0	1.0	1.0	1.0	1.0	1.0	1.0	1.0
0.5879656436831942	0.9452467121797625	2.3444951435249437	1.0	1.0	1.0	1.0	1.0	0.0	1.0	1.0	0.0
0.5505091685374646	0.9946781139420007	1.999798886322675	1.0	1.0	1.0	1.0	1.0	1.0	1.0	1.0	1.0
0.601028661365421	1.0145684098260424	2.1523494704193387	1.0	1.0	1.0	1.0	1.0	1.0	1.0	1.0	1.0
0.626949209609151	1.0586262442926746	2.0530555946667475	1.0	1.0	1.0	1.0	1.0	1.0	1.0	1.0	1.0
0.5823912528926054	1.0397851874686213	2.1135789531836675	1.0	1.0	1.0	1.0	1.0	1.0	1.0	1.0	1.0
0.59186266709419	0.932364405877854	2.2850914204551955	1.0	1.0	1.0	1.0	1.0	1.0	1.0	1.0	0.0
0.6108610547542589	0.9826121099034771	1.8380518790434965	1.0	1.0	1.0	1.0	1.0	1.0	1.0	1.0	1.0
0.6240211231240906	0.8392999820168566	1.9555153965385568	1.0	0.0	1.0	1.0	0.0	1.0	1.0	0.0	1.0
0.7133601545698387	0.9638446842563113	1.8292921508887023	0.0	1.0	1.0	0.0	1.0	1.0	0.0	1.0	1.0
0.6276903509376311	1.1337309908303734	2.0989458927531146	1.0	1.0	1.0	1.0	1.0	1.0	1.0	1.0	1.0
0.6101564914645298	0.9660083744570148	1.8371968578311901	1.0	1.0	1.0	1.0	1.0	1.0	1.0	1.0	1.0
0.5797348272081083	1.0013084283401847	1.8633028365067654	1.0	1.0	1.0	1.0	1.0	1.0	1.0	1.0	1.0
0.5916148581685355	1.0476289229152531	1.9206322789181558	1.0	1.0	1.0	1.0	1.0	1.0	1.0	1.0	1.0
0.6063595431529123	0.92954397975712	2.3469197467591916	1.0	1.0	0.0	1.0	1.0	0.0	1.0	1.0	0.0
0.5110611687973475	1.0148814417741827	1.9612189259519925	1.0	1.0	1.0	0.0	1.0	1.0	0.0	1.0	1.0
0.6618218095419536	0.9950943011284816	2.1209054201661086	1.0	1.0	1.0	1.0	1.0	1.0	0.0	1.0	1.0
0.6431217102039929	1.014339742258777	1.7881600583463768	1.0	1.0	1.0	1.0	1.0	1.0	0.0	1.0	1.0
0.562545298247819	1.0924432814057836	2.0621451431706777	1.0	1.0	1.0	1.0	1.0	1.0	1.0	1.0	1.0
0.6002483865387411	0.9147331634021703	1.8970366703823567	1.0	1.0	1.0	1.0	1.0	1.0	1.0	1.0	1.0
0.5683563965394639	0.8663528492366733	1.9343237480416997	1.0	1.0	1.0	1.0	0.0	1.0	1.0	0.0	1.0
0.5703237392605176	0.8913930113266422	1.8744416994534279	1.0	1.0	1.0	1.0	1.0	1.0	1.0	1.0	1.0
0.6438084119258386	1.006585451381509	2.014025368346997	1.0	1.0	1.0	1.0	1.0	1.0	1.0	1.0	1.0
0.5798282968895153	0.9238801449801919	1.8884536029363002	1.0	1.0	1.0	1.0	1.0	1.0	1.0	1.0	1.0
0.6181809217599586	0.9748819154265244	2.4157208139757858	1.0	1.0	1.0	1.0	1.0	1.0	1.0	1.0	1.0
0.6477157291935781	1.0243322892020401	1.6593685741228756	1.0	1.0	0.0	1.0	1.0	0.0	0.0	1.0	0.0
0.6419394394877136	1.0481138335739393	1.9905778660402775	1.0	1.0	1.0	1.0	1.0	1.0	1.0	1.0	1.0
0.6016959283334158	1.1067700906836404	2.166883201408952	1.0	1.0	1.0	1.0	1.0	1.0	1.0	0.0	1.0
0.5879047825883278	1.1212506038367065	2.0018535752790565	1.0	1.0	1.0	1.0	1.0	1.0	1.0	0.0	1.0
0.5785898043622705	1.0171549340294637	1.8003709205455196	1.0	1.0	1.0	1.0	1.0	1.0	1.0	1.0	1.0
0.5478984154511743	1.0714907026815224	1.8226954296318418	1.0	1.0	1.0	1.0	1.0	1.0	1.0	1.0	1.0
0.6245759209636771	1.0248653756304602	2.4212904358994645	1.0	1.0	1.0	1.0	1.0	0.0	1.0	1.0	0.0
0.6246195155564893	1.00629367669433	1.8276378487057297	1.0	1.0	1.0	1.0	1.0	1.0	1.0	1.0	1.0
0.6224065680376093	1.0033524353090764	2.0283692913014417	1.0	1.0	1.0	1.0	1.0	1.0	1.0	1.0	1.0
0.5407693511549649	0.9793630986347162	1.8280707110005123	1.0	1.0	1.0	1.0	1.0	1.0	1.0	1.0	1.0
0.5850142972084731	0.9261039346360327	2.069086109855317	1.0	1.0	1.0	1.0	1.0	1.0	1.0	1.0	1.0
0.5959780222098344	1.0683448422265467	2.4419569395619543	1.0	1.0	0.0	1.0	1.0	0.0	1.0	1.0	0.0
0.6216837148428361	0.9785051474130032	2.020643432199058	1.0	1.0	1.0	1.0	1.0	1.0	1.0	1.0	1.0
0.568203019722312	0.8475527547931117	2.06391164200381	1.0	1.0	1.0	1.0	1.0	1.0	1.0	0.0	1.0
0.6351727921240833	1.0188372927528322	1.8984510446320275	1.0	1.0	1.0	1.0	1.0	1.0	1.0	1.0	1.0
0.5418576685639623	0.9601748907695479	1.814338367592486	1.0	1.0	1.0	0.0	1.0	1.0	0.0	1.0	1.0
0.5858816239359049	1.1100109180458373	1.8914843386010014	1.0	1.0	1.0	1.0	1.0	1.0	1.0	1.0	1.0
0.5882630501631997	1.0788765685041508	1.9655300776582192	1.0	1.0	1.0	1.0	1.0	1.0	1.0	1.0	1.0
0.6592993446108117	1.033802188457032	1.9957654063797994	1.0	1.0	1.0	1.0	1.0	1.0	1.0	1.0	1.0
0.6171932156099342	0.953021457145225	1.9981294492965989	1.0	1.0	1.0	1.0	1.0	1.0	1.0	1.0	1.0
0.5771181418580096	0.9063883683787837	1.9128198964044636	1.0	1.0	1.0	1.0	1.0	1.0	1.0	1.0	1.0
0.594172269096123	1.053254353181858	1.8128939149341037	1.0	1.0	1.0	1.0	1.0	1.0	1.0	1.0	1.0
0.5180444807402649	1.0138702291008623	2.0063985780727682	1.0	1.0	1.0	0.0	1.0	1.0	0.0	1.0	1.0
0.5840452637593945	1.001803763569727	1.8881984427657754	1.0	1.0	1.0	1.0	1.0	1.0	1.0	1.0	1.0
0.6173478712712573	1.0037436673394382	1.726013744637325	1.0	1.0	1.0	1.0	1.0	1.0	1.0	1.0	1.0
0.5781690688085643	0.8999174594627388	2.1102286015192475	1.0	1.0	1.0	1.0	1.0	1.0	1.0	0.0	1.0
0.6097442049846293	1.0154376880862093	1.8430930981695468	1.0	1.0	1.0	1.0	1.0	1.0	1.0	1.0	1.0
0.5984763549527997	0.924757761178892	2.1288453198300887	1.0	1.0	1.0	1.0	1.0	1.0	1.0	1.0	1.0
0.6816867472370254	1.0096065217499117	1.9172150386859326	1.0	1.0	1.0	0.0	1.0	1.0	0.0	1.0	1.0
0.6709395559890798	0.9824933461809635	2.0241901927183688	1.0	1.0	1.0	1.0	1.0	1.0	1.0	1.0	1.0
0.5176002219179883	0.9542068972685239	1.8382479859370966	1.0	1.0	1.0	0.0	1.0	1.0	0.0	1.0	1.0
0.6137502919740125	1.0880899442141019	2.2160967924982633	1.0	1.0	1.0	1.0	1.0	1.0	1.0	1.0	1.0
0.5687058900957302	1.0527789228649802	1.828648100408377	1.0	1.0	1.0	1.0	1.0	1.0	1.0	1.0	1.0
0.6152457965301078	1.0669177168560555	2.318565431461758	1.0	1.0	1.0	1.0	1.0	1.0	1.0	1.0	0.0
0.6543068107090603	0.9832519389584012	2.0156200349142264	1.0	1.0	1.0	1.0	1.0	1.0	0.0	1.0	1.0
0.5892217609323995	1.0024758089387822	2.056010082275719	1.0	1.0	1.0	1.0	1.0	1.0	1.0	1.0	1.0
0.6294629095440245	0.9609112635572062	2.1049977793749677	1.0	1.0	1.0	1.0	1.0	1.0	1.0	1.0	1.0
0.6062065041813658	1.0901544068051376	1.874217744300451	1.0	1.0	1.0	1.0	1.0	1.0	1.0	0.0	1.0
0.6215210683818575	0.9683049903102172	2.2552817769378035	1.0	1.0	1.0	1.0	1.0	1.0	1.0	1.0	0.0
0.5960993627089247	1.0485090397098118	2.093870475356371	1.0	1.0	1.0	1.0	1.0	1.0	1.0	1.0	1.0
0.5852621716859426	0.9833560061177664	2.149508746675702	1.0	1.0	1.0	1.0	1.0	1.0	1.0	1.0	1.0
0.5928160142794912	1.0084013739274011	2.0424132357226084	1.0	1.0	1.0	1.0	1.0	1.0	1.0	1.0	1.0
0.6176528684903159	1.048715378809993	2.058139853627399	1.0	1.0	1.0	1.0	1.0	1.0	1.0	1.0	1.0
0.5910477447812174	0.9422560051659978	2.2014417675050013	1.0	1.0	1.0	1.0	1.0	1.0	1.0	1.0	1.0
0.6010728625628312	1.2088196466040906	1.9701015542820988	1.0	0.0	1.0	1.0	0.0	1.0	1.0	0.0	1.0
0.6213440462157357	0.9634829947410984	1.9549803893095794	1.0	1.0	1.0	1.0	1.0	1.0	1.0	1.0	1.0
0.5928340508727514	0.9812538273420264	1.9129843343810076	1.0	1.0	1.0	1.0	1.0	1.0	1.0	1.0	1.0
0.5821747343360356	1.020156048188932	1.81068708221464	1.0	1.0	1.0	1.0	1.0	1.0	1.0	1.0	1.0
0.616365520458686	0.9336753658622424	2.0522359367395344	1.0	1.0	1.0	1.0	1.0	1.0	1.0	1.0	1.0
0.6297905303096902	0.863602123634137	2.062493615468215	1.0	1.0	1.0	1.0	1.0	1.0	1.0	0.0	1.0
0.6157627823004425	1.0689297104250117	1.9713946898904549	1.0	1.0	1.0	1.0	1.0	1.0	1.0	1.0	1.0
0.6159126816526554	0.969111637011873	1.982436766139283	1.0	1.0	1.0	1.0	1.0	1.0	1.0	1.0	1.0
0.5155174231885208	0.8334660282072812	1.9652885258350732	1.0	0.0	1.0	0.0	0.0	1.0	0.0	0.0	1.0
0.5991402532763578	0.9921029199813605	1.8669565133312085	1.0	1.0	1.0	1.0	1.0	1.0	1.0	1.0	1.0
0.6016186264150857	0.957872198925888	1.9438784822834851	1.0	1.0	1.0	1.0	1.0	1.0	1.0	1.0	1.0
0.6598659956862369	1.1126450483679886	2.116916218216949	1.0	1.0	1.0	1.0	1.0	1.0	1.0	0.0	1.0
0.5289734896456991	0.884695694195515	2.117436033892059	1.0	1.0	1.0	1.0	1.0	1.0	1.0	1.0	1.0
0.6586270032901433	0.9347443706961944	2.2337840017285755	1.0	1.0	1.0	1.0	1.0	1.0	1.0	1.0	1.0
0.6137582365270002	1.083875859330813	1.929607433686307	1.0	1.0	1.0	1.0	1.0	1.0	1.0	1.0	1.0
0.6206520293588806	0.98379611517752	1.98214748739272	1.0	1.0	1.0	1.0	1.0	1.0	1.0	1.0	1.0
0.5884266678700963	0.9650797002221222	2.0398776118842847	1.0	1.0	1.0	1.0	1.0	1.0	1.0	1.0	1.0
0.5643193699354839	1.0685756776881994	1.7430643810953892	1.0	1.0	1.0	1.0	1.0	1.0	1.0	1.0	1.0
0.6109102864772651	1.0307231574880085	2.161288479250141	1.0	1.0	1.0	1.0	1.0	1.0	1.0	1.0	1.0
0.5959931092957081	1.0873927870296285	2.0578498886389487	1.0	1.0	1.0	1.0	1.0	1.0	1.0	1.0	1.0
0.632041555506611	1.0348669821606202	1.720119181509474	1.0	1.0	1.0	1.0	1.0	1.0	1.0	1.0	0.0
0.6197930341425306	0.9977579585899755	1.970659077043421	1.0	1.0	1.0	1.0	1.0	1.0	1.0	1.0	1.0
0.5847078253911677	1.1066303039133427	1.7989805227182494	1.0	1.0	1.0	1.0	1.0	1.0	1.0	1.0	1.0
0.6050327511799479	1.0032587938864692	2.0369188769993016	1.0	1.0	1.0	1.0	1.0	1.0	1.0	1.0	1.0
0.5870115665371078	0.9369285968082744	1.9767272558622675	1.0	1.0	1.0	1.0	1.0	1.0	1.0	1.0	1.0
0.6241097379108912	1.1180419361164784	2.1294037984780703	1.0	1.0	1.0	1.0	1.0	1.0	1.0	1.0	0.0
0.5707617569590541	0.9965415259677557	1.9778290898410047	1.0	1.0	1.0	1.0	1.0	1.0	1.0	1.0	1.0
0.5582075592854222	0.9009513128300667	1.8113445780019721	1.0	1.0	1.0	1.0	1.0	1.0	1.0	1.0	1.0
0.5427668005195037	1.0295081699584756	2.0536363772500534	1.0	1.0	1.0	1.0	1.0	1.0	1.0	1.0	1.0
0.5613927907841278	1.0476506561128816	2.072856972978057	1.0	1.0	1.0	1.0	1.0	1.0	1.0	1.0	1.0
0.6832987937721163	1.1894238986841021	1.7164683239511747	1.0	0.0	1.0	0.0	0.0	1.0	0.0	0.0	0.0
0.6509731352243009	0.9675557923794317	2.214592140094267	1.0	1.0	1.0	1.0	1.0	1.0	1.0	1.0	0.0
0.637730219225412	1.1242814452318823	1.850832064754489	1.0	1.0	1.0	1.0	1.0	1.0	1.0	0.0	1.0
0.5503760838155624	0.9633030234083798	1.9487981120439004	1.0	1.0	1.0	1.0	1.0	1.0	1.0	1.0	1.0
0.6099516470638737	1.0380260955647347	1.9546306627125805	1.0	1.0	1.0	1.0	1.0	1.0	1.0	1.0	1.0
0.565300994300226	0.8822776965099752	2.0474215623448337	1.0	1.0	1.0	1.0	1.0	1.0	1.0	1.0	1.0
0.5909376981635113	1.067461395180995	1.7068514501176946	1.0	1.0	1.0	1.0	1.0	1.0	1.0	1.0	0.0
0.6329008897508315	1.1204053780413308	1.9036426649362608	1.0	1.0	1.0	1.0	1.0	1.0	1.0	1.0	1.0
0.5169661025976181	0.8371714691422938	1.9792657025494786	0.0	1.0	1.0	0.0	1.0	1.0	0.0	0.0	1.0
0.6206855433787342	1.0474009278633991	1.8497311098022335	1.0	1.0	1.0	1.0	1.0	1.0	1.0	1.0	1.0
0.6239770136467466	0.9658353358358069	1.899280184855505	1.0	1.0	1.0	1.0	1.0	1.0	1.0	1.0	1.0
0.6162059967660216	0.9931850004815487	1.8995858717745198	1.0	1.0	1.0	1.0	1.0	1.0	1.0	1.0	1.0
0.5958899098580868	0.9485451430123684	2.068519175694328	1.0	1.0	1.0	1.0	1.0	1.0	1.0	1.0	1.0
0.5861480503545146	0.9997217920272774	1.9551065591496086	1.0	1.0	1.0	1.0	1.0	1.0	1.0	1.0	1.0
0.635310606871082	0.9670117459426784	2.0522778971093225	1.0	1.0	1.0	1.0	1.0	1.0	1.0	1.0	1.0
0.6226433255416546	0.9441867424639234	1.9000148070327105	1.0	1.0	1.0	1.0	1.0	1.0	1.0	1.0	1.0
0.6304325510577874	1.0090502390725387	2.0228307096417697	1.0	1.0	1.0	1.0	1.0	1.0	1.0	1.0	1.0
0.6154786597013099	1.0363369983321769	2.2017549124409577	1.0	1.0	1.0	1.0	1.0	1.0	1.0	1.0	0.0
0.6199312767335482	1.0368684975837423	1.9695780417127904	1.0	1.0	1.0	1.0	1.0	1.0	1.0	1.0	1.0
0.6217126868246711	1.0166082904982718	2.2272447654890084	1.0	1.0	1.0	1.0	1.0	1.0	1.0	1.0	1.0
0.6224565842357312	0.9900148139890563	2.156137787026381	1.0	1.0	1.0	1.0	1.0	1.0	1.0	1.0	1.0
0.5862463173052805	1.0313519367351873	2.0289546978812667	1.0	1.0	1.0	1.0	1.0	1.0	1.0	1.0	1.0
0.6388235365801408	1.1384752271010392	2.1531724425244883	1.0	1.0	1.0	1.0	1.0	1.0	1.0	1.0	1.0
0.5689139281313738	1.0401555154567113	1.97104459778259	1.0	1.0	1.0	1.0	1.0	1.0	1.0	1.0	1.0
0.5525354408332532	1.0196645630403325	1.7753517586231975	1.0	1.0	1.0	0.0	1.0	1.0	0.0	1.0	1.0
0.6627883391154538	1.0927912796177714	2.1600823124693806	1.0	1.0	1.0	1.0	1.0	1.0	0.0	1.0	1.0
0.5884007985697178	1.1207547516907579	1.955078643894038	1.0	1.0	1.0	1.0	0.0	1.0	1.0	0.0	1.0
0.5892563220450189	1.0478897297045635	2.2285724901424344	1.0	1.0	1.0	1.0	1.0	1.0	1.0	1.0	0.0
0.6354886239540047	1.056698476626399	1.9967844161274177	1.0	1.0	1.0	1.0	1.0	1.0	1.0	1.0	1.0
0.6244709975745996	0.8893748649218228	1.6796766374917236	1.0	1.0	1.0	1.0	1.0	1.0	1.0	0.0	1.0
0.6391159574539587	1.062791609317688	1.979764222080669	1.0	1.0	1.0	1.0	1.0	1.0	1.0	1.0	1.0
0.6050870398967291	1.032995538397665	2.0481528364907122	1.0	1.0	1.0	1.0	1.0	1.0	1.0	1.0	1.0
0.6474416711264691	0.9949448217685339	2.0964563669510587	1.0	1.0	1.0	1.0	1.0	1.0	1.0	1.0	1.0
0.5922553750321233	1.0925697559327885	1.9742854983434528	1.0	1.0	1.0	1.0	1.0	1.0	1.0	1.0	1.0
0.5860757782283844	0.9149769778528397	1.9576449215734941	1.0	1.0	1.0	1.0	1.0	1.0	1.0	1.0	1.0
0.5908969406589796	0.9478610733543641	2.0334412121040013	1.0	1.0	1.0	1.0	1.0	1.0	1.0	1.0	1.0
0.6244786598957335	1.0471168580495054	2.1485341340624875	1.0	1.0	1.0	1.0	1.0	1.0	1.0	1.0	1.0
0.564860803843629	0.9554990676236724	2.1637676694956776	1.0	1.0	1.0	1.0	1.0	1.0	1.0	1.0	1.0
0.6209760166053329	0.8987520846072733	1.8623542009862963	1.0	1.0	1.0	1.0	1.0	1.0	1.0	1.0	1.0
0.6000147139283506	0.9362941691452703	2.1184917703502513	1.0	1.0	1.0	1.0	1.0	1.0	1.0	1.0	1.0
0.5628119335221324	0.8914327338516276	2.0202913047763276	1.0	1.0	1.0	1.0	1.0	1.0	1.0	1.0	1.0
0.6016406993112572	1.0181449588807965	1.8968834834509116	1.0	1.0	1.0	1.0	1.0	1.0	1.0	1.0	1.0
0.6332286111919969	0.973658193937915	2.212052078088626	1.0	1.0	1.0	1.0	1.0	1.0	1.0	1.0	1.0
0.577959433007204	0.9600557440297401	1.8170722303240423	1.0	1.0	1.0	1.0	1.0	1.0	1.0	1.0	1.0
0.5810799076827866	0.9659192043302608	2.0176874884203864	1.0	1.0	1.0	1.0	1.0	1.0	1.0	1.0	1.0
0.5965519258090196	1.1195480833995028	1.944995506730004	1.0	1.0	1.0	1.0	1.0	1.0	1.0	1.0	1.0
0.6305392349123744	1.0111006918698202	2.0648995308330016	1.0	1.0	1.0	1.0	1.0	1.0	1.0	1.0	1.0
0.6088001354759409	0.9114942736760442	2.1218323922984546	1.0	1.0	1.0	1.0	1.0	1.0	1.0	1.0	1.0
0.560373923005022	1.0299044673058106	1.8440306964121465	1.0	1.0	1.0	1.0	1.0	1.0	1.0	1.0	1.0
0.629147205678129	0.9973927937944675	1.8755019635020056	1.0	1.0	1.0	1.0	1.0	1.0	1.0	1.0	1.0
0.5983760609057291	1.0968379637251575	1.9005005459244442	1.0	1.0	1.0	1.0	1.0	1.0	1.0	1.0	1.0
0.6008999232631612	0.8742967037525285	2.129633235429679	1.0	1.0	1.0	1.0	0.0	1.0	1.0	0.0	1.0
0.5561952024383171	0.9911099401893388	2.170596466657999	1.0	1.0	1.0	1.0	1.0	1.0	0.0	1.0	1.0
0.5859892683167057	0.9680352962113676	1.9592588777674533	1.0	1.0	1.0	1.0	1.0	1.0	1.0	1.0	1.0
0.630843434143709	1.018540494274244	2.1338521067816583	1.0	1.0	1.0	1.0	1.0	1.0	1.0	1.0	1.0
0.5651334705869863	0.9200068761005434	1.8907015943668508	1.0	1.0	1.0	1.0	1.0	1.0	1.0	1.0	1.0
0.615609842093899	0.9446534440333729	2.054216981328082	1.0	1.0	1.0	1.0	1.0	1.0	1.0	1.0	1.0
0.6345088293993411	1.077717421401977	2.0923559009160226	1.0	1.0	1.0	1.0	1.0	1.0	1.0	1.0	1.0
0.6232110671363816	0.9558283685821639	1.970092628605714	1.0	1.0	1.0	1.0	1.0	1.0	1.0	1.0	1.0
0.5742389697022693	1.0197787092133936	1.9830870655133426	1.0	1.0	1.0	1.0	1.0	1.0	1.0	1.0	1.0
0.5950432424352736	1.0641906276579471	2.2724276488131347	1.0	1.0	1.0	1.0	1.0	1.0	1.0	1.0	1.0
0.5515117157194862	0.9893906368578984	1.8301822053401642	1.0	1.0	1.0	1.0	1.0	1.0	1.0	1.0	1.0
0.5624028407385885	0.9992593680574161	2.122714296291069	1.0	1.0	1.0	1.0	1.0	1.0	1.0	1.0	1.0
0.5844433623806907	0.9548911774600115	1.980379042056629	1.0	1.0	1.0	1.0	1.0	1.0	1.0	1.0	1.0
0.6192139981913216	0.9974356361697643	1.941438013996899	1.0	1.0	1.0	1.0	1.0	1.0	1.0	1.0	1.0
0.6317369100187754	0.9585550178517335	1.7781874947900507	1.0	1.0	1.0	1.0	1.0	1.0	1.0	1.0	1.0
0.5851375113972492	0.9621617114480425	2.085409334809896	1.0	1.0	1.0	1.0	1.0	1.0	1.0	1.0	1.0
0.5768851407919202	1.0647511243220376	1.9664226209436122	1.0	1.0	1.0	1.0	1.0	1.0	1.0	1.0	1.0
0.6818029999757147	1.012148802783301	2.0131938396699565	1.0	1.0	1.0	0.0	1.0	1.0	0.0	1.0	1.0
0.5318805934996305	1.0972632409527465	1.8934283958792912	1.0	1.0	1.0	1.0	1.0	1.0	0.0	1.0	1.0
0.6778458031001344	0.9512970893554525	1.7935948387787513	1.0	1.0	1.0	0.0	1.0	1.0	0.0	1.0	1.0
0.609004553808908	0.9501601634352782	1.9353942050498119	1.0	1.0	1.0	1.0	1.0	1.0	1.0	1.0	1.0
0.616148767692647	1.0855038907345342	1.9560021313296292	1.0	1.0	1.0	1.0	1.0	1.0	1.0	1.0	1.0
0.5716381423237746	0.9433947514768445	1.9063253015813855	1.0	1.0	1.0	1.0	1.0	1.0	1.0	1.0	1.0
0.5734298833040099	1.0312978701238669	1.988170674268579	1.0	1.0	1.0	1.0	1.0	1.0	1.0	1.0	1.0
