0.5826148685123169	0.9701960261304978	1.9690248280534617	1.0	1.0	1.0	1.0	1.0	1.0	1.0	1.0	1.0
0.5900401883451686	1.0551138731924938	2.07573409865554	1.0	1.0	1.0	1.0	1.0	1.0	1.0	1.0	1.0
0.6041637904044095	1.0703232522741004	1.970639209555207	1.0	1.0	1.0	1.0	1.0	1.0	1.0	1.0	1.0
0.6740219894928359	0.9591843792720878	2.1615959511616705	1.0	1.0	1.0	1.0	1.0	1.0	1.0	1.0	1.0
0.6126254490567804	0.8625242736357959	1.9214786162181439	1.0	1.0	1.0	1.0	0.0	1.0	1.0	0.0	1.0
0.6501351568463969	1.0176571591785988	1.8073160233619665	1.0	1.0	1.0	1.0	1.0	1.0	1.0	1.0	1.0
0.6560417283861837	1.0754310316273568	2.0048142202522503	1.0	1.0	1.0	1.0	1.0	1.0	0.0	1.0	1.0
0.6061423289408533	0.9571571101969334	2.0542293961117064	1.0	1.0	1.0	1.0	1.0	1.0	1.0	1.0	1.0
0.5483269067119307	0.998168194056237	1.9331081101797851	1.0	1.0	1.0	1.0	1.0	1.0	0.0	1.0	1.0
0.6496108766339795	1.0260624182054603	2.344630538365128	1.0	1.0	0.0	1.0	1.0	0.0	1.0	1.0	0.0
0.6068983269672715	1.0057015489838796	2.0543323447387163	1.0	1.0	1.0	1.0	1.0	1.0	1.0	1.0	1.0
0.6191930877097243	1.0954149896593905	1.9846574749291257	1.0	1.0	1.0	1.0	1.0	1.0	1.0	1.0	1.0
0.6411008551388805	0.9598652218545451	2.0764806309691277	1.0	1.0	1.0	1.0	1.0	1.0	1.0	1.0	1.0
0.6609558559733941	1.0239198427477512	2.232325576134319	1.0	1.0	1.0	0.0	1.0	1.0	0.0	1.0	0.0
0.5758438120978032	1.0013464655553321	1.9002041458144954	1.0	1.0	1.0	1.0	1.0	1.0	1.0	1.0	1.0
0.597167559787201	1.0473435863479685	1.7420890885418168	1.0	1.0	1.0	1.0	1.0	1.0	1.0	1.0	0.0
0.6090002927638536	1.04334237446201	1.9060229084639662	1.0	1.0	1.0	1.0	1.0	1.0	1.0	1.0	1.0
0.6279983169231232	1.0442161942231347	1.9415565466709077	1.0	1.0	1.0	1.0	1.0	1.0	1.0	1.0	1.0
0.652080293680218	0.9085861033235155	2.3618952248384053	1.0	1.0	1.0	1.0	1.0	0.0	1.0	1.0	0.0
0.5635894590006634	0.9828095981911512	1.8227140859746156	1.0	1.0	1.0	1.0	1.0	1.0	1.0	1.0	1.0
0.6369917230069625	1.0826533146261765	1.753419305711178	1.0	1.0	1.0	1.0	1.0	1.0	1.0	1.0	0.0
0.6354457350315765	0.9024232523598612	2.140802750451423	1.0	1.0	1.0	1.0	1.0	1.0	1.0	1.0	1.0
0.6051346423785511	1.0934885661653446	2.166607206651984	1.0	1.0	1.0	1.0	1.0	1.0	1.0	1.0	1.0
0.5666909640826882	1.087161261057049	2.046704765676669	1.0	1.0	1.0	1.0	1.0	1.0	1.0	1.0	1.0
0.5488816477251739	0.8870304753412694	2.0149041073827028	1.0	1.0	1.0	1.0	1.0	1.0	1.0	0.0	1.0
0.5920349588288156	1.0788516011162324	1.7455482560923938	1.0	1.0	1.0	1.0	1.0	1.0	1.0	1.0	0.0
0.5703409692536715	1.0087685280553063	1.9066968107942732	1.0	1.0	1.0	1.0	1.0	1.0	1.0	1.0	1.0
0.5588828129737368	0.8062628879845137	1.9548829938170442	1.0	1.0	1.0	1.0	1.0	1.0	1.0	0.0	1.0
0.6209950793775918	0.9919170283824122	1.9896276594008866	1.0	1.0	1.0	1.0	1.0	1.0	1.0	1.0	1.0
0.6126282874814294	1.0252080163718271	1.8547904696159716	1.0	1.0	1.0	1.0	1.0	1.0	1.0	1.0	1.0
0.6752463682062321	1.0074472617877879	1.8853547116672307	1.0	1.0	1.0	1.0	1.0	1.0	0.0	1.0	1.0
0.6331541758341053	0.8423415109382639	1.9494430323489045	1.0	1.0	1.0	1.0	1.0	1.0	1.0	0.0	1.0
0.6022613413725008	1.0736191205013756	1.9315317983672946	1.0	1.0	1.0	1.0	1.0	1.0	1.0	1.0	1.0
0.60862262952914	0.968964824858691	2.112912635849277	1.0	1.0	1.0	1.0	1.0	1.0	1.0	1.0	1.0
0.5809955960523533	1.1138269774910299	2.048422242255655	1.0	1.0	1.0	1.0	1.0	1.0	1.0	0.0	1.0
0.5889448353362612	1.1015993917217173	2.3127146705920407	1.0	1.0	1.0	1.0	1.0	0.0	1.0	1.0	0.0
0.6096438729669483	0.9808189876804034	1.9647956424458484	1.0	1.0	1.0	1.0	1.0	1.0	1.0	1.0	1.0
0.6145020099027463	0.8466630275908318	2.0223180506272525	1.0	1.0	1.0	1.0	0.0	1.0	1.0	0.0	1.0
0.6056520139140941	1.0842001907725807	1.9438848282026764	1.0	1.0	1.0	1.0	1.0	1.0	1.0	1.0	1.0
0.5829768190627849	0.992594457642747	1.9901543525209107	1.0	1.0	1.0	1.0	1.0	1.0	1.0	1.0	1.0
0.6232866278599315	1.0953738768139414	2.1809264014523433	1.0	1.0	1.0	1.0	1.0	1.0	1.0	1.0	1.0
0.6071090087073926	0.934801140280523	2.1784139902873854	1.0	1.0	1.0	1.0	1.0	1.0	1.0	1.0	1.0
0.5807453824042919	0.9602746384100872	2.0396992900584747	1.0	1.0	1.0	1.0	1.0	1.0	1.0	1.0	1.0
0.5866087675061393	0.9961106626161969	2.0500458512963418	1.0	1.0	1.0	1.0	1.0	1.0	1.0	1.0	1.0
0.6165954124899548	1.1130695577913643	2.130934413614291	1.0	1.0	1.0	1.0	1.0	1.0	1.0	1.0	1.0
0.6638745293060236	0.9476336427185966	2.126097767550749	1.0	1.0	1.0	1.0	1.0	1.0	1.0	1.0	1.0
0.5619344216516953	1.0883649091827476	1.912267599065923	1.0	1.0	1.0	1.0	1.0	1.0	1.0	0.0	1.0
0.5730104706549002	1.056253438558973	2.01805540748795	1.0	1.0	1.0	1.0	1.0	1.0	1.0	1.0	1.0
0.5529140979007067	0.9270457189874314	1.9058342585861932	1.0	1.0	1.0	1.0	1.0	1.0	1.0	1.0	1.0
0.6081257288869403	1.0216013934310835	2.012347183678721	1.0	1.0	1.0	1.0	1.0	1.0	1.0	1.0	1.0
0.5191692915058399	0.9301024516323925	2.0307881141926005	1.0	1.0	1.0	0.0	1.0	1.0	0.0	1.0	1.0
0.630413275672208	1.0923503429577128	2.1132254297916044	1.0	1.0	1.0	1.0	1.0	1.0	1.0	1.0	1.0
0.5230263394015325	0.8488428106291865	1.906141176076579	1.0	1.0	1.0	0.0	1.0	1.0	0.0	1.0	1.0
0.6261427494671808	0.9237256310941747	2.0505542079440917	1.0	1.0	1.0	1.0	1.0	1.0	1.0	1.0	1.0
0.5631710845240353	1.0359601707234063	2.130868868243811	1.0	1.0	1.0	1.0	1.0	1.0	1.0	1.0	1.0
0.5906178793896778	1.0470890452986448	2.3183472904869107	1.0	1.0	1.0	1.0	1.0	0.0	1.0	1.0	0.0
0.5870234874467989	1.1125321343079477	1.9394713969641406	1.0	1.0	1.0	1.0	1.0	1.0	1.0	1.0	1.0
0.681165059830272	1.0713531549757487	2.128512955151162	1.0	1.0	1.0	0.0	1.0	1.0	0.0	1.0	1.0
0.6224073031478231	1.0890922345357381	1.9799183410989594	1.0	1.0	1.0	1.0	1.0	1.0	1.0	1.0	1.0
0.6014694623917619	0.9928808651230739	2.0719167974350063	1.0	1.0	1.0	1.0	1.0	1.0	1.0	1.0	1.0
0.5338029589010034	1.0216714627224006	2.1698856653462695	1.0	1.0	1.0	1.0	1.0	1.0	1.0	1.0	1.0
0.5581591965307023	0.9969744692924916	2.115562874899131	1.0	1.0	1.0	1.0	1.0	1.0	1.0	1.0	1.0
0.6156677591860087	0.9205366487354146	2.0115989251716737	1.0	1.0	1.0	1.0	1.0	1.0	1.0	1.0	1.0
0.6011687661419776	0.9726568082112582	1.8704576839067877	1.0	1.0	1.0	1.0	1.0	1.0	1.0	1.0	1.0
0.5666654569867353	1.0903604811344125	1.9644370604289956	1.0	1.0	1.0	1.0	1.0	1.0	1.0	1.0	1.0
0.570199682759853	0.9359622637178996	2.102543742789386	1.0	1.0	1.0	1.0	1.0	1.0	1.0	1.0	1.0
0.6148677115675201	0.9353749772512195	2.0093921598798468	1.0	1.0	1.0	1.0	1.0	1.0	1.0	1.0	1.0
0.6364677398331839	1.0108803282534726	1.9676072459640725	1.0	1.0	1.0	1.0	1.0	1.0	1.0	1.0	1.0
0.5672700105248611	0.9447574476388656	1.9966076709855545	1.0	1.0	1.0	1.0	1.0	1.0	1.0	1.0	1.0
0.5962259834050703	0.9496119951719451	2.0805168928892184	1.0	1.0	1.0	1.0	1.0	1.0	1.0	1.0	1.0
0.6180344473478502	1.0102936376802532	2.2080266848371846	1.0	1.0	1.0	1.0	1.0	1.0	1.0	1.0	1.0
0.5444555120227695	0.9085245701089213	1.9757535876277725	1.0	1.0	1.0	1.0	1.0	1.0	0.0	1.0	1.0
0.6309050259537476	1.0524037486920113	2.146315754940819	1.0	1.0	1.0	1.0	1.0	1.0	1.0	1.0	1.0
0.6079953565699333	1.0190390702925574	2.123888788463714	1.0	1.0	1.0	1.0	1.0	1.0	1.0	1.0	1.0
0.6166943150834199	0.96105836861881	2.2918894988893435	1.0	1.0	1.0	1.0	1.0	1.0	1.0	1.0	0.0
0.5905396155533926	1.0259495172307882	2.0440415554598625	1.0	1.0	1.0	1.0	1.0	1.0	1.0	1.0	1.0
0.5935440245862657	1.019329182269007	2.0545957853643264	1.0	1.0	1.0	1.0	1.0	1.0	1.0	1.0	1.0
0.5722103445287818	0.98506308146934	1.9467381750187802	1.0	1.0	1.0	1.0	1.0	1.0	1.0	1.0	1.0
0.508529978277881	0.9856607076471214	1.8317671538972724	1.0	1.0	1.0	0.0	1.0	1.0	0.0	1.0	1.0
0.5606158134869118	1.0847183902645883	1.9523854618541858	1.0	1.0	1.0	1.0	1.0	1.0	1.0	1.0	1.0
0.602257446305793	1.007028156595801	2.138037139462774	1.0	1.0	1.0	1.0	1.0	1.0	1.0	1.0	1.0
0.6391670394443689	1.0830986028401217	2.070053674461744	1.0	1.0	1.0	1.0	1.0	1.0	1.0	1.0	1.0
0.665689349548134	0.8664034667656111	2.199162967868766	1.0	1.0	1.0	0.0	1.0	1.0	0.0	1.0	1.0
0.6320322478135088	1.034044663984835	1.9013332373622884	1.0	1.0	1.0	1.0	1.0	1.0	1.0	1.0	1.0
0.5591158962265035	1.0791964958258276	1.9543725306727633	1.0	1.0	1.0	1.0	1.0	1.0	1.0	1.0	1.0
0.5697928904911079	0.9778094316218673	1.8895301866049734	1.0	1.0	1.0	1.0	1.0	1.0	1.0	1.0	1.0
0.625032653023713	1.1134522062801915	1.6218472293384916	1.0	1.0	1.0	1.0	1.0	1.0	1.0	1.0	0.0
0.6041477667340159	1.0725700892737184	1.9474094757373668	1.0	1.0	1.0	1.0	1.0	1.0	1.0	1.0	1.0
0.5701167142519834	0.8229427811779922	2.0657359812120433	1.0	1.0	1.0	1.0	0.0	1.0	1.0	0.0	1.0
0.5382088273384221	0.9617721428823497	1.8168351632949302	1.0	1.0	1.0	0.0	1.0	1.0	0.0	1.0	1.0
0.608986213416444	1.0642708030470682	1.8058412809802402	1.0	1.0	1.0	1.0	1.0	1.0	1.0	1.0	1.0
0.5323108416883111	1.0486200765984643	2.108482458129183	1.0	1.0	1.0	0.0	1.0	1.0	0.0	1.0	1.0
0.6135183153721305	1.0827920502572328	1.9058487590731523	1.0	1.0	1.0	1.0	1.0	1.0	1.0	0.0	1.0
0.5714556831379999	0.9903770795718031	1.8518475812983173	1.0	1.0	1.0	1.0	1.0	1.0	1.0	1.0	1.0
0.5868849198732221	1.0618594474816985	2.105569842015786	1.0	1.0	1.0	1.0	1.0	1.0	1.0	1.0	0.0
0.6146818095706972	0.9372268116665665	2.08515125606743	1.0	1.0	1.0	1.0	1.0	1.0	1.0	1.0	1.0
0.5842387547170016	1.1140057588304033	2.070079372762485	1.0	1.0	1.0	1.0	1.0	1.0	1.0	0.0	1.0
0.5974613057932566	0.9329312188031096	2.1250508089214977	1.0	1.0	1.0	1.0	1.0	1.0	1.0	1.0	1.0
0.5813038430553162	1.0391383135916097	1.9447963363976208	1.0	1.0	1.0	1.0	1.0	1.0	1.0	1.0	1.0
0.5995054646955715	1.0799737284028852	1.9063305154658068	1.0	1.0	1.0	1.0	1.0	1.0	1.0	1.0	1.0
0.6080360956295848	0.998130808157924	1.952935774847746	1.0	1.0	1.0	1.0	1.0	1.0	1.0	1.0	1.0
0.5964214890957947	0.898416811592619	1.9962911265513108	1.0	1.0	1.0	1.0	1.0	1.0	1.0	1.0	1.0
0.5703712917460215	1.0272911643885887	2.260682729394704	1.0	1.0	1.0	1.0	1.0	0.0	1.0	1.0	0.0
0.5620449145892908	1.039674199501696	2.0151686883204887	1.0	1.0	1.0	1.0	1.0	1.0	1.0	1.0	1.0
0.5796323028023922	1.1187804748693322	1.945537437231387	1.0	1.0	1.0	1.0	1.0	1.0	1.0	1.0	1.0
0.5870576963127462	0.8816589866226774	1.9459912110234914	1.0	1.0	1.0	1.0	1.0	1.0	1.0	1.0	1.0
0.6395842310610416	1.0935649800990914	1.7792949095654411	1.0	1.0	1.0	1.0	1.0	1.0	1.0	1.0	1.0
0.6289156617673	1.0381568322443042	2.0925192611035905	1.0	1.0	1.0	1.0	1.0	1.0	1.0	1.0	1.0
0.5942521321669163	0.9892459659872502	2.143515481749421	1.0	1.0	1.0	1.0	1.0	1.0	1.0	1.0	1.0
0.6017532648304131	1.003628533940081	2.2106973256985087	1.0	1.0	1.0	1.0	1.0	1.0	1.0	1.0	1.0
0.5805577496577248	0.9862946380403236	2.051382649877855	1.0	1.0	1.0	1.0	1.0	1.0	1.0	1.0	1.0
0.6384136776596393	0.8864731564602161	2.0571169829532914	1.0	1.0	1.0	1.0	1.0	1.0	1.0	1.0	1.0
0.635510652165006	1.083803348578933	2.15430560190172	1.0	1.0	1.0	1.0	1.0	1.0	1.0	1.0	1.0
0.5981340039842772	0.8957789987109346	2.0389509852232104	1.0	1.0	1.0	1.0	1.0	1.0	1.0	1.0	1.0
0.5573239555431656	1.0823920555326743	1.9234127353701103	1.0	1.0	1.0	1.0	1.0	1.0	1.0	1.0	1.0
0.5607042096843564	1.004798166846984	1.936951283122196	1.0	1.0	1.0	1.0	1.0	1.0	1.0	1.0	1.0
0.589090797789705	1.0412177692983973	1.8865710611644506	1.0	1.0	1.0	1.0	1.0	1.0	1.0	1.0	1.0
0.5851002401146556	1.0315329523488515	2.1419504576966366	1.0	1.0	1.0	1.0	1.0	1.0	1.0	1.0	1.0
0.5942807274999711	1.1207893025116487	2.2992928460204567	1.0	1.0	1.0	1.0	1.0	1.0	1.0	1.0	0.0
0.5732793794599028	0.9931466594157552	1.8067246695261618	1.0	1.0	1.0	1.0	1.0	1.0	0.0	1.0	1.0
0.6156614105477899	1.0151361607512834	2.035183639184663	1.0	1.0	1.0	1.0	1.0	1.0	1.0	1.0	1.0
0.5844562295132733	1.0043747549368742	1.9293191519578488	1.0	1.0	1.0	1.0	1.0	1.0	1.0	1.0	1.0
0.5618286270848164	0.8995721116817491	2.101386454626355	1.0	1.0	1.0	1.0	1.0	1.0	1.0	1.0	1.0
0.6149484828499651	0.9316380558696837	1.9723208332491933	1.0	1.0	1.0	1.0	1.0	1.0	1.0	1.0	1.0
0.6019833976469507	0.9753654665913377	1.923027139351634	1.0	1.0	1.0	1.0	1.0	1.0	1.0	1.0	1.0
0.5915392040564049	0.9814437579107049	1.9711898794304419	1.0	1.0	1.0	1.0	1.0	1.0	1.0	1.0	1.0
0.5416655948925567	1.0103193136769895	1.9458689778503084	1.0	1.0	1.0	1.0	1.0	1.0	1.0	1.0	1.0
0.6409227634033432	1.0407139985942853	1.9667704186195034	1.0	1.0	1.0	1.0	1.0	1.0	1.0	1.0	1.0
0.6099863035042923	1.101087010898471	2.1841594905849355	1.0	1.0	1.0	1.0	1.0	1.0	1.0	1.0	1.0
0.6189739460886912	0.8231787006643526	1.6925868983960681	1.0	0.0	1.0	1.0	0.0	1.0	1.0	0.0	0.0
0.5840703734796597	0.9419079729393345	2.259954779543616	1.0	1.0	1.0	1.0	1.0	0.0	1.0	1.0	0.0
0.5847623418318882	0.9248562865631521	2.1371172849978666	1.0	1.0	1.0	1.0	1.0	1.0	1.0	1.0	1.0
0.5578222847923352	1.0948522410853665	1.78592673685033	1.0	1.0	1.0	1.0	1.0	1.0	1.0	1.0	1.0
0.621411953353546	0.9611530496138789	2.150270770687202	1.0	1.0	1.0	1.0	1.0	1.0	1.0	1.0	1.0
0.6575123695732846	0.9803306973335941	2.1092749373711404	1.0	1.0	1.0	1.0	1.0	1.0	1.0	1.0	1.0
0.5499162814766605	0.9481412098639282	2.182940597111078	1.0	1.0	1.0	1.0	1.0	1.0	0.0	1.0	1.0
0.5898939762838259	1.0541856811678925	1.9165315717818947	1.0	1.0	1.0	1.0	1.0	1.0	1.0	1.0	1.0
0.5929716921656295	0.8543914428224011	1.9619144246667288	1.0	0.0	1.0	1.0	0.0	1.0	1.0	0.0	1.0
0.5938274545031	0.9927312966904649	1.8771423201582107	1.0	1.0	1.0	1.0	1.0	1.0	1.0	1.0	1.0
0.6152358521783642	1.123030807110298	2.277061450154301	1.0	1.0	1.0	1.0	1.0	1.0	1.0	1.0	1.0
0.6134919618147058	0.9320076887278395	2.094267469617676	1.0	1.0	1.0	1.0	1.0	1.0	1.0	1.0	1.0
0.634701114635438	0.9650133768581319	1.9215347687084023	1.0	1.0	1.0	1.0	1.0	1.0	1.0	1.0	1.0
0.5487184034462094	0.832234723091243	2.1845183621899826	1.0	1.0	1.0	1.0	0.0	1.0	1.0	0.0	1.0
0.6270300335582359	1.003637008215994	1.9459080911243771	1.0	1.0	1.0	1.0	1.0	1.0	1.0	1.0	1.0
0.6108804773136431	1.0658340847114178	1.7046028813103375	1.0	1.0	1.0	1.0	1.0	1.0	1.0	1.0	1.0
0.5343711890688015	0.9214630066171207	1.911787176275057	1.0	1.0	1.0	0.0	1.0	1.0	0.0	1.0	1.0
0.650218282510782	0.9861974358710067	2.037206913487931	1.0	1.0	1.0	1.0	1.0	1.0	1.0	1.0	1.0
0.6602636512784399	1.026063185303786	2.1766875955537963	1.0	1.0	1.0	1.0	1.0	1.0	0.0	1.0	0.0
0.6175583440623459	1.1875719535088107	2.0056397848390812	1.0	1.0	1.0	1.0	0.0	1.0	1.0	0.0	1.0
0.6072080924329074	1.0147046061548526	2.063705043649748	1.0	1.0	1.0	1.0	1.0	1.0	1.0	1.0	1.0
0.550611421676183	1.051928322806395	2.025719374796629	1.0	1.0	1.0	1.0	1.0	1.0	1.0	1.0	1.0
0.5265878523387376	1.0498986156991585	1.9704753583299528	1.0	1.0	1.0	0.0	1.0	1.0	0.0	1.0	1.0
0.575486556016408	0.9805373498471986	2.0415067921392636	1.0	1.0	1.0	1.0	1.0	1.0	1.0	1.0	1.0
0.6770275211345803	0.8975594004163479	2.141359141886633	1.0	1.0	1.0	0.0	1.0	1.0	0.0	1.0	1.0
0.5674558770049639	0.9847788741959045	1.8540625358390397	1.0	1.0	1.0	1.0	1.0	1.0	1.0	1.0	1.0
0.5980557903625585	0.9275281334888809	2.0373123616970488	1.0	1.0	1.0	1.0	1.0	1.0	1.0	1.0	1.0
0.5698679104725718	1.0214956532573867	2.095785646265602	1.0	1.0	1.0	1.0	1.0	1.0	1.0	1.0	1.0
0.6269775980658401	1.046905648807265	2.046463376958987	1.0	1.0	1.0	1.0	1.0	1.0	1.0	1.0	1.0
0.6284749898062709	1.0207576261092561	1.9716032335920328	1.0	1.0	1.0	1.0	1.0	1.0	1.0	1.0	1.0
0.5048376369952537	1.0819222426754362	1.9701284884681718	0.0	1.0	1.0	0.0	1.0	1.0	0.0	1.0	1.0
0.6105292278760626	1.0042618677830997	1.9570847562858367	1.0	1.0	1.0	1.0	1.0	1.0	1.0	1.0	1.0
0.6103186873154797	0.9562993574781851	1.9247975256105179	1.0	1.0	1.0	1.0	1.0	1.0	1.0	1.0	1.0
0.6308618544072445	0.922944911909464	2.1692795031208467	1.0	1.0	1.0	1.0	1.0	1.0	1.0	1.0	1.0
0.6302872358247628	1.0917490043518405	2.220921777270993	1.0	1.0	1.0	1.0	1.0	1.0	1.0	1.0	1.0
0.6320957348317259	1.0585658274030776	1.906672453557466	1.0	1.0	1.0	1.0	1.0	1.0	1.0	1.0	1.0
0.575775233076104	0.9429712042757676	1.900921086880878	1.0	1.0	1.0	1.0	1.0	1.0	1.0	1.0	1.0
0.6240847383194252	1.0818448805645393	1.991430140000644	1.0	1.0	1.0	1.0	1.0	1.0	1.0	1.0	1.0
0.6488492160517457	0.9983302854551793	2.083509012443109	1.0	1.0	1.0	1.0	1.0	1.0	1.0	1.0	1.0
0.5700675100772499	1.055789337044362	1.9056653678353295	1.0	1.0	1.0	1.0	1.0	1.0	1.0	1.0	1.0
0.6004345974610572	0.9265439367190532	2.0071028965691586	1.0	1.0	1.0	1.0	1.0	1.0	1.0	1.0	1.0
0.5474791407058541	1.040362638540312	2.1579656032825	1.0	1.0	1.0	1.0	1.0	1.0	1.0	1.0	1.0
0.6595645441625023	1.0765759733241107	1.7537319439093624	1.0	1.0	1.0	0.0	1.0	1.0	0.0	1.0	1.0
0.5761219486505753	1.083000742953105	1.9004360691145887	1.0	1.0	1.0	1.0	1.0	1.0	1.0	1.0	1.0
0.551697002463406	0.9523205718244373	1.6679007234829295	1.0	1.0	1.0	1.0	1.0	1.0	1.0	1.0	0.0
0.5656856434288439	1.1100826614596002	1.9412155752884814	1.0	1.0	1.0	1.0	1.0	1.0	1.0	0.0	1.0
0.6509916752404922	1.068052913494066	1.9339719157785291	1.0	1.0	1.0	1.0	1.0	1.0	1.0	1.0	1.0
0.5966962107149856	0.9009658095337916	2.234883737142344	1.0	1.0	1.0	1.0	1.0	1.0	1.0	1.0	0.0
0.6079942104660878	0.8904818626521308	1.962368979085803	1.0	1.0	1.0	1.0	1.0	1.0	1.0	1.0	1.0
0.6191831794733279	0.9731950867903176	2.0841080829381537	1.0	1.0	1.0	1.0	1.0	1.0	1.0	1.0	1.0
0.625449233649368	1.0218796460784878	1.8097062404915856	1.0	1.0	1.0	1.0	1.0	1.0	1.0	1.0	1.0
0.6275315470926905	0.982958335411759	1.9251168804852856	1.0	1.0	1.0	1.0	1.0	1.0	1.0	1.0	1.0
0.5601956639528534	0.956479659850772	2.025472586696232	1.0	1.0	1.0	1.0	1.0	1.0	1.0	1.0	1.0
0.5720515920870142	1.004323128896259	2.0245306863058263	1.0	1.0	1.0	1.0	1.0	1.0	1.0	1.0	1.0
0.5641640631016469	1.133950661913857	1.9482524833006631	1.0	1.0	1.0	1.0	1.0	1.0	1.0	1.0	1.0
0.6585203647042498	1.2056919211041486	2.35390872284134	1.0	1.0	1.0	1.0	1.0	0.0	1.0	1.0	0.0
0.6340393035601533	0.9402871407255274	2.0598278008724953	1.0	1.0	1.0	1.0	1.0	1.0	1.0	1.0	1.0
0.620892922727314	1.1129440486255977	2.039052333504098	1.0	1.0	1.0	1.0	1.0	1.0	1.0	0.0	1.0
0.583115120875144	0.9838836796910656	1.9850503617591309	1.0	1.0	1.0	1.0	1.0	1.0	1.0	1.0	1.0
0.5571708685058984	1.0031557487205531	2.239510752304949	1.0	1.0	1.0	1.0	1.0	1.0	1.0	1.0	0.0
0.6656302078523176	1.0444990697640812	2.2718664782365354	1.0	1.0	1.0	1.0	1.0	1.0	0.0	1.0	0.0
0.5726457133282299	1.0500802659541772	1.9418439110719043	1.0	1.0	1.0	1.0	1.0	1.0	1.0	1.0	1.0
0.5667271435033635	0.990913901930937	2.0026669566762703	1.0	1.0	1.0	1.0	1.0	1.0	1.0	1.0	1.0
0.6175084159610837	1.0233657647908063	1.7895390537692972	1.0	1.0	1.0	1.0	1.0	1.0	1.0	1.0	1.0
0.5174188036909588	0.9259191455213831	1.6853008130495586	1.0	1.0	1.0	1.0	1.0	0.0	0.0	1.0	0.0
0.6797318630557463	1.0816389609660688	2.275500458860366	1.0	1.0	1.0	1.0	1.0	1.0	0.0	1.0	0.0
0.5933988090618221	0.945552028751412	2.0818290168375833	1.0	1.0	1.0	1.0	1.0	1.0	1.0	1.0	1.0
0.5404506918527479	1.01495987016394	2.0255097259045707	1.0	1.0	1.0	1.0	1.0	1.0	1.0	1.0	1.0
0.6157665572942687	0.9693663558610941	2.327938882328398	1.0	1.0	1.0	1.0	1.0	0.0	1.0	1.0	0.0
0.6474291700428215	0.9160307416349347	2.260701182060921	1.0	1.0	1.0	1.0	1.0	0.0	0.0	1.0	0.0
0.5827026931112038	0.8919843377753509	2.0500131356347744	1.0	1.0	1.0	1.0	1.0	1.0	1.0	0.0	1.0
0.5712077495854736	0.9976317862374281	2.1231066512826424	1.0	1.0	1.0	1.0	1.0	1.0	1.0	1.0	1.0
0.6061892181651038	1.0163873519326116	1.8846019365267384	1.0	1.0	1.0	1.0	1.0	1.0	1.0	1.0	1.0
0.6279105148157237	1.0345257569602477	2.2298197167832745	1.0	1.0	1.0	1.0	1.0	1.0	1.0	1.0	0.0
0.5606877755359545	1.0220557490557312	2.076577153688646	1.0	1.0	1.0	1.0	1.0	1.0	1.0	1.0	1.0
0.5964156753492367	0.9596573318975007	2.0054669438633135	1.0	1.0	1.0	1.0	1.0	1.0	1.0	1.0	1.0
0.5985331875770602	1.0195728727108166	1.83403449634007	1.0	1.0	1.0	1.0	1.0	1.0	1.0	1.0	1.0
0.6624604385286137	1.0186904083288206	2.0242240781196394	1.0	1.0	1.0	0.0	1.0	1.0	0.0	1.0	1.0
0.6348674109789342	0.9525350470839445	1.8301045936781197	1.0	1.0	1.0	1.0	1.0	1.0	1.0	1.0	1.0
0.5900979855217786	0.982144400655526	2.377411800549151	1.0	1.0	1.0	1.0	1.0	0.0	1.0	1.0	0.0
0.553428874807006	0.853169551908739	1.8180298493699665	1.0	1.0	1.0	1.0	1.0	1.0	1.0	0.0	1.0
0.6243276760626307	0.955132878825886	2.0761349567864493	1.0	1.0	1.0	1.0	1.0	1.0	1.0	1.0	1.0
0.6165823811746998	0.9894348694805652	2.309001225010544	1.0	1.0	1.0	1.0	1.0	0.0	1.0	1.0	0.0
0.5762490251892309	0.9633929052609354	2.0524938142044236	1.0	1.0	1.0	1.0	1.0	1.0	1.0	1.0	1.0
0.6292374238185588	0.9756304146070569	1.8905456452276634	1.0	1.0	1.0	1.0	1.0	1.0	1.0	1.0	1.0
0.6063055146027264	1.0609702614678251	2.0039888742651675	1.0	1.0	1.0	1.0	1.0	1.0	1.0	1.0	1.0
0.5062343348942205	0.9233142642309972	1.711749394860237	1.0	1.0	1.0	0.0	1.0	0.0	0.0	0.0	0.0
0.5789841266512342	1.1358391459672013	2.0705002270925106	1.0	1.0	1.0	1.0	1.0	1.0	1.0	0.0	1.0
0.6512695144699333	1.0261662757919572	1.77419840593266	1.0	1.0	1.0	1.0	1.0	1.0	1.0	1.0	1.0
0.5448515509118149	0.881165177178792	2.0192295179606417	1.0	1.0	1.0	1.0	1.0	1.0	0.0	0.0	1.0
0.5892186721044239	1.0246006094770026	1.9185547949402113	1.0	1.0	1.0	1.0	1.0	1.0	1.0	1.0	1.0
0.6206888055450652	1.2943794464541598	1.9557405560041692	1.0	0.0	1.0	1.0	0.0	1.0	1.0	0.0	1.0
0.5562132318404891	1.0616124221847987	1.9090626362499046	1.0	1.0	1.0	1.0	1.0	1.0	1.0	1.0	1.0
0.5970126418582355	1.001881207480748	2.018193047361862	1.0	1.0	1.0	1.0	1.0	1.0	1.0	1.0	1.0
0.628406485508924	1.0860356930012778	1.702772311342788	1.0	1.0	1.0	1.0	1.0	1.0	1.0	1.0	1.0
0.538464282027237	0.9644159079052245	2.0069022472348355	1.0	1.0	1.0	1.0	1.0	1.0	0.0	1.0	1.0
0.5423707099916784	1.0284867899999541	2.059990679523524	1.0	1.0	1.0	1.0	1.0	1.0	0.0	1.0	1.0
0.6311483052173751	0.9890781363122608	2.0839550851995114	1.0	1.0	1.0	1.0	1.0	1.0	1.0	1.0	1.0
0.6177927595651447	1.0142009263727803	2.001862013552544	1.0	1.0	1.0	1.0	1.0	1.0	1.0	1.0	1.0
0.6470951355893982	1.0312863870639646	2.0254738809246495	1.0	1.0	1.0	1.0	1.0	1.0	1.0	1.0	1.0
0.6327033554124211	1.0573038064729672	1.9436452047897432	1.0	1.0	1.0	1.0	1.0	1.0	1.0	1.0	1.0
0.5767864871701388	1.033196349415843	1.926650026284417	1.0	1.0	1.0	1.0	1.0	1.0	1.0	1.0	1.0
0.6291150038687849	0.9941657577950908	2.0546773926226547	1.0	1.0	1.0	1.0	1.0	1.0	1.0	1.0	1.0
0.5579381117394845	1.0126647756822156	1.9783121791910045	1.0	1.0	1.0	1.0	1.0	1.0	1.0	1.0	1.0
0.5964431245242126	1.0121469148827906	1.8328525761919954	1.0	1.0	1.0	1.0	1.0	1.0	1.0	1.0	1.0
0.6213616973403261	1.0551264065222221	2.1371108993179453	1.0	1.0	1.0	1.0	1.0	1.0	1.0	1.0	1.0
0.6284914023945962	0.9565226693587703	2.151560494055752	1.0	1.0	1.0	1.0	1.0	1.0	1.0	1.0	1.0
0.5766460059660595	0.8772545853858954	1.876460644556688	1.0	1.0	1.0	1.0	1.0	1.0	1.0	1.0	1.0
0.5503527744815568	0.872667454546098	1.8876517776074004	1.0	1.0	1.0	1.0	1.0	1.0	1.0	1.0	1.0
0.6176497450275243	1.0352196548221577	1.855548038472832	1.0	1.0	1.0	1.0	1.0	1.0	1.0	1.0	1.0
0.6028024048662134	0.9630999005284122	2.0993720985592454	1.0	1.0	1.0	1.0	1.0	1.0	1.0	1.0	1.0
0.5946809016191311	0.9016572707708043	2.167788178706241	1.0	1.0	1.0	1.0	1.0	1.0	1.0	1.0	0.0
0.5669391442467205	0.9422680767452681	2.011720480545432	1.0	1.0	1.0	1.0	1.0	1.0	1.0	1.0	1.0
0.6245311704146002	1.1000639367957679	1.9549783737308584	1.0	1.0	1.0	1.0	1.0	1.0	1.0	1.0	1.0
0.5797504321513577	0.9992214329614126	1.925363295790298	1.0	1.0	1.0	1.0	1.0	1.0	1.0	1.0	1.0
0.6207742914889243	0.978460988904434	2.216629315444516	1.0	1.0	1.0	1.0	1.0	0.0	1.0	1.0	0.0
0.5665296256932586	1.002316336369803	2.0784623063525722	1.0	1.0	1.0	1.0	1.0	1.0	1.0	1.0	1.0
0.5942147265750523	0.9619434927416434	1.9265541788835532	1.0	1.0	1.0	1.0	1.0	1.0	1.0	1.0	1.0
0.5760228304091137	0.9955699891646926	2.04942188350348	1.0	1.0	1.0	1.0	1.0	1.0	1.0	1.0	1.0
0.567730681973237	0.99204241199794	2.0990680150725973	1.0	1.0	1.0	1.0	1.0	1.0	1.0	1.0	1.0
0.6165315411914043	0.9465826980068442	1.8386311252919274	1.0	1.0	1.0	1.0	1.0	1.0	1.0	1.0	1.0
0.586822772300607	1.0417989714046356	1.9452581315937079	1.0	1.0	1.0	1.0	1.0	1.0	1.0	1.0	1.0
0.5310383195251867	1.0082570114441796	1.9086793258272168	1.0	1.0	1.0	0.0	1.0	1.0	0.0	1.0	1.0
0.5819871608711685	0.9827789051931504	1.853792390219268	1.0	1.0	1.0	1.0	1.0	1.0	1.0	1.0	1.0
0.5686913865102972	1.0119504797689345	1.931424548687564	1.0	1.0	1.0	1.0	1.0	1.0	1.0	1.0	1.0
0.6362615908895164	0.9051906569770879	2.138150608596991	1.0	1.0	1.0	1.0	1.0	1.0	1.0	1.0	1.0
0.6064361123584363	0.9525805088773271	1.8123550357184366	1.0	1.0	1.0	1.0	1.0	1.0	1.0	1.0	1.0
0.6143739882469248	1.0249749013002276	2.0301214130051073	1.0	1.0	1.0	1.0	1.0	1.0	1.0	1.0	1.0
0.6304664526302681	0.9554045902345163	1.962803779941281	1.0	1.0	1.0	1.0	1.0	1.0	1.0	1.0	1.0
0.6691909905386967	0.9792427050289191	2.0944681537450327	1.0	1.0	1.0	0.0	1.0	1.0	0.0	1.0	1.0
0.6049314046748502	0.9449628625662319	2.2856174857629674	1.0	1.0	1.0	1.0	1.0	1.0	1.0	1.0	1.0
0.5961437507352988	1.0897105928868036	2.0035467363356663	1.0	1.0	1.0	1.0	1.0	1.0	1.0	1.0	1.0
0.5848057729781742	0.9884394383335331	2.2024020241273052	1.0	1.0	1.0	1.0	1.0	1.0	1.0	1.0	1.0
0.5397993383997187	0.9856152874456249	2.1079021267279687	1.0	1.0	1.0	1.0	1.0	1.0	1.0	1.0	1.0
0.6864389850299519	0.9125302644592815	2.251348535226105	1.0	1.0	1.0	0.0	1.0	1.0	0.0	1.0	1.0
0.6051824404674592	0.906232882964989	1.8936510189317035	1.0	1.0	1.0	1.0	1.0	1.0	1.0	1.0	1.0
0.5585620199419956	1.036029165307107	1.834319370768226	1.0	1.0	1.0	1.0	1.0	1.0	1.0	1.0	1.0
0.5994510853026324	0.9526209287219414	1.8996089104906129	1.0	1.0	1.0	1.0	1.0	1.0	1.0	1.0	1.0
0.5848876846383372	1.0079884539086112	2.1624029578793666	1.0	1.0	1.0	1.0	1.0	1.0	1.0	1.0	1.0
0.6256922432842057	1.0151363436068193	2.0255024332237834	1.0	1.0	1.0	1.0	1.0	1.0	1.0	1.0	1.0
0.5762885302103369	1.0775770821405277	2.0024759933110343	1.0	1.0	1.0	1.0	1.0	1.0	1.0	1.0	1.0
0.5829709620466847	1.0671476065901448	1.955174011256892	1.0	1.0	1.0	1.0	1.0	1.0	1.0	1.0	1.0
0.5697257962719138	0.9658674359947682	1.8722197567343795	1.0	1.0	1.0	1.0	1.0	1.0	1.0	1.0	1.0
0.5717750901752523	1.1909662993203134	1.8065178791393888	1.0	0.0	1.0	1.0	0.0	1.0	1.0	0.0	1.0
0.5574463331664781	1.1773078322634007	1.9007116762982879	1.0	1.0	1.0	1.0	0.0	1.0	1.0	0.0	1.0
0.6218972134800815	0.9378332067146786	1.956033903600643	1.0	1.0	1.0	1.0	1.0	1.0	1.0	1.0	1.0
0.5884054728369374	0.8456208895481322	2.133675663857006	1.0	1.0	1.0	1.0	0.0	1.0	1.0	0.0	1.0
0.5737552829540229	1.028075240328649	2.2072097075557298	1.0	1.0	1.0	1.0	1.0	1.0	1.0	1.0	1.0
0.6173646464371529	0.9572148299177082	2.370063144516915	1.0	1.0	1.0	1.0	1.0	0.0	1.0	1.0	0.0
0.602697817660229	0.9143608919433717	1.9101286331732645	1.0	1.0	1.0	1.0	1.0	1.0	1.0	1.0	1.0
0.5825366722147213	0.9254281859840028	2.094633558288343	1.0	1.0	1.0	1.0	1.0	1.0	1.0	1.0	1.0
0.6135330486503642	1.0352701738793655	1.992027467001832	1.0	1.0	1.0	1.0	1.0	1.0	1.0	1.0	1.0
0.6099252771086642	0.8263108768137676	2.0071215388675894	1.0	1.0	1.0	1.0	1.0	1.0	1.0	0.0	1.0
0.5882175147756088	0.9784685939293172	2.1195173859464647	1.0	1.0	1.0	1.0	1.0	1.0	1.0	1.0	1.0
0.6037794000202911	1.1071318262612204	2.055609095907717	1.0	1.0	1.0	1.0	1.0	1.0	1.0	1.0	1.0
0.562531766753856	1.1054183455726085	1.9714848867582873	1.0	1.0	1.0	1.0	1.0	1.0	1.0	1.0	1.0
0.6250951766484145	1.08273728216524	2.3174426291264045	1.0	1.0	1.0	1.0	1.0	1.0	1.0	1.0	1.0
0.569617607468973	0.9666826499190067	1.846349221867778	1.0	1.0	1.0	1.0	1.0	1.0	1.0	1.0	1.0
0.6200616051595053	0.846129982952913	2.1829262398677254	1.0	1.0	1.0	1.0	1.0	1.0	1.0	1.0	1.0
0.5434748456745031	1.0190084416477467	2.0803773517605784	1.0	1.0	1.0	1.0	1.0	1.0	1.0	1.0	1.0
0.6722650123087924	1.0114046498185432	1.905002700350039	1.0	1.0	1.0	1.0	1.0	1.0	0.0	1.0	1.0
0.639149909388134	1.089737942674986	2.087056611283519	1.0	1.0	1.0	1.0	1.0	1.0	1.0	1.0	1.0
0.6035808062505988	0.7991089744070962	2.020585473286349	1.0	1.0	1.0	1.0	0.0	1.0	1.0	0.0	1.0
0.6216709435070075	0.9692042354843495	1.9971027214831933	1.0	1.0	1.0	1.0	1.0	1.0	1.0	1.0	1.0
0.5427953236702951	1.0413398083460506	1.9646978926448613	1.0	1.0	1.0	0.0	1.0	1.0	0.0	1.0	1.0
0.644267097547256	1.090781437855209	2.063678033364885	1.0	1.0	1.0	1.0	1.0	1.0	1.0	1.0	1.0
0.5919428072343178	0.8624967249623686	1.8153944699957179	1.0	1.0	1.0	1.0	0.0	1.0	1.0	0.0	1.0
0.5713610866809211	0.973672986999051	2.1555633525695486	1.0	1.0	1.0	1.0	1.0	1.0	1.0	1.0	1.0
0.585265745455067	0.9393926196492544	1.8912218747769671	1.0	1.0	1.0	1.0	1.0	1.0	1.0	1.0	1.0
0.6575729620808366	1.0350204885791139	1.8964029387254664	1.0	1.0	1.0	1.0	1.0	1.0	0.0	1.0	1.0
0.6110407807855134	0.9945311677267137	1.9710423576932592	1.0	1.0	1.0	1.0	1.0	1.0	1.0	1.0	1.0
0.5358840356371732	0.9945600691347899	1.9612556903900749	1.0	1.0	1.0	1.0	1.0	1.0	1.0	1.0	1.0
0.5689527420143164	1.1899917906002364	1.926391936045853	1.0	1.0	1.0	1.0	0.0	1.0	1.0	0.0	1.0
0.6451691859954534	1.076885580305012	2.012536797452557	1.0	1.0	1.0	1.0	1.0	1.0	1.0	1.0	1.0
0.5701425941152006	1.0117048728977363	2.108693765074577	1.0	1.0	1.0	1.0	1.0	1.0	1.0	1.0	1.0
0.5662980799508233	1.0192883131238903	1.9057266541891624	1.0	1.0	1.0	1.0	1.0	1.0	1.0	1.0	1.0
0.6128500693587805	1.0292723710003304	2.0181103548529182	1.0	1.0	1.0	1.0	1.0	1.0	1.0	1.0	1.0
0.5758046902181818	1.1223205192366394	2.1802774668851552	1.0	1.0	1.0	1.0	1.0	1.0	1.0	1.0	1.0
0.6395505039162083	1.0142512399266324	2.1220061771507766	1.0	1.0	1.0	1.0	1.0	1.0	1.0	1.0	1.0
0.6213875994083778	0.8821259805089224	1.868391538008425	1.0	1.0	1.0	1.0	1.0	1.0	1.0	1.0	1.0
0.5697466090342088	1.142129749060713	1.7749344135464709	1.0	1.0	1.0	1.0	0.0	1.0	1.0	0.0	1.0
0.6393800238235487	0.9745806231067199	1.9425663579561667	1.0	1.0	1.0	1.0	1.0	1.0	1.0	1.0	1.0
0.5605424978358434	1.0416367521734535	1.9924867656323006	1.0	1.0	1.0	1.0	1.0	1.0	1.0	1.0	1.0
0.6195349342000949	0.968869882447163	2.0883908600734604	1.0	1.0	1.0	1.0	1.0	1.0	1.0	1.0	1.0
0.6612555617118219	1.041064796830681	1.8530215058934343	1.0	1.0	1.0	1.0	1.0	1.0	1.0	1.0	1.0
0.580298171230139	1.005765109830408	2.054030043571241	1.0	1.0	1.0	1.0	1.0	1.0	1.0	1.0	1.0
0.5485883072446186	0.9643639622451168	1.9825904260656342	1.0	1.0	1.0	1.0	1.0	1.0	1.0	1.0	1.0
0.6046579352820419	1.0803913335903002	2.0446502209649964	1.0	1.0	1.0	1.0	1.0	1.0	1.0	1.0	1.0
0.5654130340895342	0.9286063937091029	1.984119600265683	1.0	1.0	1.0	1.0	1.0	1.0	1.0	1.0	1.0
0.5416476264336579	0.9097669916136774	1.9070028363150942	1.0	1.0	1.0	1.0	1.0	1.0	0.0	1.0	1.0
0.5985475876645804	0.956684010256633	2.0020908095677585	1.0	1.0	1.0	1.0	1.0	1.0	1.0	1.0	1.0
0.6070064920147656	1.060257253592351	2.1548885479199926	1.0	1.0	1.0	1.0	1.0	1.0	1.0	1.0	1.0
0.6072992702880627	0.9473543845991202	2.059708218088965	1.0	1.0	1.0	1.0	1.0	1.0	1.0	1.0	1.0
0.6087626825907329	1.0082498924837526	1.905089041493023	1.0	1.0	1.0	1.0	1.0	1.0	1.0	1.0	1.0
0.6484596952306503	1.0037961017977826	2.056019355296166	1.0	1.0	1.0	1.0	1.0	1.0	1.0	1.0	1.0
0.5967730375549376	0.9416711148373802	1.9558076978521657	1.0	1.0	1.0	1.0	1.0	1.0	1.0	1.0	1.0
0.6157817257400398	0.9317779921764727	2.1815490322001643	1.0	1.0	1.0	1.0	1.0	1.0	1.0	1.0	1.0
0.5963490996646013	0.964430135051741	1.9749671299953093	1.0	1.0	1.0	1.0	1.0	1.0	1.0	1.0	1.0
0.6212496198185026	1.078977417739722	1.964609688630681	1.0	1.0	1.0	1.0	1.0	1.0	1.0	1.0	1.0
0.5459632447151087	1.0517794598277816	2.0338136434416607	1.0	1.0	1.0	1.0	1.0	1.0	1.0	1.0	1.0
0.5643588871422036	1.0207834623517393	2.0537679378884177	1.0	1.0	1.0	1.0	1.0	1.0	1.0	1.0	1.0
0.5663339213448394	1.019373996337342	2.056944736706963	1.0	1.0	1.0	1.0	1.0	1.0	1.0	1.0	1.0
0.6196148463116289	1.0267901183962131	2.2318228138688645	1.0	1.0	1.0	1.0	1.0	1.0	1.0	1.0	1.0
0.6102635203913644	1.0765798877438089	1.979636048079551	1.0	1.0	1.0	1.0	1.0	1.0	1.0	1.0	1.0
0.6281021342444995	0.8935466769882785	1.9456523558084546	1.0	1.0	1.0	1.0	1.0	1.0	1.0	1.0	1.0
0.587197201652936	0.9146451134782475	1.931896684745921	1.0	1.0	1.0	1.0	1.0	1.0	1.0	1.0	1.0
0.5741858635386305	1.010087991178089	2.190553658271193	1.0	1.0	1.0	1.0	1.0	1.0	1.0	1.0	1.0
0.5337861418186938	1.0716997482993835	1.8174571552833667	1.0	1.0	1.0	0.0	1.0	1.0	0.0	1.0	1.0
0.5946906224239751	0.9196207282086243	1.9718311955266934	1.0	1.0	1.0	1.0	1.0	1.0	1.0	1.0	1.0
0.6580474256852842	1.088460073719716	1.9785517140061424	1.0	1.0	1.0	1.0	1.0	1.0	0.0	1.0	1.0
0.5779618147902532	1.0761827724243722	2.0937294021036363	1.0	1.0	1.0	1.0	1.0	1.0	1.0	1.0	1.0
0.6174045135713638	0.9807967096944104	1.9679194684944008	1.0	1.0	1.0	1.0	1.0	1.0	1.0	1.0	1.0
0.6353503355551964	1.0153967801684198	1.9586633903788468	1.0	1.0	1.0	1.0	1.0	1.0	1.0	1.0	1.0
0.6134270756841984	0.8964581041241761	2.0868209661024992	1.0	1.0	1.0	1.0	1.0	1.0	1.0	0.0	1.0
0.5779755889385848	0.9354775443906607	2.096778763787455	1.0	1.0	1.0	1.0	1.0	1.0	1.0	1.0	1.0
0.6234198210221338	1.1214840116844829	2.180370503602553	1.0	1.0	1.0	1.0	0.0	1.0	1.0	0.0	1.0
0.5475232900541208	1.1060390132447724	2.05450431832688	1.0	1.0	1.0	0.0	1.0	1.0	0.0	1.0	1.0
0.5373781649137662	0.9574644780432308	1.9448871378964594	1.0	1.0	1.0	0.0	1.0	1.0	0.0	1.0	1.0
0.6111850042487093	1.0488272450388754	2.2653539373521445	1.0	1.0	1.0	1.0	1.0	1.0	1.0	1.0	1.0
0.5566765585365547	0.9377621744778666	2.076842388939034	1.0	1.0	1.0	1.0	1.0	1.0	1.0	1.0	1.0
0.6770940876609715	1.1066476305458477	2.073870190733746	1.0	1.0	1.0	0.0	1.0	1.0	0.0	1.0	1.0
0.6244118668973788	0.9577114832524075	1.6807735025546398	1.0	1.0	1.0	1.0	1.0	0.0	1.0	1.0	0.0
0.6310561134558864	1.0396451800492652	1.7406913196231346	1.0	1.0	1.0	1.0	1.0	0.0	1.0	1.0	0.0
0.5980594630531273	0.9501934676212997	2.0344497624120836	1.0	1.0	1.0	1.0	1.0	1.0	1.0	1.0	1.0
0.6324442470427851	1.0862448733271814	1.9393814423375675	1.0	1.0	1.0	1.0	1.0	1.0	1.0	1.0	1.0
0.6272913327849071	0.9776068720523656	2.0393498684517515	1.0	1.0	1.0	1.0	1.0	1.0	1.0	1.0	1.0
0.564182861391416	0.9882079332973869	2.014586516802715	1.0	1.0	1.0	1.0	1.0	1.0	1.0	1.0	1.0
0.6174168335107045	1.01514679767352	1.890543037692374	1.0	1.0	1.0	1.0	1.0	1.0	1.0	1.0	1.0
0.5921585667904543	1.0263656334511073	2.026345056810603	1.0	1.0	1.0	1.0	1.0	1.0	1.0	1.0	1.0
0.6554985754485351	0.9886591375643395	2.0239346537730643	1.0	1.0	1.0	1.0	1.0	1.0	1.0	1.0	1.0
0.5449723512232376	1.0462644862491923	1.9981679198747557	1.0	1.0	1.0	1.0	1.0	1.0	1.0	1.0	1.0
0.659348530410751	0.9397932054088766	2.110539537289921	1.0	1.0	1.0	1.0	0.0	1.0	1.0	0.0	1.0
0.5659112366057486	1.0294142631424055	1.982189561859655	1.0	1.0	1.0	1.0	1.0	1.0	1.0	1.0	1.0
0.611524868249153	1.1107031201566036	2.081238178060677	1.0	1.0	1.0	1.0	1.0	1.0	1.0	0.0	1.0
0.543495135096636	0.9931070021655355	1.7772076829490973	1.0	1.0	1.0	1.0	1.0	1.0	1.0	1.0	1.0
0.6246589752902698	1.0029382632138493	1.9913513569194623	1.0	1.0	1.0	1.0	1.0	1.0	1.0	1.0	1.0
0.5789516805573096	1.091193255685717	1.7957897399496252	1.0	1.0	1.0	1.0	1.0	1.0	1.0	1.0	1.0
0.6042262731165979	0.9424832041503101	1.7899466573559	1.0	1.0	1.0	1.0	1.0	1.0	1.0	1.0	1.0
0.5541147385492582	0.9602878787750507	1.64602841026048	1.0	1.0	1.0	1.0	1.0	1.0	1.0	1.0	0.0
0.616410303104188	1.0137371705984284	1.9708280459746046	1.0	1.0	1.0	1.0	1.0	1.0	1.0	1.0	1.0
0.6402751352413568	1.0431774741439044	2.112841138942315	1.0	1.0	1.0	1.0	1.0	1.0	1.0	1.0	1.0
0.541314178582126	1.0814428399910754	1.6229925831439342	1.0	1.0	1.0	1.0	1.0	0.0	1.0	1.0	0.0
0.6116042219143191	1.1660299048205798	1.96808684677198	1.0	1.0	1.0	1.0	0.0	1.0	1.0	0.0	1.0
0.5838818999087048	0.981419641690594	2.1766118129790724	1.0	1.0	1.0	1.0	1.0	1.0	1.0	1.0	1.0
0.5969717237022653	1.0889204501272411	2.244748751439026	1.0	1.0	1.0	1.0	1.0	1.0	1.0	1.0	1.0
0.6164866268824167	1.0013058112187516	1.8376136400169418	1.0	1.0	1.0	1.0	1.0	1.0	1.0	1.0	1.0
0.6425068314975866	1.0421902258524043	2.197241091660247	1.0	1.0	1.0	1.0	1.0	1.0	1.0	1.0	0.0
0.6121200743502192	0.906730855721326	1.9862408865027397	1.0	1.0	1.0	1.0	1.0	1.0	1.0	1.0	1.0
0.6601278476514784	0.8824927253043463	2.411245700830445	1.0	1.0	0.0	1.0	1.0	0.0	0.0	1.0	0.0
0.5973898066485602	1.0273500441560235	2.2093513619978213	1.0	1.0	1.0	1.0	1.0	0.0	1.0	1.0	0.0
0.5918350893448805	1.1077786398757234	2.0124009670294485	1.0	1.0	1.0	1.0	1.0	1.0	1.0	1.0	1.0
0.6170063689098702	1.01270606526102	1.8588300150488544	1.0	1.0	1.0	1.0	1.0	1.0	1.0	1.0	1.0
0.620370245040874	1.0070742875309633	1.9931043413133245	1.0	1.0	1.0	1.0	1.0	1.0	1.0	1.0	1.0
0.6650111833291509	0.9785040116253427	1.8763279488744613	1.0	1.0	1.0	1.0	1.0	1.0	0.0	1.0	1.0
0.5796760729378605	1.114929029631827	2.1623448533901577	1.0	1.0	1.0	1.0	1.0	1.0	1.0	1.0	1.0
0.5495958821359456	1.19601527017902	1.9056446648301812	1.0	1.0	1.0	1.0	1.0	1.0	1.0	0.0	1.0
0.63141515973827	0.9795777270419705	2.1717673536289	1.0	1.0	1.0	1.0	1.0	1.0	1.0	1.0	1.0
0.6071456614931336	0.9773060403907213	1.9378010585265948	1.0	1.0	1.0	1.0	1.0	1.0	1.0	1.0	1.0
0.5929726878334238	0.9680011424189245	1.7997455332191998	1.0	1.0	1.0	1.0	1.0	1.0	1.0	1.0	1.0
0.5949515426531009	1.116700295591863	1.9106864833446113	1.0	1.0	1.0	1.0	0.0	1.0	1.0	0.0	1.0
0.6516841275393265	0.9922267173396622	2.062051541400298	1.0	1.0	1.0	1.0	1.0	1.0	1.0	1.0	1.0
0.6505398623647718	0.9581964868893537	2.3081015937208598	1.0	1.0	1.0	1.0	1.0	1.0	1.0	1.0	1.0
0.6188240661968228	0.9755856641126722	1.972395676768816	1.0	1.0	1.0	1.0	1.0	1.0	1.0	1.0	1.0
0.5919731965524458	1.1803953536393863	1.833691475812759	1.0	1.0	1.0	1.0	1.0	1.0	1.0	0.0	1.0
0.632084449073629	0.9792252753779873	2.189035996114303	1.0	1.0	1.0	1.0	1.0	1.0	1.0	1.0	1.0
0.5096341692427544	0.8334314763770132	2.0216717246498854	0.0	1.0	1.0	0.0	1.0	1.0	0.0	1.0	1.0
0.6157294694556851	0.8373485385109641	2.151710944303442	1.0	1.0	1.0	1.0	1.0	1.0	1.0	1.0	1.0
0.5668565248144697	0.9615822166141835	1.6865959789762455	1.0	1.0	1.0	1.0	1.0	1.0	1.0	1.0	0.0
0.6651393447064339	0.9035768500025397	1.9966442254395964	1.0	1.0	1.0	1.0	1.0	1.0	1.0	1.0	1.0
0.5681173638565846	1.0488508587117118	1.9730644239891169	1.0	1.0	1.0	1.0	1.0	1.0	1.0	1.0	1.0
0.5602260155157582	0.8951417939966971	2.140100349499649	1.0	1.0	1.0	1.0	1.0	1.0	1.0	1.0	1.0
0.5998530138977646	0.9736868850380873	1.801267909141026	1.0	1.0	1.0	1.0	1.0	1.0	1.0	1.0	1.0
0.6628053848940595	0.9605051099533455	1.9086420730376763	1.0	1.0	1.0	1.0	1.0	1.0	0.0	1.0	1.0
0.6190341224234265	0.8888875718216421	1.946365159141005	1.0	1.0	1.0	1.0	1.0	1.0	1.0	1.0	1.0
0.593313429297787	0.8342355157283651	1.9467276782276826	1.0	1.0	1.0	1.0	1.0	1.0	1.0	0.0	1.0
0.567466218954265	0.9605476971390284	1.997930345465977	1.0	1.0	1.0	1.0	1.0	1.0	1.0	1.0	1.0
0.6519303272121973	0.9322037866886211	1.8515053945442619	1.0	1.0	1.0	1.0	1.0	1.0	1.0	1.0	1.0
0.6136131541930733	1.029160608949523	1.9740701412534656	1.0	1.0	1.0	1.0	1.0	1.0	1.0	1.0	1.0
0.6534323856767686	1.0627362160790277	2.0929166725093022	1.0	1.0	1.0	1.0	1.0	1.0	0.0	1.0	1.0
0.6352317989763239	0.9939127172475295	2.19828408752923	1.0	1.0	1.0	1.0	1.0	1.0	1.0	1.0	1.0
0.6098021915623881	0.9119234149889583	2.1201973301977923	1.0	1.0	1.0	1.0	1.0	1.0	1.0	1.0	1.0
0.5596945798310168	1.003392531570008	2.0534707384511526	1.0	1.0	1.0	1.0	1.0	1.0	1.0	1.0	1.0
0.58264727513727	1.0586771184699393	2.331885583368612	1.0	1.0	1.0	1.0	1.0	0.0	1.0	1.0	0.0
0.6131520872879698	0.9892942798542941	1.8930220529373187	1.0	1.0	1.0	1.0	1.0	1.0	1.0	1.0	1.0
0.5984795704142939	0.905185892726995	2.005283946962729	1.0	1.0	1.0	1.0	1.0	1.0	1.0	1.0	1.0
0.6558582582171605	0.9789907260455899	1.9902944099968294	1.0	1.0	1.0	1.0	1.0	1.0	1.0	1.0	1.0
0.5899949221168999	0.9764713576096964	1.9434253353317286	1.0	1.0	1.0	1.0	1.0	1.0	1.0	1.0	1.0
0.616788593619641	1.171448321895322	1.9366649157852458	1.0	1.0	1.0	1.0	1.0	1.0	1.0	0.0	1.0
0.6235398565171882	0.9264335478913388	2.133233582145316	1.0	1.0	1.0	1.0	1.0	1.0	1.0	1.0	1.0
0.5934193241947608	1.0662537337241715	2.165267766178797	1.0	1.0	1.0	1.0	1.0	1.0	1.0	1.0	1.0
0.620833938627548	1.2165575543208524	1.9958724444009923	1.0	0.0	1.0	1.0	0.0	1.0	1.0	0.0	1.0
0.6518752977738065	1.0292734785744053	1.9243015880837189	1.0	1.0	1.0	1.0	1.0	1.0	1.0	1.0	1.0
0.601425558041384	0.9777270969084327	2.000400852918827	1.0	1.0	1.0	1.0	1.0	1.0	1.0	1.0	1.0
0.6140423368186259	1.106039372514028	1.705821068582073	1.0	1.0	1.0	1.0	1.0	1.0	1.0	0.0	0.0
0.6079922776661679	1.0409000702927558	1.995241380158331	1.0	1.0	1.0	1.0	1.0	1.0	1.0	1.0	1.0
0.5866570402901329	0.9289227482343191	2.2465821239235275	1.0	1.0	1.0	1.0	1.0	0.0	1.0	1.0	0.0
0.5436536297882862	0.9567904439457855	2.1121588396336213	1.0	1.0	1.0	1.0	1.0	1.0	1.0	1.0	1.0
0.5714600981946167	0.9292338694662357	1.8382589279907744	1.0	1.0	1.0	1.0	1.0	1.0	1.0	1.0	1.0
0.5586274360605061	0.952114556028601	1.9567962037825168	1.0	1.0	1.0	1.0	1.0	1.0	1.0	1.0	1.0
0.6229890822305462	1.0287170025911063	1.7968544466846268	1.0	1.0	1.0	1.0	1.0	1.0	1.0	1.0	1.0
0.6032445345371479	0.9678056209713937	1.7808801116160384	1.0	1.0	1.0	1.0	1.0	1.0	1.0	1.0	1.0
0.5598036002602237	0.9784785394374975	1.9681819544816757	1.0	1.0	1.0	1.0	1.0	1.0	1.0	1.0	1.0
0.6340797547995671	0.9651298266538789	1.8893109290732806	1.0	1.0	1.0	1.0	1.0	1.0	1.0	1.0	1.0
0.6163658349586725	1.0167450490687098	1.973203474133746	1.0	1.0	1.0	1.0	1.0	1.0	1.0	1.0	1.0
0.5814616898673369	1.122246489019874	1.9847023512050863	1.0	1.0	1.0	1.0	1.0	1.0	1.0	1.0	1.0
0.5900601101369243	0.8844813192458997	2.04835708996417	1.0	1.0	1.0	1.0	1.0	1.0	1.0	0.0	1.0
0.6260845347141804	0.9036616519117446	2.1110073951712693	1.0	1.0	1.0	1.0	1.0	1.0	1.0	1.0	1.0
0.6442575883912838	0.9915075536208333	1.9919236599496433	1.0	1.0	1.0	1.0	1.0	1.0	1.0	1.0	1.0
0.6265621033908007	0.9985028708607235	2.1271612644314324	1.0	1.0	1.0	1.0	1.0	1.0	1.0	1.0	1.0
0.6032477476929912	1.0208523452019258	2.0363013705351554	1.0	1.0	1.0	1.0	1.0	1.0	1.0	1.0	1.0
0.5802872057306316	1.0786841812766441	1.936936956549196	1.0	1.0	1.0	1.0	1.0	1.0	1.0	1.0	1.0
0.5453608701922473	0.9559583138473514	1.977815355211022	1.0	1.0	1.0	1.0	1.0	1.0	0.0	1.0	1.0
0.5990171488086804	0.9425939258280766	2.058820806646218	1.0	1.0	1.0	1.0	1.0	1.0	1.0	1.0	1.0
0.5425733546787553	0.9758944697181772	1.9973374479088954	1.0	1.0	1.0	1.0	1.0	1.0	1.0	1.0	1.0
0.6253462908301075	0.9486006547022735	2.0688143133338834	1.0	1.0	1.0	1.0	1.0	1.0	1.0	1.0	1.0
0.5620634930024372	0.9537250221500952	1.980341852083357	1.0	1.0	1.0	1.0	1.0	1.0	1.0	1.0	1.0
0.6135449414744926	1.0044230393397628	2.015708952293489	1.0	1.0	1.0	1.0	1.0	1.0	1.0	1.0	1.0
0.5719930095239262	0.9674924408214793	1.9868266437737123	1.0	1.0	1.0	1.0	1.0	1.0	1.0	1.0	1.0
0.6293086072147661	0.9251210367200777	1.871916608148846	1.0	1.0	1.0	1.0	1.0	1.0	1.0	1.0	1.0
0.5246892037795033	1.1278595683127441	1.7837794890528444	1.0	1.0	1.0	0.0	0.0	1.0	0.0	0.0	1.0
0.6007734189209276	0.9182832556601731	1.867221116397734	1.0	1.0	1.0	1.0	1.0	1.0	1.0	1.0	1.0
0.5271273605965645	1.0068023995767916	1.7872675107412044	1.0	1.0	1.0	0.0	1.0	1.0	0.0	1.0	1.0
0.5749474661033412	0.9082569616003753	1.800779985613304	1.0	1.0	1.0	1.0	1.0	1.0	1.0	1.0	1.0
0.599249458885582	1.0601342127066875	2.0070349819427564	1.0	1.0	1.0	1.0	1.0	1.0	1.0	1.0	1.0
0.5792213206611527	1.0206678029524308	2.0805087045628086	1.0	1.0	1.0	1.0	1.0	1.0	1.0	1.0	1.0
0.5524659551871797	0.9987103381932227	1.8636980394255227	1.0	1.0	1.0	1.0	1.0	1.0	1.0	1.0	1.0
0.5955346340247527	0.8085964117842634	1.9502705451224007	1.0	0.0	1.0	1.0	0.0	1.0	1.0	0.0	1.0
0.5840399909034414	1.105432398231007	2.046841135992727	1.0	1.0	1.0	1.0	1.0	1.0	1.0	1.0	1.0
0.5541380263832534	0.9563501115701223	2.1103101962099804	1.0	1.0	1.0	1.0	1.0	1.0	1.0	1.0	1.0
0.5966497262340706	0.8653349420033577	2.2327882623515323	1.0	1.0	1.0	1.0	1.0	1.0	1.0	1.0	1.0
0.6214044254652629	1.0722507330433757	1.9597168148626474	1.0	1.0	1.0	1.0	1.0	1.0	1.0	1.0	1.0
0.5465481301129228	0.9203160917353175	1.8808113632935834	1.0	1.0	1.0	1.0	1.0	1.0	1.0	1.0	1.0
0.5700656893100012	1.031898497317599	2.107225501156897	1.0	1.0	1.0	1.0	1.0	1.0	1.0	1.0	1.0
0.5829652926134765	1.0095782797505193	2.3255998595318834	1.0	1.0	1.0	1.0	1.0	0.0	1.0	1.0	0.0
0.6322177799806453	0.9815535349537148	1.8359621696966262	1.0	1.0	1.0	1.0	1.0	1.0	1.0	1.0	1.0
0.5228182548728622	0.9276453928172972	2.050413572762114	1.0	1.0	1.0	1.0	1.0	1.0	1.0	1.0	1.0
0.6236331625142756	0.899919150115829	2.1099660584303135	1.0	1.0	1.0	1.0	1.0	1.0	1.0	1.0	1.0
0.6354480076881541	0.9437102686033574	2.1048109577741636	1.0	1.0	1.0	1.0	1.0	1.0	1.0	1.0	1.0
0.5612384165476824	0.9792409432290018	2.0275084182391194	1.0	1.0	1.0	1.0	1.0	1.0	1.0	1.0	1.0
0.633481589004151	0.9732843228323939	1.9825920124773535	1.0	1.0	1.0	1.0	1.0	1.0	1.0	1.0	1.0
0.6659086556194672	0.907284857726069	1.8326280977919482	1.0	1.0	1.0	0.0	1.0	1.0	0.0	1.0	1.0
0.6299798439329781	1.1178626904106357	1.9205897013988138	1.0	1.0	1.0	1.0	1.0	1.0	1.0	0.0	1.0
0.5988030003111221	1.0536982920030462	1.9847998675349305	1.0	1.0	1.0	1.0	1.0	1.0	1.0	1.0	1.0
0.6780169519456576	0.9647498501013437	2.2245041456745205	1.0	1.0	1.0	0.0	1.0	1.0	0.0	1.0	1.0
0.5972873313927279	1.0989848301388552	2.263849658720691	1.0	1.0	1.0	1.0	1.0	1.0	1.0	1.0	0.0
0.5814532337033406	1.0418752148540351	2.0041580149115834	1.0	1.0	1.0	1.0	1.0	1.0	1.0	1.0	1.0
0.6290628494822452	1.130745248066889	2.032663377574286	1.0	1.0	1.0	1.0	1.0	1.0	1.0	0.0	1.0
0.5329238694468753	0.9859527195048183	1.892688193791521	1.0	1.0	1.0	1.0	1.0	1.0	1.0	1.0	1.0
0.5841075480002258	1.0346205693085366	2.2492540575841664	1.0	1.0	1.0	1.0	1.0	1.0	1.0	1.0	1.0
0.599753546253128	1.072356374593653	2.0845952333651168	1.0	1.0	1.0	1.0	1.0	1.0	1.0	1.0	1.0
0.6431434595395502	1.0138609437222035	2.189195360537004	1.0	1.0	1.0	1.0	1.0	1.0	1.0	1.0	1.0
0.5504625908173677	1.0061868236009521	2.141432180683741	1.0	1.0	1.0	1.0	1.0	1.0	0.0	1.0	1.0
0.7001417219835693	0.9886980463623277	2.0075816681634504	1.0	1.0	1.0	0.0	1.0	1.0	0.0	1.0	1.0
0.5360868369291899	0.9589853604041785	1.909500014153331	1.0	1.0	1.0	1.0	1.0	1.0	0.0	1.0	1.0
0.6247236228537887	1.0371981121159708	1.9558810177892931	1.0	1.0	1.0	1.0	1.0	1.0	1.0	1.0	1.0
0.5999409105601207	0.8675574147252032	1.9994318068524222	1.0	1.0	1.0	1.0	1.0	1.0	1.0	0.0	1.0
0.6124816939863127	0.9017242593804624	2.057412130890969	1.0	1.0	1.0	1.0	1.0	1.0	1.0	1.0	1.0
0.6197957830356956	1.0994435761885308	1.9119729248034836	1.0	1.0	1.0	1.0	1.0	1.0	1.0	0.0	1.0
0.5944000405481306	0.8544380435609292	1.9544871356258242	1.0	1.0	1.0	1.0	0.0	1.0	1.0	0.0	1.0
0.5719400492851726	0.9699093525588338	2.0360135617795443	1.0	1.0	1.0	1.0	1.0	1.0	0.0	1.0	1.0
0.626412169039932	0.9640354754096302	2.213798934649638	1.0	1.0	1.0	1.0	1.0	1.0	1.0	1.0	0.0
0.6324193804891464	0.9550509744810609	1.9151965958285777	1.0	1.0	1.0	1.0	1.0	1.0	1.0	1.0	1.0
0.6444490468026798	0.9770022026144477	2.0534825607435794	1.0	1.0	1.0	1.0	1.0	1.0	1.0	1.0	1.0
0.5673632212333438	0.9754818628018128	1.7998036461718716	1.0	1.0	1.0	1.0	1.0	1.0	1.0	1.0	1.0
0.5739581409713526	1.044494392712639	1.877847588058086	1.0	1.0	1.0	1.0	1.0	1.0	1.0	1.0	1.0
0.6157746999943812	1.1022189700711122	1.865411017155366	1.0	1.0	1.0	1.0	1.0	1.0	1.0	1.0	1.0
0.5659938238722951	0.937765342029301	1.9498360304328315	1.0	1.0	1.0	1.0	1.0	1.0	1.0	1.0	1.0
0.607473428757228	1.0253736332657049	1.9514597516323189	1.0	1.0	1.0	1.0	1.0	1.0	1.0	1.0	1.0
0.5772172964120654	0.9031226284936447	2.0652036558939084	1.0	1.0	1.0	1.0	1.0	1.0	1.0	1.0	1.0
0.575611598418901	0.9736199436380129	2.268741523241522	1.0	1.0	1.0	1.0	1.0	1.0	1.0	1.0	1.0
0.6719740880340972	0.9456918181720432	2.054047769030094	1.0	1.0	1.0	0.0	1.0	1.0	0.0	1.0	1.0
