0.6375214679272134	0.9867921134834784	2.1485184767393006	1.0	1.0	1.0	1.0	1.0	1.0	1.0	1.0	1.0
0.6522491545268252	1.035315214511302	2.1244994489163007	1.0	1.0	1.0	1.0	1.0	1.0	1.0	1.0	1.0
0.6259009693037052	1.0436219691153394	1.8526586065456612	1.0	1.0	1.0	1.0	1.0	1.0	1.0	1.0	1.0
0.6646955006766808	0.9481190347068976	2.147949908490233	1.0	1.0	1.0	1.0	1.0	1.0	0.0	1.0	1.0
0.5938636273016996	0.9628562715184542	1.9751605550974858	1.0	1.0	1.0	1.0	1.0	1.0	1.0	1.0	1.0
0.5942709085241535	1.0200702584646	2.0797040111052665	1.0	1.0	1.0	1.0	1.0	1.0	1.0	1.0	1.0
0.6571430285364152	0.9827868782134932	2.000823732266906	1.0	1.0	1.0	1.0	1.0	1.0	0.0	1.0	1.0
0.5643638337821691	1.071471385947085	1.6826753680950586	1.0	1.0	1.0	1.0	1.0	1.0	1.0	1.0	0.0
0.6231448356606204	0.9608865116413512	2.342135085009686	1.0	1.0	1.0	1.0	1.0	0.0	1.0	1.0	0.0
0.5523588681741615	1.0205157219435244	1.8909938892247178	1.0	1.0	1.0	1.0	1.0	1.0	1.0	1.0	1.0
0.630639876179032	1.0837890229103566	2.0059602267114203	1.0	1.0	1.0	1.0	1.0	1.0	1.0	1.0	1.0
0.5750520283990171	0.9918428537026829	1.8454861371967195	1.0	1.0	1.0	1.0	1.0	1.0	1.0	1.0	1.0
0.602799156129226	0.9825036497679426	2.1057558204182407	1.0	1.0	1.0	1.0	1.0	1.0	1.0	1.0	1.0
0.550090300826793	0.9938821276389667	1.9503215479437157	1.0	1.0	1.0	1.0	1.0	1.0	1.0	1.0	1.0
0.672185676338744	1.0354314709738335	1.9081013958068354	1.0	1.0	1.0	0.0	1.0	1.0	0.0	1.0	1.0
0.6219319690387268	0.9793576891864152	2.0976433541888566	1.0	1.0	1.0	1.0	1.0	1.0	1.0	1.0	1.0
0.5766705470791119	0.945669302916864	1.9709846550244396	1.0	1.0	1.0	1.0	1.0	1.0	1.0	1.0	1.0
0.6270230772353473	1.0221209515216176	2.08349500234281	1.0	1.0	1.0	1.0	1.0	1.0	1.0	1.0	1.0
0.5817498564836625	1.0284344382653976	1.8721640662447359	1.0	1.0	1.0	1.0	1.0	1.0	1.0	1.0	1.0
0.6331763431776102	1.0962576655255245	1.9505653493296353	1.0	1.0	1.0	1.0	1.0	1.0	1.0	1.0	1.0
0.5776553596557541	0.942658603207062	2.0601597852325546	1.0	1.0	1.0	1.0	1.0	1.0	1.0	1.0	1.0
0.5577690307229423	1.0285728945038544	2.106573893377113	1.0	1.0	1.0	1.0	1.0	1.0	1.0	1.0	1.0
0.5463195322169447	1.049270505310409	2.105606114792097	1.0	1.0	1.0	1.0	1.0	1.0	1.0	1.0	1.0
0.6189176645314092	0.9719283254661367	2.065734518841163	1.0	1.0	1.0	1.0	1.0	1.0	1.0	1.0	1.0
0.6489206891505881	1.0647082078361227	1.934676052367481	1.0	1.0	1.0	1.0	1.0	1.0	1.0	1.0	1.0
0.662100884842831	1.0298576009052227	2.152485105568657	1.0	1.0	1.0	1.0	1.0	1.0	1.0	1.0	1.0
0.5843416677887635	1.1035199582179387	2.030967283246385	1.0	1.0	1.0	1.0	1.0	1.0	1.0	1.0	1.0
0.6585884506551145	0.8751962656869808	2.131592102552654	1.0	1.0	1.0	1.0	1.0	1.0	0.0	1.0	1.0
0.5664734340267187	1.0718724341112977	1.8040842759914588	1.0	1.0	1.0	1.0	1.0	1.0	1.0	1.0	1.0
0.6028047971603919	1.040709817462222	2.125400081470333	1.0	1.0	1.0	1.0	1.0	1.0	1.0	1.0	1.0
0.5512432911069068	0.9257340510030312	1.9716035848065172	1.0	1.0	1.0	1.0	1.0	1.0	1.0	1.0	1.0
0.6259459365924703	0.8840117878904439	2.074411255795575	1.0	1.0	1.0	1.0	1.0	1.0	1.0	1.0	1.0
0.6530445971066913	1.011521275683302	2.1341363190769633	1.0	1.0	1.0	1.0	1.0	1.0	1.0	1.0	1.0
0.5638903237353398	1.0111769571563336	1.9821184880309093	1.0	1.0	1.0	1.0	1.0	1.0	1.0	1.0	1.0
0.5929019457606937	1.0354802584946805	2.147857170905872	1.0	1.0	1.0	1.0	1.0	1.0	1.0	1.0	1.0
0.569553747984908	0.9786043142846156	2.105261762031126	1.0	1.0	1.0	1.0	1.0	1.0	1.0	1.0	1.0
0.627950151720277	1.052918560791367	2.5409343587698956	1.0	1.0	0.0	1.0	1.0	0.0	1.0	1.0	0.0
0.6212055908876972	0.9828383657032812	1.9215691957871195	1.0	1.0	1.0	1.0	1.0	1.0	1.0	1.0	1.0
0.6848053420612694	1.0348922551320219	2.0451393555403783	1.0	1.0	1.0	0.0	1.0	1.0	0.0	1.0	1.0
0.6214593791222093	1.001249276254031	2.0761230564043918	1.0	1.0	1.0	1.0	1.0	1.0	1.0	1.0	1.0
0.568839939567547	1.0917674211584556	2.1666731371095733	1.0	1.0	1.0	1.0	1.0	1.0	1.0	1.0	1.0
0.6101171816534429	0.9820816224025976	1.8530553191195873	1.0	1.0	1.0	1.0	1.0	1.0	1.0	1.0	1.0
0.5638240613625992	0.9340511820626013	1.9461990044006123	1.0	1.0	1.0	1.0	1.0	1.0	1.0	1.0	1.0
0.640319357397811	1.0293143554975357	2.129577240000733	1.0	1.0	1.0	1.0	1.0	1.0	1.0	1.0	1.0
0.6166317976449717	0.9654394037927005	1.904412307889118	1.0	1.0	1.0	1.0	1.0	1.0	1.0	1.0	1.0
0.6105864907347476	0.9486582809071481	1.7553226849027443	1.0	1.0	1.0	1.0	1.0	1.0	1.0	1.0	1.0
0.5774952305240677	0.8899380484479401	2.1266599000410866	1.0	1.0	1.0	1.0	1.0	1.0	1.0	1.0	1.0
0.6177798711528291	0.9660470996355204	2.2379397929245957	1.0	1.0	1.0	1.0	1.0	1.0	1.0	1.0	0.0
0.5172971040188912	0.8501408543515683	1.921083222080796	1.0	1.0	1.0	0.0	0.0	1.0	0.0	0.0	1.0
0.600029215062052	1.0011855648967485	1.8588348600346143	1.0	1.0	1.0	1.0	1.0	1.0	1.0	1.0	1.0
0.6386529751765461	1.0651865362527757	1.9199212992996075	1.0	1.0	1.0	1.0	1.0	1.0	1.0	1.0	1.0
0.5861619216768515	0.9504145348710812	1.8946914352655275	1.0	1.0	1.0	1.0	1.0	1.0	1.0	1.0	1.0
0.6174217097097854	1.0462065616497378	2.0683829351673424	1.0	1.0	1.0	1.0	1.0	1.0	1.0	1.0	1.0
0.6377598123019068	1.0567808406834585	1.9524403408906998	1.0	1.0	1.0	1.0	1.0	1.0	1.0	1.0	1.0
0.6227994727501924	0.97261179370088	2.1674468879132074	1.0	1.0	1.0	1.0	1.0	1.0	1.0	1.0	1.0
0.5855654849445965	0.9161819309299288	2.2158895681843607	1.0	1.0	1.0	1.0	1.0	1.0	1.0	1.0	1.0
0.6175821595419247	0.8962452313327668	2.0122896974178017	1.0	1.0	1.0	1.0	1.0	1.0	1.0	1.0	1.0
0.6358767112407486	0.9493087392526209	1.8112779217888992	1.0	1.0	1.0	1.0	1.0	1.0	1.0	1.0	1.0
0.5077699525107274	1.0343959904711704	2.0775256952086965	0.0	1.0	1.0	0.0	1.0	1.0	0.0	1.0	1.0
0.6668979751003856	0.9719168059041432	2.011769479804955	1.0	1.0	1.0	1.0	1.0	1.0	0.0	1.0	1.0
0.6428110718601872	1.0141619230366783	2.3125170382276443	1.0	1.0	0.0	1.0	1.0	0.0	1.0	1.0	0.0
0.5395270480825269	1.088652941370522	1.8866666812450974	1.0	1.0	1.0	1.0	1.0	1.0	0.0	1.0	1.0
0.6257356927251779	0.990303711865739	1.7721615447620205	1.0	1.0	1.0	1.0	1.0	1.0	1.0	1.0	1.0
0.6094024627043569	0.9510152323288416	1.9011091646289102	1.0	1.0	1.0	1.0	1.0	1.0	1.0	1.0	1.0
0.5624975198808949	1.0407089080323788	1.8939915341979507	1.0	1.0	1.0	1.0	1.0	1.0	1.0	1.0	1.0
0.6459976370985904	0.985262719127158	1.8870635793444068	1.0	1.0	1.0	1.0	1.0	1.0	1.0	1.0	1.0
0.5716146270360378	0.9949378595748949	1.9537069802138765	1.0	1.0	1.0	1.0	1.0	1.0	1.0	1.0	1.0
0.6372829611881218	1.1152146320357275	2.255181492554951	1.0	1.0	1.0	1.0	1.0	0.0	1.0	0.0	0.0
0.5623424104949752	0.9675223347949048	2.117082308336483	1.0	1.0	1.0	1.0	1.0	1.0	1.0	1.0	1.0
0.5656552224096478	1.1231454284400817	1.9207968436848781	1.0	1.0	1.0	1.0	0.0	1.0	1.0	0.0	1.0
0.6127568175382798	0.9742580719344316	1.9281326009154944	1.0	1.0	1.0	1.0	1.0	1.0	1.0	1.0	1.0
0.6213686484056786	1.0024632984786692	2.421289577371828	1.0	1.0	0.0	1.0	1.0	0.0	1.0	1.0	0.0
0.5906104827062411	0.8909604071864535	2.148572218504194	1.0	1.0	1.0	1.0	1.0	1.0	1.0	1.0	1.0
0.5585415118598441	0.9431104718855482	1.979559912988546	1.0	1.0	1.0	1.0	1.0	1.0	1.0	1.0	1.0
0.605830343142437	1.0044027408002068	2.0176871520135062	1.0	1.0	1.0	1.0	1.0	1.0	1.0	1.0	1.0
0.6167341037541761	1.076013921877281	2.205110108540046	1.0	1.0	1.0	1.0	1.0	1.0	1.0	1.0	1.0
0.600932442589026	1.079251835146239	1.9474101897122889	1.0	1.0	1.0	1.0	1.0	1.0	1.0	1.0	1.0
0.6217123620167417	1.0910264780574814	1.7798550600923253	1.0	1.0	1.0	1.0	1.0	1.0	1.0	1.0	1.0
0.4997446032008569	0.8836077734225043	1.881656605453036	1.0	1.0	1.0	0.0	1.0	1.0	0.0	0.0	1.0
0.6295034343474031	0.9664870738599806	2.0317106107406717	1.0	1.0	1.0	1.0	1.0	1.0	1.0	1.0	1.0
0.5908865507900382	1.0529984548474058	2.0791364257152325	1.0	1.0	1.0	1.0	1.0	1.0	1.0	1.0	1.0
0.5898399965455265	0.8975139455502127	2.043025671056476	1.0	1.0	1.0	1.0	1.0	1.0	1.0	1.0	1.0
0.5575389700144928	0.9031141772586756	2.1076778884689262	1.0	1.0	1.0	1.0	1.0	1.0	1.0	1.0	1.0
0.602168137012914	1.0528171195808194	1.959380081855908	1.0	1.0	1.0	1.0	1.0	1.0	1.0	1.0	1.0
0.6061529375406856	0.9041937240535505	1.9313190211701141	1.0	1.0	1.0	1.0	1.0	1.0	1.0	1.0	1.0
0.6302081652766937	1.1308152365491297	1.7362661910247206	1.0	1.0	1.0	1.0	1.0	1.0	1.0	0.0	1.0
0.6560899602268986	0.9792156876246464	1.9168771398097044	1.0	1.0	1.0	1.0	1.0	1.0	0.0	1.0	1.0
0.5822497523978145	1.040572728005073	2.1913473027760615	1.0	1.0	1.0	1.0	1.0	1.0	1.0	1.0	1.0
0.5729052562368315	0.8999686499724676	1.8032921171091811	1.0	1.0	1.0	1.0	1.0	1.0	1.0	1.0	1.0
0.6076685310271026	0.9790012428515039	2.24412633764854	1.0	1.0	1.0	1.0	1.0	1.0	1.0	1.0	0.0
0.5646794819507989	1.074553493443715	1.651331251762418	1.0	1.0	1.0	1.0	1.0	0.0	1.0	1.0	0.0
0.6001998745145286	0.9735862524426974	1.8779015511411252	1.0	1.0	1.0	1.0	1.0	1.0	1.0	1.0	1.0
0.6486820289379408	1.1228262739440296	2.0324225488606484	1.0	1.0	1.0	1.0	1.0	1.0	1.0	0.0	1.0
0.5911720690659427	1.006043849088698	2.0122535154870422	1.0	1.0	1.0	1.0	1.0	1.0	1.0	1.0	1.0
0.5848262710479233	0.9814080047605557	1.9391154102530892	1.0	1.0	1.0	1.0	1.0	1.0	1.0	1.0	1.0
0.6191072926254303	0.9702052598998587	1.9637162725272623	1.0	1.0	1.0	1.0	1.0	1.0	1.0	1.0	1.0
0.606993762916918	1.0654300651027386	2.2136079221315526	1.0	1.0	1.0	1.0	1.0	1.0	1.0	1.0	1.0
0.6335022610817099	1.0544742516126833	1.9359456934160009	1.0	1.0	1.0	1.0	1.0	1.0	1.0	1.0	1.0
0.598954292533765	0.928396464510189	1.6414049238248536	1.0	1.0	1.0	1.0	1.0	0.0	1.0	1.0	0.0
0.5777118751746662	0.9978650893842675	2.098347478222105	1.0	1.0	1.0	1.0	1.0	1.0	1.0	1.0	1.0
0.6575691700679632	1.0714045463774373	2.22231253918305	1.0	1.0	1.0	1.0	1.0	1.0	0.0	1.0	0.0
0.5749031117569017	1.0259989450500615	1.8939549651007523	1.0	1.0	1.0	1.0	1.0	1.0	1.0	1.0	1.0
0.6338453286379696	1.0124141616146674	1.7565786072667677	1.0	1.0	1.0	1.0	1.0	1.0	1.0	1.0	1.0
0.5999769899881496	1.0694395394958154	2.0902149364819502	1.0	1.0	1.0	1.0	1.0	1.0	1.0	1.0	1.0
0.6227116608685312	1.1322898327676394	2.18822551815193	1.0	1.0	1.0	1.0	1.0	1.0	1.0	1.0	1.0
0.6005787244058167	0.9447403681616797	1.6102769246571442	1.0	1.0	0.0	1.0	1.0	0.0	1.0	1.0	0.0
0.6412672948932798	1.0141301937218692	2.0135976954368893	1.0	1.0	1.0	1.0	1.0	1.0	1.0	1.0	1.0
0.6118810921895333	1.0066623380245783	2.0539814932571536	1.0	1.0	1.0	1.0	1.0	1.0	1.0	1.0	1.0
0.593396847602673	0.8845183828845832	1.9761588598150788	1.0	1.0	1.0	1.0	1.0	1.0	1.0	1.0	1.0
0.606143670083004	1.0530129171141833	1.9810570933334113	1.0	1.0	1.0	1.0	1.0	1.0	1.0	1.0	1.0
0.5512710285125489	1.03255073957115	1.8879247461021702	1.0	1.0	1.0	1.0	1.0	1.0	1.0	1.0	1.0
0.5447968246596157	0.9220658822889835	2.0929909180851736	1.0	1.0	1.0	1.0	1.0	1.0	1.0	1.0	1.0
0.5786371356541246	0.9527452502150014	1.831680001123677	1.0	1.0	1.0	1.0	1.0	1.0	1.0	1.0	1.0
0.6002150444253911	1.1359417416634074	2.1055707951342475	1.0	1.0	1.0	1.0	1.0	1.0	1.0	0.0	1.0
0.5985192737585284	0.9972501955437102	2.136218268393599	1.0	1.0	1.0	1.0	1.0	1.0	1.0	1.0	1.0
0.6205548411664942	1.0222233741472293	2.1647859001914354	1.0	1.0	1.0	1.0	1.0	1.0	1.0	1.0	1.0
0.5436368345064618	0.9306146774417532	2.0414937353588147	1.0	1.0	1.0	1.0	1.0	1.0	1.0	1.0	1.0
0.62536195007666	1.0693688171262654	1.9214127555726825	1.0	1.0	1.0	1.0	1.0	1.0	1.0	1.0	1.0
0.6174393180300708	1.0748150114972395	1.9583200626973476	1.0	1.0	1.0	1.0	1.0	1.0	1.0	1.0	1.0
0.5738587734774416	0.925121717838461	2.338137018202009	1.0	1.0	1.0	1.0	1.0	0.0	1.0	1.0	0.0
0.5998060820610099	1.0579472514976154	1.7567450743355202	1.0	1.0	1.0	1.0	1.0	1.0	1.0	1.0	1.0
0.6065074421091244	0.9744471223951101	1.8948271160191672	1.0	1.0	1.0	1.0	1.0	1.0	1.0	1.0	1.0
0.6404446763299763	0.9744798444822464	2.5381873270032633	1.0	1.0	0.0	1.0	1.0	0.0	1.0	1.0	0.0
0.5890100904997128	1.0418136710808596	2.04966121299111	1.0	1.0	1.0	1.0	1.0	1.0	1.0	1.0	1.0
0.5467115448179323	1.064642400625458	1.9785025227686264	1.0	1.0	1.0	1.0	1.0	1.0	1.0	1.0	1.0
0.5359099027934615	1.1068146368749978	2.078079127804417	1.0	1.0	1.0	1.0	1.0	1.0	0.0	1.0	1.0
0.6401164056846429	1.0230566041368825	2.135870352981663	1.0	1.0	1.0	1.0	1.0	1.0	1.0	1.0	1.0
0.656528236909918	1.0305717709985096	1.892718857627024	1.0	1.0	1.0	1.0	1.0	1.0	1.0	1.0	1.0
0.5460075336491013	1.0177818824175504	1.819455430223576	1.0	1.0	1.0	1.0	1.0	1.0	1.0	1.0	1.0
0.614660668179727	0.9942547459611958	2.185347893545447	1.0	1.0	1.0	1.0	1.0	1.0	1.0	1.0	1.0
0.586972073967612	0.9024279841375219	2.28129087569288	1.0	1.0	1.0	1.0	1.0	0.0	1.0	1.0	0.0
0.655624287171532	1.108571197422633	2.022658427223602	1.0	1.0	1.0	1.0	1.0	1.0	1.0	0.0	1.0
0.5826230231540098	1.0041995443772347	1.9195971028667995	1.0	1.0	1.0	1.0	1.0	1.0	1.0	1.0	1.0
0.6481837359630479	1.0663564203694802	1.7648132306582687	1.0	1.0	1.0	1.0	1.0	1.0	1.0	1.0	1.0
0.6067274156146597	0.9969302043144691	2.0384753821936665	1.0	1.0	1.0	1.0	1.0	1.0	1.0	1.0	1.0
0.6426011413082627	0.9810654112655584	1.9371971683854186	1.0	1.0	1.0	1.0	1.0	1.0	1.0	1.0	1.0
0.5931858223727938	0.9587768811307561	2.163959589655095	1.0	1.0	1.0	1.0	1.0	1.0	1.0	1.0	1.0
0.6477577511572847	1.1811651126085019	1.9183309473079433	1.0	0.0	1.0	1.0	0.0	1.0	1.0	0.0	1.0
0.5863090567407813	1.047312534233746	1.8705718172703159	1.0	1.0	1.0	1.0	1.0	1.0	1.0	1.0	1.0
0.6030703993685099	0.9273962304268317	2.0847724499449654	1.0	1.0	1.0	1.0	1.0	1.0	1.0	1.0	1.0
0.6384019398981836	0.9735092589798334	1.9098299629379567	1.0	1.0	1.0	1.0	1.0	1.0	1.0	1.0	1.0
0.6095717489420394	0.9394097832521164	2.1479109421111544	1.0	1.0	1.0	1.0	1.0	1.0	1.0	1.0	1.0
0.604232108376869	1.0319879046421607	2.097321687425808	1.0	1.0	1.0	1.0	1.0	1.0	1.0	1.0	1.0
0.6044880281577041	0.9474056804676126	1.8156594924376122	1.0	1.0	1.0	1.0	1.0	1.0	1.0	1.0	1.0
0.5481142161930621	0.8900265993348753	2.029532890236592	1.0	1.0	1.0	1.0	1.0	1.0	1.0	1.0	1.0
0.6480980039290261	1.0230663364884784	1.9238283613342033	1.0	1.0	1.0	1.0	1.0	1.0	1.0	1.0	1.0
0.6369466009456831	1.0094322306601908	2.219980252202563	1.0	1.0	1.0	1.0	1.0	1.0	1.0	1.0	0.0
0.6576151618689262	1.083955610749397	2.184652616990918	1.0	1.0	1.0	1.0	1.0	1.0	0.0	1.0	1.0
0.5815786320965048	0.9519166733696035	2.070255782230336	1.0	1.0	1.0	1.0	1.0	1.0	1.0	1.0	1.0
0.5560136046743571	0.9537582379290424	2.0499885378279346	1.0	1.0	1.0	1.0	1.0	1.0	1.0	1.0	1.0
0.6856974527290998	0.9735854546379137	2.1901403974035483	0.0	1.0	1.0	0.0	1.0	1.0	0.0	1.0	1.0
0.653014693394431	1.0397885220678686	2.02581390800051	1.0	1.0	1.0	1.0	1.0	1.0	1.0	1.0	1.0
0.6236110648328976	0.9795727578448774	1.895117359002642	1.0	1.0	1.0	1.0	1.0	1.0	1.0	1.0	1.0
0.5701585191200015	0.9714013801843989	1.926412591422831	1.0	1.0	1.0	1.0	1.0	1.0	1.0	1.0	1.0
0.6144703571636124	0.9552595682749774	2.107142570050709	1.0	1.0	1.0	1.0	1.0	1.0	1.0	1.0	1.0
0.6156132609793341	0.9742611816240665	2.125737723210965	1.0	1.0	1.0	1.0	1.0	1.0	1.0	1.0	1.0
0.5805841957368297	0.994939512715296	1.7377930249905729	1.0	1.0	1.0	1.0	1.0	1.0	1.0	1.0	0.0
0.6378505411748076	1.0299067896131768	1.9851994778057833	1.0	1.0	1.0	1.0	1.0	1.0	1.0	1.0	1.0
0.6561327669730412	1.1118867518502884	2.050928051274471	1.0	1.0	1.0	1.0	1.0	1.0	1.0	1.0	1.0
0.5996175855362256	0.9703927579787115	1.9682354593024054	1.0	1.0	1.0	1.0	1.0	1.0	1.0	1.0	1.0
0.651949153312192	1.0347366141669547	2.038319081196842	1.0	1.0	1.0	1.0	1.0	1.0	0.0	1.0	1.0
0.6432342984391191	0.9729989308768406	1.8369260427890102	1.0	1.0	1.0	1.0	1.0	1.0	1.0	1.0	1.0
0.6336901421155152	0.9718784060884365	2.1937274393425916	1.0	1.0	1.0	1.0	1.0	1.0	1.0	1.0	1.0
0.579142246154881	0.985065030784038	1.9744878630632594	1.0	1.0	1.0	1.0	1.0	1.0	1.0	1.0	1.0
0.5386640713564593	0.9877415985407451	1.723118036923394	1.0	1.0	1.0	1.0	1.0	1.0	0.0	1.0	0.0
0.6313841561802734	1.0765031057001762	1.9946715021965178	1.0	1.0	1.0	1.0	1.0	1.0	1.0	1.0	1.0
0.626497433262817	1.0351085094191759	2.230006842502733	1.0	1.0	1.0	1.0	1.0	1.0	1.0	1.0	0.0
0.6797050474118964	1.0861692546043777	1.9206601005207964	1.0	1.0	1.0	0.0	1.0	1.0	0.0	1.0	1.0
0.6101944851090916	0.9752050809865779	2.4416848540143743	1.0	1.0	0.0	1.0	1.0	0.0	1.0	1.0	0.0
0.5709137925339534	1.0379240280156294	1.8855336450878737	1.0	1.0	1.0	1.0	1.0	1.0	1.0	1.0	1.0
0.5498069323496106	1.0440627555595579	1.904998042093845	1.0	1.0	1.0	1.0	1.0	1.0	0.0	1.0	1.0
0.628346479314106	1.0889060848542036	1.8834489567962898	1.0	1.0	1.0	1.0	1.0	1.0	1.0	1.0	1.0
0.5578648447711049	1.0802619395420499	2.0151407156140304	1.0	1.0	1.0	1.0	1.0	1.0	1.0	1.0	1.0
0.6675513227430506	1.0882064651124599	2.180912563203183	1.0	1.0	1.0	1.0	1.0	1.0	0.0	1.0	1.0
0.5908191217767987	1.0782674141232402	2.023245760473055	1.0	1.0	1.0	1.0	1.0	1.0	1.0	1.0	1.0
0.5958746557321756	1.042623924896526	1.9679314241231691	1.0	1.0	1.0	1.0	1.0	1.0	1.0	1.0	1.0
0.5721586640925224	1.0320026602987846	1.9038444442023743	1.0	1.0	1.0	1.0	1.0	1.0	1.0	1.0	1.0
0.5759545524546548	0.9635799393563038	1.9401775961284502	1.0	1.0	1.0	1.0	1.0	1.0	1.0	1.0	1.0
0.6284207634487415	0.9562841296654667	2.1470374083103776	1.0	1.0	1.0	1.0	1.0	1.0	1.0	1.0	1.0
0.5860718734085988	1.003848546817329	1.9316983572906392	1.0	1.0	1.0	1.0	1.0	1.0	1.0	1.0	1.0
0.5887318812640021	0.9273432331500594	1.939162410849532	1.0	1.0	1.0	1.0	1.0	1.0	1.0	1.0	1.0
0.6067804845303113	1.0567235225356166	1.8484255635503009	1.0	1.0	1.0	1.0	1.0	1.0	1.0	1.0	1.0
0.6367215528953399	0.9925761669967792	2.0578334603035415	1.0	1.0	1.0	1.0	1.0	1.0	1.0	1.0	1.0
0.5778017963996114	0.9768269036978582	2.1123133969335264	1.0	1.0	1.0	1.0	1.0	1.0	1.0	1.0	1.0
0.5957689961149888	1.1148945095575116	1.7179197255215706	1.0	1.0	1.0	1.0	1.0	1.0	1.0	0.0	0.0
0.6149672099490551	1.030983707473575	2.06953960826366	1.0	1.0	1.0	1.0	1.0	1.0	1.0	1.0	1.0
0.5925478197285694	1.0343442434260843	2.009960886677332	1.0	1.0	1.0	1.0	1.0	1.0	1.0	1.0	1.0
0.607388527536956	1.1083373958882796	2.1204531683958954	1.0	1.0	1.0	1.0	1.0	1.0	1.0	1.0	1.0
0.57382042981729	0.9983251248417897	1.813493074177835	1.0	1.0	1.0	1.0	1.0	1.0	1.0	1.0	1.0
0.6351360894185321	0.9515192037819186	2.1578949870525648	1.0	1.0	1.0	1.0	1.0	1.0	1.0	1.0	1.0
0.6219386772739166	0.9726949046097145	1.789983540317586	1.0	1.0	1.0	1.0	1.0	1.0	1.0	1.0	1.0
0.5743229598119077	0.9102930882867658	1.805419320612395	1.0	1.0	1.0	1.0	1.0	1.0	1.0	1.0	1.0
0.6414101650305623	1.0106972406299553	2.1155736224597277	1.0	1.0	1.0	1.0	1.0	1.0	1.0	1.0	1.0
0.6196422126274735	0.9465226271056056	1.9515551134251337	1.0	1.0	1.0	1.0	1.0	1.0	1.0	1.0	1.0
0.6003872630587613	0.9795664932933936	2.0069952597880283	1.0	1.0	1.0	1.0	1.0	1.0	1.0	1.0	1.0
0.573319176262952	0.9124134205825136	1.8770368255836913	1.0	1.0	1.0	1.0	1.0	1.0	1.0	1.0	1.0
0.6018695287681224	0.995581925913131	1.965466573864623	1.0	1.0	1.0	1.0	1.0	1.0	1.0	1.0	1.0
0.6290633475550784	1.0292452248962816	1.6938655643204037	1.0	1.0	1.0	1.0	1.0	1.0	1.0	1.0	0.0
0.6200290800902504	0.9666565090443204	1.9982527551022409	1.0	1.0	1.0	1.0	1.0	1.0	1.0	1.0	1.0
0.5862582675489412	0.9150275153213546	1.9054493457721975	1.0	1.0	1.0	1.0	1.0	1.0	1.0	1.0	1.0
0.5870456996807316	0.9641049685627765	1.9559306955909475	1.0	1.0	1.0	1.0	1.0	1.0	1.0	1.0	1.0
0.6166807672923906	0.9294518101823962	1.7775527939471247	1.0	1.0	1.0	1.0	1.0	1.0	1.0	1.0	1.0
0.613243300631025	0.9307894481868254	2.1228969711078167	1.0	1.0	1.0	1.0	1.0	1.0	1.0	1.0	1.0
0.6425565873205378	1.029836253903736	2.112366861073422	1.0	1.0	1.0	1.0	1.0	1.0	1.0	1.0	1.0
0.615574111489033	0.9229118008506738	1.8422334842575072	1.0	1.0	1.0	1.0	1.0	1.0	1.0	1.0	1.0
0.5754562752781814	1.1255069732730387	2.1382062664910477	1.0	1.0	1.0	1.0	1.0	1.0	1.0	0.0	1.0
0.6445178739519263	0.9912781906905906	2.11352203121167	1.0	1.0	1.0	1.0	1.0	1.0	1.0	1.0	1.0
0.533072346320469	0.9302558175183562	1.8735652770082711	1.0	1.0	1.0	0.0	1.0	1.0	0.0	1.0	1.0
0.5819264728586647	1.0293382710346575	1.851841906887419	1.0	1.0	1.0	1.0	1.0	1.0	1.0	1.0	1.0
0.6022644707999827	1.0467610863765082	2.037764301665073	1.0	1.0	1.0	1.0	1.0	1.0	1.0	1.0	1.0
0.6267403678029176	1.0478769872072289	2.2909716717500612	1.0	1.0	1.0	1.0	1.0	0.0	1.0	1.0	0.0
0.610474322103628	1.0221124007060582	2.047205827684725	1.0	1.0	1.0	1.0	1.0	1.0	1.0	1.0	1.0
0.5804346991191949	1.0823218148183193	2.1036763306371875	1.0	1.0	1.0	1.0	1.0	1.0	1.0	1.0	1.0
0.6004730418426305	0.9183887461943726	2.1682472937452792	1.0	1.0	1.0	1.0	1.0	1.0	1.0	1.0	1.0
0.5856423024167338	0.9096027317710424	2.2211547078851894	1.0	1.0	1.0	1.0	1.0	1.0	1.0	1.0	0.0
0.5940650302584128	1.0205446409059176	2.100506852890511	1.0	1.0	1.0	1.0	1.0	1.0	1.0	1.0	1.0
0.5443907570393014	0.9991786923336585	1.8674784365692592	1.0	1.0	1.0	1.0	1.0	1.0	1.0	1.0	1.0
0.6165371881311973	1.0060307091433316	1.9388103383414748	1.0	1.0	1.0	1.0	1.0	1.0	1.0	1.0	1.0
0.6324523402968601	0.9777985386904388	2.2764802961794155	1.0	1.0	1.0	1.0	1.0	0.0	1.0	1.0	0.0
0.5814190661755763	0.8527798007258998	1.756382689496432	1.0	1.0	1.0	1.0	0.0	1.0	1.0	0.0	1.0
0.6158701218897624	0.9881941362985142	2.0464627497589882	1.0	1.0	1.0	1.0	1.0	1.0	1.0	1.0	1.0
0.6211828380286551	0.9330211792540619	2.035916855080113	1.0	1.0	1.0	1.0	1.0	1.0	1.0	1.0	1.0
0.6108834087162897	1.0111335607710916	2.0624611937330766	1.0	1.0	1.0	1.0	1.0	1.0	1.0	1.0	1.0
0.5463538620933581	0.993046671759387	2.0743724083506567	1.0	1.0	1.0	1.0	1.0	1.0	1.0	1.0	1.0
0.6685615338989517	0.9622004216341831	1.9096447029681745	1.0	1.0	1.0	0.0	1.0	1.0	0.0	1.0	1.0
0.5835843700342743	0.9385771312341197	2.142242807606711	1.0	1.0	1.0	1.0	1.0	1.0	1.0	1.0	1.0
0.5759024290056141	1.0152863376869639	1.8927767059900895	1.0	1.0	1.0	1.0	1.0	1.0	1.0	1.0	1.0
0.6317285087794269	1.0050699524588582	1.9692073523169895	1.0	1.0	1.0	1.0	1.0	1.0	1.0	1.0	1.0
0.5589092613889897	0.8256096583091571	1.8316635001794823	1.0	1.0	1.0	1.0	0.0	1.0	1.0	0.0	1.0
0.6210300805302753	0.9025639624741846	2.2751346762630673	1.0	1.0	1.0	1.0	1.0	0.0	1.0	1.0	0.0
0.5800433940148663	1.0351055365886819	1.9397674230355113	1.0	1.0	1.0	1.0	1.0	1.0	1.0	1.0	1.0
0.5623553938218857	1.0065389181901152	2.0583907179790444	1.0	1.0	1.0	1.0	1.0	1.0	1.0	1.0	1.0
0.591117354220184	1.128496275608646	2.04352857088871	1.0	1.0	1.0	1.0	0.0	1.0	1.0	0.0	1.0
0.6232844672400711	1.0406484222359316	2.1419543596172685	1.0	1.0	1.0	1.0	1.0	1.0	1.0	1.0	1.0
0.5879270286539494	0.9755128288395316	1.9831110151109475	1.0	1.0	1.0	1.0	1.0	1.0	1.0	1.0	1.0
0.6295144091661005	0.964759264546425	1.9621093951170194	1.0	1.0	1.0	1.0	1.0	1.0	1.0	1.0	1.0
0.6568332369098236	1.0899901368017835	1.9479351608190805	1.0	1.0	1.0	1.0	1.0	1.0	0.0	1.0	1.0
0.5769806571248679	1.0207553310378603	2.1443671737016152	1.0	1.0	1.0	1.0	1.0	1.0	1.0	1.0	1.0
0.6086497468576977	0.9323617828478882	2.352969780068655	1.0	1.0	1.0	1.0	1.0	0.0	1.0	1.0	0.0
0.5616092891557426	1.1960693291833702	1.938451842058957	1.0	0.0	1.0	1.0	0.0	1.0	1.0	0.0	1.0
0.5347843638823326	0.9713077412388338	1.721785445621189	1.0	1.0	1.0	0.0	1.0	1.0	0.0	1.0	0.0
0.6079900686611851	0.986218151465205	1.9583841938551996	1.0	1.0	1.0	1.0	1.0	1.0	1.0	1.0	1.0
0.6035876366431971	1.004213149056171	1.9616285358943013	1.0	1.0	1.0	1.0	1.0	1.0	1.0	1.0	1.0
0.5638626519179744	1.0359074665257815	1.7965153439192278	1.0	1.0	1.0	1.0	1.0	1.0	1.0	1.0	1.0
0.6786567216470624	0.9958316692812438	2.122331361742185	1.0	1.0	1.0	0.0	1.0	1.0	0.0	1.0	1.0
0.5963944791811369	0.9738623938760357	1.779743041347155	1.0	1.0	1.0	1.0	1.0	1.0	1.0	1.0	1.0
0.5682367831212431	1.0747116490306123	1.9196620505460245	1.0	1.0	1.0	1.0	1.0	1.0	1.0	1.0	1.0
0.6120996800773705	0.9499254955928017	2.1948164670958996	1.0	1.0	1.0	1.0	1.0	1.0	1.0	1.0	0.0
0.5617101964539511	0.9478620907406294	1.6555093103051097	1.0	1.0	1.0	1.0	1.0	0.0	1.0	1.0	0.0
0.5810082123418915	1.001091390126747	2.0360039585225804	1.0	1.0	1.0	1.0	1.0	1.0	1.0	1.0	1.0
0.5791780375814415	1.0343815895096373	2.196338034365092	1.0	1.0	1.0	1.0	1.0	1.0	1.0	1.0	1.0
0.5826568661435695	1.0646541593507541	1.9601065810506737	1.0	1.0	1.0	1.0	1.0	1.0	1.0	1.0	1.0
0.6266729341183711	1.0004697805769567	2.037823385861226	1.0	1.0	1.0	1.0	1.0	1.0	1.0	1.0	1.0
0.592241854706273	0.987691513706431	2.0845041939176423	1.0	1.0	1.0	1.0	1.0	1.0	1.0	1.0	1.0
0.569991214661854	0.983470226354976	1.9759916746389556	1.0	1.0	1.0	1.0	1.0	1.0	1.0	1.0	1.0
0.6248581407910949	1.1525777270835542	2.1280184207727255	1.0	1.0	1.0	1.0	0.0	1.0	1.0	0.0	1.0
0.5906177987569675	1.0800042687518527	1.828888255407647	1.0	1.0	1.0	1.0	1.0	1.0	1.0	1.0	1.0
0.5860458125695387	1.126687107460584	2.092616945820953	1.0	1.0	1.0	1.0	1.0	1.0	1.0	0.0	1.0
0.5883345775237115	0.9879058608162659	2.12282151792496	1.0	1.0	1.0	1.0	1.0	1.0	1.0	1.0	1.0
0.6055374723648697	0.9693404023732044	2.0145530421745175	1.0	1.0	1.0	1.0	1.0	1.0	1.0	1.0	1.0
0.6201962330438352	1.0817760775278098	1.8756778710290194	1.0	1.0	1.0	1.0	1.0	1.0	1.0	1.0	1.0
0.5649411902008007	1.0121158307568257	1.9003799308381322	1.0	1.0	1.0	1.0	1.0	1.0	1.0	1.0	1.0
0.6306126995827711	1.035966323921868	2.2205267895697314	1.0	1.0	1.0	1.0	1.0	1.0	1.0	1.0	0.0
0.6084462862770389	1.2027783567352228	2.0443645572703883	1.0	0.0	1.0	1.0	0.0	1.0	1.0	0.0	1.0
0.5563642457160313	0.983399354165281	1.892248058501431	1.0	1.0	1.0	1.0	1.0	1.0	1.0	1.0	1.0
0.5971915975248062	1.0353301315165198	2.4394431699003216	1.0	1.0	0.0	1.0	1.0	0.0	1.0	1.0	0.0
0.5905952922360221	0.8711010812501842	2.149068559005646	1.0	1.0	1.0	1.0	1.0	1.0	1.0	0.0	1.0
0.6115280620189377	0.9224413120576186	1.9022019641994778	1.0	1.0	1.0	1.0	1.0	1.0	1.0	1.0	1.0
0.6354083826499457	0.8769384006705349	2.0325525527049724	1.0	1.0	1.0	1.0	1.0	1.0	1.0	1.0	1.0
0.6566475434166261	0.9767910024617182	2.237587801925164	1.0	1.0	1.0	1.0	1.0	1.0	1.0	1.0	0.0
0.6018631154845138	0.9211302040047822	1.906577429527689	1.0	1.0	1.0	1.0	1.0	1.0	1.0	1.0	1.0
0.5575147727364433	0.9249827971693794	2.032671674438123	1.0	1.0	1.0	1.0	1.0	1.0	1.0	1.0	1.0
0.5879999253086493	0.8990644561643241	2.133993119236461	1.0	1.0	1.0	1.0	1.0	1.0	1.0	1.0	1.0
0.5529142780511953	1.013470211300803	1.7226189421089504	1.0	1.0	1.0	1.0	1.0	1.0	1.0	1.0	0.0
0.6117147749795107	0.982182224588991	1.8538399904928926	1.0	1.0	1.0	1.0	1.0	1.0	1.0	1.0	1.0
0.552544285163958	1.0407345368904297	1.8934811918823617	1.0	1.0	1.0	1.0	1.0	1.0	1.0	1.0	1.0
0.565817191759617	0.7685983000612624	1.916114461213422	1.0	0.0	1.0	1.0	0.0	1.0	1.0	0.0	1.0
0.6074847755758672	0.9737326530316903	2.215609617814472	1.0	1.0	1.0	1.0	1.0	1.0	1.0	1.0	1.0
0.621491507160148	0.9771902393547812	1.9387587395599193	1.0	1.0	1.0	1.0	1.0	1.0	1.0	1.0	1.0
0.617947085916789	0.9687981567091632	2.280896073359036	1.0	1.0	1.0	1.0	1.0	0.0	1.0	1.0	0.0
0.5983690037033611	1.050052688808419	1.9793577444051602	1.0	1.0	1.0	1.0	1.0	1.0	1.0	1.0	1.0
0.5646707355636069	0.9783822394917635	1.8329246559031742	1.0	1.0	1.0	1.0	1.0	1.0	1.0	1.0	1.0
0.6080900891438251	0.9768848993214954	2.078798691860471	1.0	1.0	1.0	1.0	1.0	1.0	1.0	1.0	1.0
0.5998977408058722	0.9056968820690171	2.128150410808961	1.0	1.0	1.0	1.0	1.0	1.0	1.0	1.0	1.0
0.6425095060446042	1.0470843425632197	2.0088056527084754	1.0	1.0	1.0	1.0	1.0	1.0	1.0	1.0	1.0
0.5706932418604723	0.982447108295822	2.0299389650402593	1.0	1.0	1.0	1.0	1.0	1.0	1.0	1.0	1.0
0.595465688464837	0.9660847733071108	1.760786673120248	1.0	1.0	1.0	1.0	1.0	1.0	1.0	1.0	1.0
0.5757866211346532	0.9437152364335021	1.7963207712108145	1.0	1.0	1.0	1.0	1.0	1.0	1.0	1.0	1.0
0.6228123472658311	1.0520674375675756	1.8916966229276602	1.0	1.0	1.0	1.0	1.0	1.0	1.0	1.0	1.0
0.5613666846035213	1.0814391935897072	1.9311277428569906	1.0	1.0	1.0	1.0	1.0	1.0	1.0	1.0	1.0
0.6601046366713932	0.9565456300061159	1.788993098513492	1.0	1.0	1.0	1.0	1.0	1.0	0.0	1.0	1.0
0.562762680755872	1.0872808055618208	2.0660892228229564	1.0	1.0	1.0	1.0	1.0	1.0	1.0	1.0	1.0
0.6137483637930812	1.0106699748223054	2.104786745937568	1.0	1.0	1.0	1.0	1.0	1.0	1.0	1.0	1.0
0.6440416307247542	1.025763474212087	2.202740184204967	1.0	1.0	1.0	1.0	1.0	1.0	1.0	1.0	1.0
0.6595260921742189	1.115483904847152	2.0937731759857656	1.0	1.0	1.0	1.0	1.0	1.0	0.0	0.0	1.0
0.5968639016456087	1.0299767476482222	1.9510987150968524	1.0	1.0	1.0	1.0	1.0	1.0	1.0	1.0	1.0
0.6063529599970249	0.9776460230161015	2.049156351685033	1.0	1.0	1.0	1.0	1.0	1.0	1.0	1.0	1.0
0.534851551999182	1.023623856195497	1.6136853653970438	1.0	1.0	1.0	1.0	1.0	0.0	0.0	1.0	0.0
0.5827491842528062	0.8959897879665834	1.969269088878866	1.0	1.0	1.0	1.0	1.0	1.0	1.0	1.0	1.0
0.5956026642994886	1.0244017913441315	2.315415131795835	1.0	1.0	0.0	1.0	1.0	0.0	1.0	1.0	0.0
0.6028579749567216	0.9505226224791086	1.8665739946799316	1.0	1.0	1.0	1.0	1.0	1.0	1.0	1.0	1.0
0.6367792873039093	1.0205458484341732	1.9975499109564392	1.0	1.0	1.0	1.0	1.0	1.0	1.0	1.0	1.0
0.6563238772121629	1.1246443359292384	2.1140402020187383	1.0	1.0	1.0	1.0	1.0	1.0	0.0	0.0	1.0
0.5792113062592854	0.9555604942451601	2.0936088795563914	1.0	1.0	1.0	1.0	1.0	1.0	1.0	1.0	1.0
0.5981792797360139	1.0416506604213862	2.0991401635684084	1.0	1.0	1.0	1.0	1.0	1.0	1.0	1.0	1.0
0.5655425788939493	1.1052454968603795	1.8970827136601731	1.0	1.0	1.0	1.0	1.0	1.0	1.0	1.0	1.0
0.5293240483539643	1.0311209544416156	1.8930607272569622	1.0	1.0	1.0	0.0	1.0	1.0	0.0	1.0	1.0
0.6306403402748518	1.039805069656965	1.9176834786113997	1.0	1.0	1.0	1.0	1.0	1.0	1.0	1.0	1.0
0.6259009320846515	1.0058478365559862	1.9639967698811205	1.0	1.0	1.0	1.0	1.0	1.0	1.0	1.0	1.0
0.6004603766145203	0.9434363352832588	1.8178542342896984	1.0	1.0	1.0	1.0	1.0	1.0	1.0	1.0	1.0
0.6181396568040658	0.8819441060696165	1.9113522983173448	1.0	1.0	1.0	1.0	1.0	1.0	1.0	0.0	1.0
0.6229537099750069	0.9505924677228826	1.7411045998816923	1.0	1.0	1.0	1.0	1.0	1.0	1.0	1.0	1.0
0.5871323189360479	0.9221623708023401	1.7606138625510783	1.0	1.0	1.0	1.0	1.0	1.0	1.0	1.0	1.0
0.6480081502528138	1.0080445361454053	1.8794500664122942	1.0	1.0	1.0	1.0	1.0	1.0	1.0	1.0	1.0
0.6365205173215466	0.9457116854337815	2.021657971112904	1.0	1.0	1.0	1.0	1.0	1.0	1.0	1.0	1.0
0.6035387376232396	1.0448908349965578	1.7490569768067312	1.0	1.0	1.0	1.0	1.0	1.0	1.0	1.0	1.0
0.5661669467965992	1.0507069546121548	1.9097237967057965	1.0	1.0	1.0	1.0	1.0	1.0	1.0	1.0	1.0
0.5683355927714551	1.0241716006448307	1.7732755025712004	1.0	1.0	1.0	1.0	1.0	1.0	1.0	1.0	1.0
0.5641999719071026	0.9125852655477258	1.9544018676511568	1.0	1.0	1.0	1.0	1.0	1.0	1.0	1.0	1.0
0.5954514881051483	0.8739219391208168	1.9766503205508053	1.0	1.0	1.0	1.0	0.0	1.0	1.0	0.0	1.0
0.6005429697710944	1.0907132108892323	1.853724574154378	1.0	1.0	1.0	1.0	1.0	1.0	1.0	1.0	1.0
0.5243367037201956	0.960277202186318	1.9845723516186748	1.0	1.0	1.0	0.0	1.0	1.0	0.0	1.0	1.0
0.5831201870134173	0.8356897865863919	1.7988279072769806	1.0	1.0	1.0	1.0	0.0	1.0	1.0	0.0	1.0
0.5742891612327907	0.9863687600156708	2.174430171517721	1.0	1.0	1.0	1.0	1.0	1.0	1.0	1.0	1.0
0.5768238343271145	0.9894796733920284	1.8219946579139825	1.0	1.0	1.0	1.0	1.0	1.0	1.0	1.0	1.0
0.6245281522390285	1.0140192418013065	2.112706927373468	1.0	1.0	1.0	1.0	1.0	1.0	1.0	1.0	1.0
0.6480081951643228	0.9537904715477321	1.848210463123183	1.0	1.0	1.0	1.0	1.0	1.0	1.0	1.0	1.0
0.5803136532171665	0.9610167525872855	2.285800423317281	1.0	1.0	1.0	1.0	1.0	0.0	1.0	1.0	0.0
0.5574457469668278	1.0068877016279332	1.988340336157535	1.0	1.0	1.0	1.0	1.0	1.0	1.0	1.0	1.0
0.6044941361178059	1.0396222972725235	2.210668158229378	1.0	1.0	1.0	1.0	1.0	1.0	1.0	1.0	1.0
0.6268142863055263	1.0463279175490539	2.0305467939751645	1.0	1.0	1.0	1.0	1.0	1.0	1.0	1.0	1.0
0.5960936940796557	1.0223868940888456	2.1672387594024283	1.0	1.0	1.0	1.0	1.0	1.0	1.0	1.0	1.0
0.6078399741286739	0.9279762817909567	2.228546783831009	1.0	1.0	1.0	1.0	1.0	1.0	1.0	1.0	0.0
0.6082972235952371	0.9903194710994019	1.8137799565991084	1.0	1.0	1.0	1.0	1.0	1.0	1.0	1.0	1.0
0.6150684946703664	0.8045657013565746	1.9476785326649209	1.0	0.0	1.0	1.0	0.0	1.0	1.0	0.0	1.0
0.6726937177767267	0.9982434253321776	1.7898405458287305	1.0	1.0	1.0	0.0	1.0	1.0	0.0	1.0	1.0
0.6372923097932941	1.1210248509790008	1.9787525691239491	1.0	1.0	1.0	1.0	1.0	1.0	1.0	0.0	1.0
0.5923275856307423	0.938990729942995	1.857564725943438	1.0	1.0	1.0	1.0	1.0	1.0	1.0	1.0	1.0
0.5826871382208291	0.9855738305824973	1.8868013354798057	1.0	1.0	1.0	1.0	1.0	1.0	1.0	1.0	1.0
0.6021937698999558	1.0676363908457498	1.9344359800304676	1.0	1.0	1.0	1.0	1.0	1.0	1.0	1.0	1.0
0.5908250556054525	0.9579942098140901	2.4251175471358892	1.0	1.0	0.0	1.0	1.0	0.0	1.0	1.0	0.0
0.5222886806916086	1.0243462916404675	2.0171858675086605	1.0	1.0	1.0	0.0	1.0	1.0	0.0	1.0	1.0
0.6419342510248986	0.9719443048949302	2.1407237085390336	1.0	1.0	1.0	1.0	1.0	1.0	1.0	1.0	1.0
0.6610467616008259	1.0195890880207787	1.7865166871960423	1.0	1.0	1.0	1.0	1.0	1.0	0.0	1.0	1.0
0.5771586796874483	1.0189394928722546	2.0166185632938216	1.0	1.0	1.0	1.0	1.0	1.0	1.0	1.0	1.0
0.5996499189589861	0.9111409336840716	1.9491049021377922	1.0	1.0	1.0	1.0	1.0	1.0	1.0	1.0	1.0
0.5649746321809123	0.851349694280285	1.9153500774443641	1.0	1.0	1.0	1.0	0.0	1.0	1.0	0.0	1.0
0.573504872538005	0.903634884609213	1.9463795459963513	1.0	1.0	1.0	1.0	1.0	1.0	1.0	1.0	1.0
0.6411696973216062	0.9934969262079616	1.9680684950014264	1.0	1.0	1.0	1.0	1.0	1.0	1.0	1.0	1.0
0.5747368862621418	0.9481429328800137	1.9394828076574169	1.0	1.0	1.0	1.0	1.0	1.0	1.0	1.0	1.0
0.5847508283798084	0.9440481485744695	2.0365325581574374	1.0	1.0	1.0	1.0	1.0	1.0	1.0	1.0	1.0
0.6534667835657024	0.992810334482728	1.6125519463415023	1.0	1.0	0.0	1.0	1.0	0.0	1.0	1.0	0.0
0.6276005663901775	1.0673334603063673	1.996116068236735	1.0	1.0	1.0	1.0	1.0	1.0	1.0	1.0	1.0
0.6065120809721396	1.1477271824041344	2.189365007210828	1.0	1.0	1.0	1.0	0.0	1.0	1.0	0.0	1.0
0.587464561155597	1.1205564177150273	2.02403267791874	1.0	1.0	1.0	1.0	1.0	1.0	1.0	1.0	1.0
0.5775180388756539	1.0114864131291204	1.8528250447850918	1.0	1.0	1.0	1.0	1.0	1.0	1.0	1.0	1.0
0.5624284597786429	1.0630780233746384	1.9012054106008534	1.0	1.0	1.0	1.0	1.0	1.0	1.0	1.0	1.0
0.6041884861319698	0.9869398923974743	2.281959984689037	1.0	1.0	1.0	1.0	1.0	0.0	1.0	1.0	0.0
0.6638100106602545	1.0421172253493638	1.8729985940625706	1.0	1.0	1.0	1.0	1.0	1.0	0.0	1.0	1.0
0.6229223227908299	0.9836145639992258	2.050066037672066	1.0	1.0	1.0	1.0	1.0	1.0	1.0	1.0	1.0
0.5704850585570278	0.9954413770688352	1.8050331108020266	1.0	1.0	1.0	1.0	1.0	1.0	1.0	1.0	1.0
0.587134061316857	0.9386319549120294	2.055707160160399	1.0	1.0	1.0	1.0	1.0	1.0	1.0	1.0	1.0
0.5856203455074465	1.0887684096454966	2.3956975767836934	1.0	1.0	0.0	1.0	1.0	0.0	1.0	1.0	0.0
0.5837488816534302	0.9789508161437158	1.997583823977205	1.0	1.0	1.0	1.0	1.0	1.0	1.0	1.0	1.0
0.5716107052335938	0.8916696504716756	2.066013529150127	1.0	1.0	1.0	1.0	1.0	1.0	1.0	0.0	1.0
0.6147185932975581	1.0255222077969102	1.8377812539914418	1.0	1.0	1.0	1.0	1.0	1.0	1.0	1.0	1.0
0.5165057336158501	0.9814737194877997	1.8537904536835887	1.0	1.0	1.0	0.0	1.0	1.0	0.0	1.0	1.0
0.5969049359990658	1.0886566404038658	1.9479514458962421	1.0	1.0	1.0	1.0	1.0	1.0	1.0	1.0	1.0
0.5878167748291409	1.0620868974894513	2.0234266563048346	1.0	1.0	1.0	1.0	1.0	1.0	1.0	1.0	1.0
0.6255492138044411	0.9655554789491045	1.859137907721531	1.0	1.0	1.0	1.0	1.0	1.0	1.0	1.0	1.0
0.6249218587784402	0.9792338815283731	2.040008733152214	1.0	1.0	1.0	1.0	1.0	1.0	1.0	1.0	1.0
0.5886062812663467	0.9520655875530952	1.8420061176499265	1.0	1.0	1.0	1.0	1.0	1.0	1.0	1.0	1.0
0.6077788000796019	1.0491586288445927	1.8710934814549112	1.0	1.0	1.0	1.0	1.0	1.0	1.0	1.0	1.0
0.5269623659756342	1.0459569470317085	2.0533120524467057	1.0	1.0	1.0	0.0	1.0	1.0	0.0	1.0	1.0
0.5964364369738254	1.036813923560158	1.862706952366192	1.0	1.0	1.0	1.0	1.0	1.0	1.0	1.0	1.0
0.6164553923847342	1.038055499069475	1.7246238262566622	1.0	1.0	1.0	1.0	1.0	1.0	1.0	1.0	1.0
0.60657450974497	0.8784280998321599	2.008448552139695	1.0	1.0	1.0	1.0	1.0	1.0	1.0	0.0	1.0
0.6015609643230313	1.015265465101046	1.9297122094630281	1.0	1.0	1.0	1.0	1.0	1.0	1.0	1.0	1.0
0.5892491223323637	0.9287707387172487	2.158820123016612	1.0	1.0	1.0	1.0	1.0	1.0	1.0	1.0	1.0
0.6626998873999392	0.9765064788642102	1.7980070512771231	1.0	1.0	1.0	1.0	1.0	1.0	0.0	1.0	1.0
0.6415351194013508	0.9736191426736329	2.1447855162621727	1.0	1.0	1.0	1.0	1.0	1.0	1.0	1.0	1.0
0.5323254809132015	0.8890807715447239	1.9860000562823075	1.0	1.0	1.0	1.0	1.0	1.0	0.0	0.0	1.0
0.6266270510874016	1.0838271254264613	2.18231504480171	1.0	1.0	1.0	1.0	1.0	1.0	1.0	1.0	1.0
0.5823156166967061	1.0654434205487295	1.9207618022215707	1.0	1.0	1.0	1.0	1.0	1.0	1.0	1.0	1.0
0.6205647418324778	1.0814177920705446	2.277324599819188	1.0	1.0	1.0	1.0	1.0	1.0	1.0	1.0	0.0
0.6757001690079106	1.0093980698762097	2.0919164020168908	1.0	1.0	1.0	0.0	1.0	1.0	0.0	1.0	1.0
0.6044291105626024	1.011361720209345	2.090325065536219	1.0	1.0	1.0	1.0	1.0	1.0	1.0	1.0	1.0
0.6119498649191913	0.9744914109590255	1.9946729429091559	1.0	1.0	1.0	1.0	1.0	1.0	1.0	1.0	1.0
0.6237603285709363	1.1092170790037337	1.9728946343533382	1.0	1.0	1.0	1.0	1.0	1.0	1.0	0.0	1.0
0.615199771663875	0.9605489582708135	2.233538431403656	1.0	1.0	1.0	1.0	1.0	1.0	1.0	1.0	0.0
0.5856047623040698	1.0252726285257001	2.0423654092144865	1.0	1.0	1.0	1.0	1.0	1.0	1.0	1.0	1.0
0.5788291386740778	0.9779874552567162	2.2054857060415145	1.0	1.0	1.0	1.0	1.0	1.0	1.0	1.0	1.0
0.5923382694249972	0.9973745035116484	2.0634040972387613	1.0	1.0	1.0	1.0	1.0	1.0	1.0	1.0	1.0
0.6076201689993296	1.0531177407770038	2.194949835029751	1.0	1.0	1.0	1.0	1.0	1.0	1.0	1.0	1.0
0.529081971760945	0.8979223947438922	2.1672333632539424	1.0	1.0	1.0	1.0	1.0	1.0	0.0	1.0	1.0
0.5953309696906997	1.1824035315276809	2.0173399881771754	1.0	0.0	1.0	1.0	0.0	1.0	1.0	0.0	1.0
0.6167680841484141	0.9400778389554056	1.9796704283041107	1.0	1.0	1.0	1.0	1.0	1.0	1.0	1.0	1.0
0.6033977363236526	0.9743448932939649	1.957811777821492	1.0	1.0	1.0	1.0	1.0	1.0	1.0	1.0	1.0
0.6087840734595216	1.028427414713138	1.856884832501182	1.0	1.0	1.0	1.0	1.0	1.0	1.0	1.0	1.0
0.6194437729785442	0.8946718930726996	2.089074222326897	1.0	1.0	1.0	1.0	1.0	1.0	1.0	1.0	1.0
0.6264776200900642	0.8785227240325234	2.041407824155068	1.0	1.0	1.0	1.0	1.0	1.0	1.0	1.0	1.0
0.6291536473948428	1.0659599689872201	1.9592298321241042	1.0	1.0	1.0	1.0	1.0	1.0	1.0	1.0	1.0
0.6502556348818145	0.9374651602079442	1.9352735627708995	1.0	1.0	1.0	1.0	1.0	1.0	1.0	1.0	1.0
0.5143278911315631	0.8123083767769953	1.9890963637967394	1.0	0.0	1.0	0.0	0.0	1.0	0.0	0.0	1.0
0.6135540210139268	0.9872473079731982	2.003908503598178	1.0	1.0	1.0	1.0	1.0	1.0	1.0	1.0	1.0
0.6054483744280913	0.9543542077215895	1.945838145150873	1.0	1.0	1.0	1.0	1.0	1.0	1.0	1.0	1.0
0.6484664664666975	1.1115489438961261	2.0817286833659443	1.0	1.0	1.0	1.0	1.0	1.0	1.0	1.0	1.0
0.5604282970906138	0.903749913023877	2.12882807896143	1.0	1.0	1.0	1.0	1.0	1.0	1.0	1.0	1.0
0.6440862876512079	0.9107535487105197	2.2004270299241013	1.0	1.0	1.0	1.0	1.0	1.0	1.0	1.0	1.0
0.6206147035244254	1.0801579360910043	1.9295615619723745	1.0	1.0	1.0	1.0	1.0	1.0	1.0	1.0	1.0
0.6009352405637991	0.9495197154456599	2.0213229978435905	1.0	1.0	1.0	1.0	1.0	1.0	1.0	1.0	1.0
0.5864440037133137	0.956634222843295	2.1591983944968782	1.0	1.0	1.0	1.0	1.0	1.0	1.0	1.0	1.0
0.5646486868478293	1.0610489168150747	1.8075723240419939	1.0	1.0	1.0	1.0	1.0	1.0	1.0	1.0	1.0
0.6183500512322895	1.0419789343445938	2.129183868451428	1.0	1.0	1.0	1.0	1.0	1.0	1.0	1.0	1.0
0.5519286375948677	1.095487270600908	1.983123436937039	1.0	1.0	1.0	1.0	1.0	1.0	1.0	1.0	1.0
0.6189292628931894	1.0338627950382653	1.726183940595624	1.0	1.0	1.0	1.0	1.0	1.0	1.0	1.0	1.0
0.6126708574274076	1.0009579935860853	2.0405622102208767	1.0	1.0	1.0	1.0	1.0	1.0	1.0	1.0	1.0
0.5850851275395246	1.1057398681203812	1.7655739871961609	1.0	1.0	1.0	1.0	1.0	1.0	1.0	1.0	1.0
0.6041739665841509	1.030309224978181	2.1481120218801877	1.0	1.0	1.0	1.0	1.0	1.0	1.0	1.0	1.0
0.5648840711557334	0.9462023560914935	2.0005224705873488	1.0	1.0	1.0	1.0	1.0	1.0	1.0	1.0	1.0
0.6282558749598401	1.0821592858448013	2.2043579521282033	1.0	1.0	1.0	1.0	1.0	1.0	1.0	1.0	0.0
0.5614093207451694	0.9701962464925104	2.0640990892410818	1.0	1.0	1.0	1.0	1.0	1.0	1.0	1.0	1.0
0.5419581855785826	0.9514401664743081	1.819267550251749	1.0	1.0	1.0	1.0	1.0	1.0	0.0	1.0	1.0
0.5586563613851682	1.0329812964135092	2.0359003825926663	1.0	1.0	1.0	1.0	1.0	1.0	1.0	1.0	1.0
0.5458647887245199	1.0344722743318446	2.073387520179636	1.0	1.0	1.0	1.0	1.0	1.0	1.0	1.0	1.0
0.6975871156775604	1.181294795724347	1.7754287888668647	0.0	1.0	1.0	0.0	0.0	1.0	0.0	0.0	1.0
0.6220046242278512	1.0126747813461678	2.287770811444281	1.0	1.0	1.0	1.0	1.0	0.0	1.0	1.0	0.0
0.6418505045876879	1.1216804357414232	1.884450749510933	1.0	1.0	1.0	1.0	1.0	1.0	1.0	0.0	1.0
0.5902852183894672	0.9444195333264035	1.9750872111408437	1.0	1.0	1.0	1.0	1.0	1.0	1.0	1.0	1.0
0.6100137810990724	1.0595657987780673	2.0511726036351186	1.0	1.0	1.0	1.0	1.0	1.0	1.0	1.0	1.0
0.5898524210179396	0.9558480551484958	1.9078057370799684	1.0	1.0	1.0	1.0	1.0	1.0	1.0	1.0	1.0
0.5794753223061697	1.0487061874074277	1.7395228913296412	1.0	1.0	1.0	1.0	1.0	1.0	1.0	1.0	1.0
0.6346588788939942	1.072638707953419	1.8843595205159982	1.0	1.0	1.0	1.0	1.0	1.0	1.0	1.0	1.0
0.5108299710551227	0.8794357940972743	1.9830742741713814	1.0	1.0	1.0	0.0	1.0	1.0	0.0	0.0	1.0
0.6643102702084489	1.0661395243671261	1.9266654078817165	1.0	1.0	1.0	1.0	1.0	1.0	0.0	1.0	1.0
0.6045100462776524	0.9291744598157615	1.9141374100626796	1.0	1.0	1.0	1.0	1.0	1.0	1.0	1.0	1.0
0.6107451025128598	0.985711330319401	1.8839421840302593	1.0	1.0	1.0	1.0	1.0	1.0	1.0	1.0	1.0
0.5966261184813639	0.9585197009998147	1.976781690791003	1.0	1.0	1.0	1.0	1.0	1.0	1.0	1.0	1.0
0.6153433961976638	1.0019294656919187	1.9787064244497476	1.0	1.0	1.0	1.0	1.0	1.0	1.0	1.0	1.0
0.6094980131048234	0.9506167535346293	2.0730173503833442	1.0	1.0	1.0	1.0	1.0	1.0	1.0	1.0	1.0
0.6024762706561407	0.9250608960653651	1.9383227372660072	1.0	1.0	1.0	1.0	1.0	1.0	1.0	1.0	1.0
0.6489480385995948	1.0058305445856441	2.067726093736583	1.0	1.0	1.0	1.0	1.0	1.0	1.0	1.0	1.0
0.618119520717167	1.0512315630336666	2.1489471907031006	1.0	1.0	1.0	1.0	1.0	1.0	1.0	1.0	1.0
0.609858005826534	1.0379258827471842	1.9420885729362165	1.0	1.0	1.0	1.0	1.0	1.0	1.0	1.0	1.0
0.6323657371710042	1.0030830377176507	2.2215599709465206	1.0	1.0	1.0	1.0	1.0	1.0	1.0	1.0	0.0
0.6179554081440932	1.0172589450376543	2.1879333272576003	1.0	1.0	1.0	1.0	1.0	1.0	1.0	1.0	1.0
0.5715818048936553	1.0244521659209311	1.9976326680099241	1.0	1.0	1.0	1.0	1.0	1.0	1.0	1.0	1.0
0.6384382429476595	1.098680250620688	2.1172105116630573	1.0	1.0	1.0	1.0	1.0	1.0	1.0	1.0	1.0
0.5604860122978439	1.0327920969407784	2.027171385384157	1.0	1.0	1.0	1.0	1.0	1.0	1.0	1.0	1.0
0.5367547170351756	1.032753201018119	1.8266927031616378	1.0	1.0	1.0	1.0	1.0	1.0	0.0	1.0	1.0
0.6618426357934061	1.0804652669595267	2.1943390630471655	1.0	1.0	1.0	0.0	1.0	1.0	0.0	1.0	1.0
0.5931053400930579	1.1586002099337631	1.957282538783011	1.0	1.0	1.0	1.0	0.0	1.0	1.0	0.0	1.0
0.5931245796075887	1.0557399291826586	2.2288171460909503	1.0	1.0	1.0	1.0	1.0	1.0	1.0	1.0	0.0
0.6522069126103563	0.9900524096428303	2.0645757965897067	1.0	1.0	1.0	1.0	1.0	1.0	1.0	1.0	1.0
0.630406200677429	0.865658579728869	1.8072193327833799	1.0	1.0	1.0	1.0	1.0	1.0	1.0	0.0	1.0
0.6459502786271407	1.0453309842431497	1.9485072871537352	1.0	1.0	1.0	1.0	1.0	1.0	1.0	1.0	1.0
0.6212352199165645	1.0227364833199921	2.079251345025472	1.0	1.0	1.0	1.0	1.0	1.0	1.0	1.0	1.0
0.5920985272468762	0.9993880409463618	1.8996209887807962	1.0	1.0	1.0	1.0	1.0	1.0	1.0	1.0	1.0
0.6084433048841439	1.1098595445875794	1.9304995467405794	1.0	1.0	1.0	1.0	1.0	1.0	1.0	0.0	1.0
0.6064216586442064	0.930058315079616	2.04209992058779	1.0	1.0	1.0	1.0	1.0	1.0	1.0	1.0	1.0
0.5947277676695076	0.9660108513469307	1.9437437329145777	1.0	1.0	1.0	1.0	1.0	1.0	1.0	1.0	1.0
0.6470803887573461	1.0609426369877424	2.2026173639060413	1.0	1.0	1.0	1.0	1.0	1.0	1.0	1.0	1.0
0.5569618842783146	0.9415619074934548	2.157567732173177	1.0	1.0	1.0	1.0	1.0	1.0	1.0	1.0	1.0
0.622210352895287	0.9276273969815176	1.8496460756436817	1.0	1.0	1.0	1.0	1.0	1.0	1.0	1.0	1.0
0.613889971459602	0.9876405220556584	2.277369804467996	1.0	1.0	1.0	1.0	1.0	1.0	1.0	1.0	0.0
0.5601237486547233	0.8832072788954177	2.003740204139717	1.0	1.0	1.0	1.0	1.0	1.0	1.0	1.0	1.0
0.5976073167783235	0.9957178154025368	1.9098660378779946	1.0	1.0	1.0	1.0	1.0	1.0	1.0	1.0	1.0
0.6056533795418723	0.9799013890210209	2.088745715118766	1.0	1.0	1.0	1.0	1.0	1.0	1.0	1.0	1.0
0.5857750321498929	0.9330108119926184	1.8699737182770897	1.0	1.0	1.0	1.0	1.0	1.0	1.0	1.0	1.0
0.578321157846616	0.9219467665220721	2.157705813213986	1.0	1.0	1.0	1.0	1.0	1.0	1.0	1.0	1.0
0.5788700141119594	1.0892557267587946	1.974170170433065	1.0	1.0	1.0	1.0	1.0	1.0	1.0	1.0	1.0
0.6364842553743946	1.0181221352962186	2.0684194719015445	1.0	1.0	1.0	1.0	1.0	1.0	1.0	1.0	1.0
0.6253773488433262	0.918669456805442	2.191454219217043	1.0	1.0	1.0	1.0	1.0	1.0	1.0	1.0	1.0
0.5647703229100538	1.0222660009749887	1.9092983961062655	1.0	1.0	1.0	1.0	1.0	1.0	1.0	1.0	1.0
0.6076412880557788	1.0067724539100609	1.8909566479656603	1.0	1.0	1.0	1.0	1.0	1.0	1.0	1.0	1.0
0.5842324313762872	1.0480303243811862	1.8739505973927149	1.0	1.0	1.0	1.0	1.0	1.0	1.0	1.0	1.0
0.6089309873631711	0.8459123513080162	2.1557841776761237	1.0	1.0	1.0	1.0	0.0	1.0	1.0	0.0	1.0
0.5331294297824969	0.9858443088527585	2.1190704172442034	1.0	1.0	1.0	1.0	1.0	1.0	0.0	1.0	1.0
0.5803446998214445	0.9569087848835163	2.0528649067603	1.0	1.0	1.0	1.0	1.0	1.0	1.0	1.0	1.0
0.616822358810664	1.03157659720379	2.1163400854333356	1.0	1.0	1.0	1.0	1.0	1.0	1.0	1.0	1.0
0.5726095602392843	0.9140061608969131	1.9508975263336263	1.0	1.0	1.0	1.0	1.0	1.0	1.0	1.0	1.0
0.6060228650867168	0.9529002341531678	2.1463083075139044	1.0	1.0	1.0	1.0	1.0	1.0	1.0	1.0	1.0
0.634404289211214	1.048119189222778	1.9947600120212898	1.0	1.0	1.0	1.0	1.0	1.0	1.0	1.0	1.0
0.6474094074726476	0.9651876558056081	2.0098395518777155	1.0	1.0	1.0	1.0	1.0	1.0	1.0	1.0	1.0
0.5415028276900602	1.008701809812036	1.8605685863994292	1.0	1.0	1.0	1.0	1.0	1.0	0.0	1.0	1.0
0.610851318514418	1.0942976950519978	2.1617338866766	1.0	1.0	1.0	1.0	1.0	1.0	1.0	1.0	1.0
0.5986457670365758	0.9845073380723862	1.905756637581145	1.0	1.0	1.0	1.0	1.0	1.0	1.0	1.0	1.0
0.568529518760389	0.9716237491878117	2.234192734611095	1.0	1.0	1.0	1.0	1.0	1.0	1.0	1.0	1.0
0.5708621279966326	0.9829227240557018	1.865356353831808	1.0	1.0	1.0	1.0	1.0	1.0	1.0	1.0	1.0
0.623436962718047	0.9735405471850089	2.0964073625837067	1.0	1.0	1.0	1.0	1.0	1.0	1.0	1.0	1.0
0.6151442835638683	0.9921005160018131	1.733204449696894	1.0	1.0	1.0	1.0	1.0	1.0	1.0	1.0	0.0
0.6024320103953682	0.9501201203076367	2.1095556844564065	1.0	1.0	1.0	1.0	1.0	1.0	1.0	1.0	1.0
0.5673569742694726	1.0487903693591358	1.9701169687562363	1.0	1.0	1.0	1.0	1.0	1.0	1.0	1.0	1.0
0.6703078321834897	0.9787753869186298	2.0213013931875103	1.0	1.0	1.0	1.0	1.0	1.0	0.0	1.0	1.0
0.5480169971237023	1.1215569280793742	1.8972872868966641	1.0	1.0	1.0	1.0	1.0	1.0	0.0	0.0	1.0
0.654017777985128	0.9230977388226167	1.829729994631725	1.0	1.0	1.0	1.0	1.0	1.0	1.0	1.0	1.0
0.6025857255573691	0.9533492995733511	1.992589593022723	1.0	1.0	1.0	1.0	1.0	1.0	1.0	1.0	1.0
0.6106818403982187	1.066573365431617	1.9839528847061425	1.0	1.0	1.0	1.0	1.0	1.0	1.0	1.0	1.0
0.5978697811577905	0.9617449493805031	1.995394777283503	1.0	1.0	1.0	1.0	1.0	1.0	1.0	1.0	1.0
0.5707288976663987	1.01638158337035	1.977813878114366	1.0	1.0	1.0	1.0	1.0	1.0	1.0	1.0	1.0
