0.6082240225116885	1.0400234027167858	2.426904433871891	0.6035496277228813	1.0225007667332544	2.4119435240828815	0.6038963882600697	1.0222705045072527	2.404758564997728	1.0	1.0	0.0	1.0	1.0	0.0	1.0	1.0	0.0
0.6079947346373331	1.0209842115226577	1.9088247359784127	0.6045580514922682	1.0162999587131236	1.946674546619659	0.6043220663981199	1.015084801808472	1.9393913713750044	1.0	1.0	1.0	1.0	1.0	1.0	1.0	1.0	1.0
0.6183304534024388	1.1374875140198102	1.8585441787283	0.6205742671506832	1.1228846023719723	1.8902543187528733	0.6209186225327719	1.1202870002684078	1.8772764672112512	1.0	1.0	1.0	1.0	1.0	1.0	1.0	0.0	1.0
0.5815306270408799	1.0512047934722404	1.9904173497422468	0.5759353736058698	1.0462706768085168	2.0089776066186182	0.5772295058710335	1.0456005824620174	1.9971331316140324	1.0	1.0	1.0	1.0	1.0	1.0	1.0	1.0	1.0
0.5836884186828909	1.0501576494432039	1.8931621724824326	0.5818092285909287	1.0517967910594879	1.9560219113448283	0.5802418583222924	1.0521844176052897	1.9517554341611323	1.0	1.0	1.0	1.0	1.0	1.0	1.0	1.0	1.0
0.6198066849842813	0.9514696332420662	2.1766684843902513	0.6216153331472639	0.9500653823475672	2.200077924133382	0.622404685558489	0.950023292267449	2.1909770766886867	1.0	1.0	1.0	1.0	1.0	1.0	1.0	1.0	1.0
0.6059055913800483	0.9272398748671926	1.8745337014521832	0.6061478901960564	0.9358157971935276	1.8707036485498105	0.6070527568023331	0.9367845465079314	1.8620197409361943	1.0	1.0	1.0	1.0	1.0	1.0	1.0	1.0	1.0
0.5697836827996796	1.0311564946896432	2.025886653244686	0.56811040741878	1.0200829327251573	2.038134104468266	0.5693022186598056	1.020525146069473	2.029857597075922	1.0	1.0	1.0	1.0	1.0	1.0	1.0	1.0	1.0
0.5697488580411224	1.0683446400670016	1.944799223447282	0.565152375144806	1.0723074204741279	1.9480144997001507	0.5663843129573484	1.072230057543124	1.9397503066858492	1.0	1.0	1.0	1.0	1.0	1.0	1.0	1.0	1.0
0.566828038339508	1.0113246109262084	1.9805186817786367	0.5681570369349517	1.0079912790897927	2.0004901647700715	0.5689008982731742	1.0059457563295984	1.991851760152395	1.0	1.0	1.0	1.0	1.0	1.0	1.0	1.0	1.0
0.5838654761750435	0.969242117556354	2.0460300332956836	0.5834725575255345	0.9588836360699879	2.065573704415474	0.5854327549965463	0.9597465045563804	2.060618121064695	1.0	1.0	1.0	1.0	1.0	1.0	1.0	1.0	1.0
0.58796130970983	0.9224513791926658	1.985946668091864	0.5918844020665375	0.9168296111726046	2.0433771054869125	0.5928902412880761	0.9158555651955492	2.031195783143611	1.0	1.0	1.0	1.0	1.0	1.0	1.0	1.0	1.0
0.6130890507766361	0.970585128301159	2.035286717975637	0.6008085611049796	0.9699666801944808	2.0797114517316415	0.601395315561408	0.9683038812976943	2.0708907127455767	1.0	1.0	1.0	1.0	1.0	1.0	1.0	1.0	1.0
0.5920912312101867	1.0525992614436261	2.155327875286124	0.593905810109557	1.057369152300787	2.1823562142406394	0.5948414919298907	1.0570622343952505	2.17134175996087	1.0	1.0	1.0	1.0	1.0	1.0	1.0	1.0	1.0
0.5901053568392263	1.0792236120270007	2.017683818850663	0.5882958493707278	1.0726632361667965	2.0690651134189406	0.5893858672328438	1.0698657965994494	2.059700924140817	1.0	1.0	1.0	1.0	1.0	1.0	1.0	1.0	1.0
0.6040567645283672	0.9902535307607568	1.853342956334397	0.601435062679778	0.9824938257071083	1.8599454922052348	0.6027307964521782	0.9849028466749352	1.8511022131207573	1.0	1.0	1.0	1.0	1.0	1.0	1.0	1.0	1.0
0.5833800649536152	0.9262081905115865	2.3619623542573778	0.5827476836557767	0.9268076684519359	2.386696057152905	0.5828810403464075	0.9273002634032121	2.3844118288669494	1.0	1.0	0.0	1.0	1.0	0.0	1.0	1.0	0.0
0.6804966089097343	0.994790527834258	2.315851651507835	0.6760033352710051	0.9954978576265745	2.369999274958852	0.6759574343036832	0.9956459658986051	2.3654529006747778	1.0	1.0	1.0	0.0	1.0	0.0	0.0	1.0	0.0
0.6117703967689404	0.9809961409038132	2.212306971288901	0.6030949088190951	0.9874641413592886	2.2632668968573104	0.6025616592767686	0.988598705417363	2.2490500789321173	1.0	1.0	1.0	1.0	1.0	1.0	1.0	1.0	0.0
0.5771135350980294	1.0451960194918735	1.9348118681294109	0.5824603824146196	1.0317718776855245	1.9965210232651116	0.5825941827371124	1.0347215798078773	1.9892449200840332	1.0	1.0	1.0	1.0	1.0	1.0	1.0	1.0	1.0
0.591809334249361	0.9978469804620248	2.1395010460754746	0.5906990054416114	0.9898304599767486	2.1903439744185396	0.5898148148196394	0.9883926057444528	2.179433518330823	1.0	1.0	1.0	1.0	1.0	1.0	1.0	1.0	1.0
0.5859368066681993	1.0279946176227894	1.8680244337024643	0.5874231282873366	1.0264188595710866	1.9185227001628504	0.5880299717323911	1.0231817866602286	1.9072036459417556	1.0	1.0	1.0	1.0	1.0	1.0	1.0	1.0	1.0
0.6035104306145911	1.0432032251211019	2.3447716971462467	0.6048452907446583	1.0516498752792174	2.333473381465439	0.6052873658809952	1.0506846050094287	2.3261264547995144	1.0	1.0	1.0	1.0	1.0	0.0	1.0	1.0	0.0
0.5675416533910683	1.0044334186467845	2.0269677553225316	0.5755712973630849	0.9974558633443013	2.070851601834636	0.5752153678614599	0.9970100508335088	2.0674568939871336	1.0	1.0	1.0	1.0	1.0	1.0	1.0	1.0	1.0
0.5756195029907071	1.0175570603554063	2.050639028267773	0.5821448293941283	1.0290322368612994	2.0690142152408453	0.5818720974652815	1.0309615372998497	2.06305027173235	1.0	1.0	1.0	1.0	1.0	1.0	1.0	1.0	1.0
0.582752292961825	0.9868849117855538	1.9359651808096947	0.5818480480332177	0.966046195754885	1.9642629302665422	0.5800408772525185	0.9671100557269002	1.9554767637736754	1.0	1.0	1.0	1.0	1.0	1.0	1.0	1.0	1.0
0.556507645312059	0.9502663787064167	1.9326550168005918	0.5535666441284115	0.9697120191021986	1.9479457447572155	0.5541170435993554	0.9712845032909678	1.9302349764894795	1.0	1.0	1.0	1.0	1.0	1.0	1.0	1.0	1.0
0.5326442566752645	1.0252853024765545	1.8230708901242116	0.538374195845451	1.0228986050734654	1.8484226100129688	0.5393708091544779	1.0225467163628958	1.8334371561676526	1.0	1.0	1.0	0.0	1.0	1.0	0.0	1.0	1.0
0.5698198028596168	1.0975658256670227	1.88695180312023	0.5745214081708251	1.0920138369960413	1.9276506771212285	0.5752448020075076	1.0908514755254521	1.9181751083079979	1.0	1.0	1.0	1.0	1.0	1.0	1.0	1.0	1.0
0.5656901325348009	0.9915084771465651	2.197643687304157	0.5637041466677226	1.013532641660671	2.2460531513171333	0.5633662767032098	1.0116224048199793	2.2332275019412933	1.0	1.0	1.0	1.0	1.0	1.0	1.0	1.0	0.0
0.5970597848195548	1.0062498171242005	2.1130836967243423	0.595333928081014	1.0133741185081817	2.1147509973334455	0.597192647619208	1.013027592302147	2.109420275410261	1.0	1.0	1.0	1.0	1.0	1.0	1.0	1.0	1.0
0.5723390009518643	0.898752767888555	1.8775727890659597	0.5768408767851146	0.8996535211271738	1.9169159392215	0.5777267723650108	0.8990049205770493	1.905875425239828	1.0	1.0	1.0	1.0	1.0	1.0	1.0	1.0	1.0
0.6119529097948783	1.0363920772330932	2.033640581449777	0.6094312254487764	1.0407953091898356	2.0685570791182175	0.6109447957712367	1.040450069668406	2.0592368151378904	1.0	1.0	1.0	1.0	1.0	1.0	1.0	1.0	1.0
0.6261920892479276	1.0837288678953527	1.7181936736056116	0.6312078313252563	1.0750460276943015	1.7417800298395816	0.6303622139532261	1.0768088775621492	1.7297787839816392	1.0	1.0	1.0	1.0	1.0	1.0	1.0	1.0	0.0
0.5621773159674914	1.0120652941563657	1.9643667270070666	0.5653487199884784	0.9925883714195519	1.9914364675851954	0.5657474347480143	0.9929133989953882	1.9765982446005554	1.0	1.0	1.0	1.0	1.0	1.0	1.0	1.0	1.0
0.5718960727270054	1.2013501758008662	1.7846401972559005	0.5686020513982126	1.2139313719363019	1.8396743409845335	0.5682670528081635	1.2160772656626997	1.8242636743251803	1.0	0.0	1.0	1.0	0.0	1.0	1.0	0.0	1.0
0.5259129495718844	0.9399592362917798	1.8823318742299386	0.5209769348088988	0.9436617768986088	1.9209096185024155	0.5218348068697305	0.9465078452120503	1.9136733014200604	1.0	1.0	1.0	0.0	1.0	1.0	0.0	1.0	1.0
0.6078558063494052	1.0253743313376915	1.977690272146345	0.607750767656614	1.027221917316543	2.010767141744435	0.6073108781054979	1.0265229372349411	1.9977751537053345	1.0	1.0	1.0	1.0	1.0	1.0	1.0	1.0	1.0
0.6205381767227984	1.007129464321934	2.0684872582087017	0.6173762298635906	1.0079611078320507	2.118904516689215	0.6187161063266707	1.0094834928311134	2.1105372649852643	1.0	1.0	1.0	1.0	1.0	1.0	1.0	1.0	1.0
0.6506144797250363	0.9456115514910978	1.9061522344750101	0.6426009820848018	0.9358281039459387	1.907834294208729	0.6437642168786867	0.935084926298356	1.8999943453039836	1.0	1.0	1.0	1.0	1.0	1.0	1.0	1.0	1.0
0.5788299091914478	0.9431873455287405	2.143804638151557	0.5750765708195742	0.9399379275729094	2.2057433668322872	0.5768882455008553	0.9417698377495678	2.198404769155088	1.0	1.0	1.0	1.0	1.0	1.0	1.0	1.0	1.0
0.5809254588365922	1.144380157619071	1.8706452844928274	0.5800068799904007	1.129653631339293	1.8994548460016032	0.5810207408050962	1.130261885869566	1.894396489197214	1.0	1.0	1.0	1.0	1.0	1.0	1.0	0.0	1.0
0.47383887658192897	0.9288147678941479	1.725282955986519	0.4710122748055969	0.9245318682932441	1.7689807343687547	0.4709337452989317	0.9268532156914724	1.7601534187879082	0.0	1.0	1.0	0.0	1.0	1.0	0.0	1.0	0.0
0.6190224693650797	1.0199086749451265	2.0675681842859563	0.6170861556362783	1.0065391257377803	2.1117620841428537	0.6177437109824366	1.0033020732608302	2.104721639864732	1.0	1.0	1.0	1.0	1.0	1.0	1.0	1.0	1.0
0.6099744307331193	0.9504299602691482	1.9245436336445152	0.6111516350609069	0.9547043247365599	1.9948655871718142	0.6118912561032094	0.9549066584109462	1.9823709972936312	1.0	1.0	1.0	1.0	1.0	1.0	1.0	1.0	1.0
0.6082655184896084	0.9572666566515353	2.174924923851257	0.612754687215479	0.9742324585507235	2.2320160541027088	0.6135606844239363	0.9694837242221986	2.2214953316212434	1.0	1.0	1.0	1.0	1.0	1.0	1.0	1.0	1.0
0.569210709492722	0.9520829876904807	2.035982399753426	0.562622536842006	0.9552318312547512	2.0539201196277066	0.5647658468273529	0.9542211562268839	2.045070386645415	1.0	1.0	1.0	1.0	1.0	1.0	1.0	1.0	1.0
0.5737762437986357	0.9179044893653375	1.9345230717324455	0.5701651544030801	0.8989495038841215	1.9918592940427156	0.5712994309825219	0.9011877282671343	1.9776405539556052	1.0	1.0	1.0	1.0	1.0	1.0	1.0	1.0	1.0
0.6091317920823965	0.9170845609094701	1.711363017198245	0.6054042943532544	0.9120005574254297	1.7538848285654662	0.6051918877070053	0.9135634110619674	1.7446822439333358	1.0	1.0	1.0	1.0	1.0	1.0	1.0	1.0	0.0
0.6260283636193342	0.9382830484461239	1.9447631779642527	0.6310608665952018	0.9303127532896732	1.969904496353675	0.632392600406608	0.9332902020497671	1.965149913875723	1.0	1.0	1.0	1.0	1.0	1.0	1.0	1.0	1.0
0.5777965295888595	0.9910340294900966	2.0669802869267278	0.5763280235133487	0.9980131348243834	2.097327093176735	0.5755781232236384	0.9964393894243178	2.0878231662695255	1.0	1.0	1.0	1.0	1.0	1.0	1.0	1.0	1.0
0.5756928512788734	0.6957001515803083	2.3222939762805317	0.5745441072765476	0.6896014594520686	2.3102693958239557	0.5756229160757175	0.6921962317195844	2.3078199886083217	1.0	0.0	1.0	1.0	0.0	0.0	1.0	0.0	0.0
0.6040582619751323	0.9363181391524338	1.9155592123560512	0.6012111583209384	0.9280350303966515	1.9313655538447956	0.6014565903566171	0.9291990469863322	1.9227367395321528	1.0	1.0	1.0	1.0	1.0	1.0	1.0	1.0	1.0
0.6330593557136773	0.8874854413324085	2.027364993910409	0.6318257061943112	0.8815331771063739	2.036467659061521	0.6338889962335876	0.8826318341363127	2.0244493126624272	1.0	1.0	1.0	1.0	1.0	1.0	1.0	0.0	1.0
0.6011124301032656	0.8760570111855509	2.013259038070834	0.6004806438244619	0.8768104920240465	2.030376519449909	0.6007603592676161	0.8759642139024755	2.021110791581938	1.0	1.0	1.0	1.0	1.0	1.0	1.0	0.0	1.0
0.6661749391542693	0.9250097230289162	2.046167114895707	0.6672028374115268	0.9134259364224989	2.1022075221017027	0.6676872962180824	0.9118544840346078	2.093923717315632	1.0	1.0	1.0	0.0	1.0	1.0	0.0	1.0	1.0
0.5959902978285312	1.0054468113569563	2.2803518600894166	0.5907736220230444	1.0114825341140203	2.269941091960637	0.5913330684360897	1.0107276529180602	2.2601664106992976	1.0	1.0	1.0	1.0	1.0	1.0	1.0	1.0	0.0
0.6250267053890332	1.066715948718138	2.2670003223019446	0.6256364808850453	1.0862279989277215	2.2989313005133614	0.6257118147066913	1.0836704352629507	2.2881699994223283	1.0	1.0	1.0	1.0	1.0	1.0	1.0	1.0	0.0
0.5533033237950721	1.02645209703939	2.06371726033769	0.5540217417182594	1.0103930258891525	2.0690587816546193	0.5537389258734027	1.0104271490925645	2.0621846879131502	1.0	1.0	1.0	1.0	1.0	1.0	1.0	1.0	1.0
0.6257147741105364	0.9658337749657704	2.156189130872428	0.6211399796093618	0.9887954345742593	2.178577417652835	0.6209736764698317	0.9886188617260363	2.1730476227086912	1.0	1.0	1.0	1.0	1.0	1.0	1.0	1.0	1.0
0.6167500747257922	1.0091775335187703	1.7991885203813966	0.615953057435726	1.011528351597454	1.852074276038974	0.6152403655702404	1.009313059258474	1.8490122422850674	1.0	1.0	1.0	1.0	1.0	1.0	1.0	1.0	1.0
0.5931950501476313	1.1386665035858237	1.8714634209581178	0.589717600324769	1.143579803210576	1.9151506117487282	0.5887233859349013	1.1430689343030918	1.899474067348196	1.0	1.0	1.0	1.0	0.0	1.0	1.0	0.0	1.0
0.5420447652284579	0.962341514934283	1.9931372344336524	0.5359005376495858	0.9593060679265768	2.020084321378018	0.5374138802136961	0.9570311847789437	2.0084959455620885	1.0	1.0	1.0	1.0	1.0	1.0	0.0	1.0	1.0
0.6133457917800016	0.8828166420558657	2.2265185499012086	0.6204350091527673	0.8866743967923325	2.2504363946764467	0.6214195845881552	0.8904336760462064	2.2446487637895363	1.0	1.0	1.0	1.0	1.0	1.0	1.0	1.0	1.0
0.5398931189728907	0.9565063755993476	2.107333006142881	0.5369889386231107	0.9384076607507623	2.1136417137028687	0.5359559433611821	0.9386298812829335	2.1105373241477103	1.0	1.0	1.0	1.0	1.0	1.0	1.0	1.0	1.0
0.5865219378585594	1.04752807223413	2.2426185827301035	0.5918861423403324	1.0585003097226628	2.298429285723033	0.5918482899935528	1.0591059770382332	2.286275253036332	1.0	1.0	1.0	1.0	1.0	0.0	1.0	1.0	0.0
0.5883309780331505	1.0271870031800814	2.2777016012252322	0.5902446331085254	1.0159013682873683	2.3125684794900825	0.5901304063747806	1.0162885162811535	2.296879195951169	1.0	1.0	1.0	1.0	1.0	0.0	1.0	1.0	0.0
0.5648752252078688	0.9639673470675525	1.7554413418853805	0.567110129848221	0.9734408801346397	1.7758532131209275	0.5672603235806541	0.9744730393891757	1.7619870695414654	1.0	1.0	1.0	1.0	1.0	1.0	1.0	1.0	1.0
0.606809269733204	1.0653237779585631	1.976632179780745	0.5998545749171752	1.0724825705251655	1.9869080333961742	0.6006459115113418	1.0750079130204355	1.9763573717894483	1.0	1.0	1.0	1.0	1.0	1.0	1.0	1.0	1.0
0.5925259138621881	1.011065433283888	1.9500235015259666	0.5898909694209589	1.021049551323904	1.9840872869836472	0.5903964173575951	1.0217524918930092	1.974862135670358	1.0	1.0	1.0	1.0	1.0	1.0	1.0	1.0	1.0
0.585740148700518	1.0078885763121963	1.800272827860999	0.5874870459963373	1.0102741804521156	1.8573211913414869	0.5894357185735594	1.0095762270175292	1.8413521033401623	1.0	1.0	1.0	1.0	1.0	1.0	1.0	1.0	1.0
0.5803606881436759	0.9303466720093833	1.8949612735719847	0.5734072151190661	0.9204111284465739	1.9003152458014156	0.5733754963751099	0.9178963898531146	1.887291603448908	1.0	1.0	1.0	1.0	1.0	1.0	1.0	1.0	1.0
0.5449451214648253	0.9723770415946197	1.9060606540362386	0.5416907618225527	0.9778749890811534	1.9221836888794788	0.5427357781209865	0.9771034587736834	1.9113086913858497	1.0	1.0	1.0	1.0	1.0	1.0	0.0	1.0	1.0
0.6433770282545237	0.913137526151546	2.1604346331926965	0.6434061162392113	0.918731651074676	2.199309504815788	0.6432944649954212	0.9186474923133912	2.187337404120951	1.0	1.0	1.0	1.0	1.0	1.0	1.0	1.0	1.0
0.6243895393100672	1.0936361566384574	2.0342362829560487	0.6273414157089862	1.1112984615731072	2.0822705668630483	0.6277149925352539	1.1128214759209865	2.0744909819132187	1.0	1.0	1.0	1.0	1.0	1.0	1.0	1.0	1.0
0.6710527782062188	0.875877273696114	2.030516112301874	0.6688368248139704	0.8716443767490523	2.0533984338416515	0.6693720079198755	0.8730989183471898	2.0428441232598398	1.0	1.0	1.0	0.0	1.0	1.0	0.0	0.0	1.0
0.5970497821322815	0.8104979979921968	2.234846295075424	0.5921350588632021	0.7972123039252996	2.257185329124423	0.5930804109692346	0.794594876867251	2.2512111794593728	1.0	0.0	1.0	1.0	0.0	1.0	1.0	0.0	0.0
0.6244124194778131	1.0889269885805488	2.17149540792785	0.6211349820018214	1.0858210025820991	2.2118871302996808	0.621646875651693	1.0882758391444005	2.1998094095777816	1.0	1.0	1.0	1.0	1.0	1.0	1.0	1.0	1.0
0.5900412939709611	0.9778230266598338	1.8086726982088834	0.5926622696116751	0.9897308987819016	1.839310539290721	0.5925399201277837	0.9885335554333499	1.8282327243274032	1.0	1.0	1.0	1.0	1.0	1.0	1.0	1.0	1.0
0.5747183930796009	1.0546774995973625	1.9318990553310444	0.5776661517721736	1.0672141827011568	1.9721105618217194	0.5771313187344042	1.0674055809969536	1.9614145362283368	1.0	1.0	1.0	1.0	1.0	1.0	1.0	1.0	1.0
0.584219079555595	0.9490252749417271	2.073964157718776	0.5836037175580329	0.9515927298063782	2.112807350718218	0.5832133700861782	0.9529584978749491	2.109006708153379	1.0	1.0	1.0	1.0	1.0	1.0	1.0	1.0	1.0
0.565215343924502	0.8520321316630343	1.8986120038440415	0.5717487818261365	0.861907767917731	1.9400060940646662	0.573093809894808	0.8591617494593147	1.935195407832873	1.0	1.0	1.0	1.0	0.0	1.0	1.0	0.0	1.0
0.5693618661584354	0.9475869056720941	2.0212719661571867	0.5701736179423823	0.9610626729910088	2.0497446362135117	0.5722289634238211	0.9591847512625933	2.0378796478952785	1.0	1.0	1.0	1.0	1.0	1.0	1.0	1.0	1.0
0.6440396625823774	0.9757439716437402	2.1014090650080814	0.6406483266348458	0.9799324052390559	2.139329924291184	0.642089337232326	0.9760387179686026	2.124493575430342	1.0	1.0	1.0	1.0	1.0	1.0	1.0	1.0	1.0
0.6419082743574063	1.0045319548660616	2.0076468632607316	0.6355326293225831	0.9966996111750092	2.0235744797286817	0.6359721816292927	0.9965579630598372	2.0133816241457616	1.0	1.0	1.0	1.0	1.0	1.0	1.0	1.0	1.0
0.6269500403394125	0.9722711874021085	1.8976302322854846	0.6278439716744683	0.9563156281861029	1.9597217586562714	0.6279293594227746	0.9585505972136565	1.9561656177749704	1.0	1.0	1.0	1.0	1.0	1.0	1.0	1.0	1.0
0.588526313281274	1.0080907124645384	2.141885868318944	0.5905472085115245	1.0094799948213573	2.175986424145466	0.5899249568440766	1.0086462526389743	2.1705947794741176	1.0	1.0	1.0	1.0	1.0	1.0	1.0	1.0	1.0
0.5482623816109035	0.9056703073572814	1.8130541581644684	0.5410791014194171	0.906135332015462	1.8422497497270125	0.5415287648286689	0.9020261813719495	1.8406996280488965	1.0	1.0	1.0	1.0	1.0	1.0	0.0	1.0	1.0
0.5707317740828697	1.0354280254781871	1.9681911553061222	0.5702585634223134	1.0277640316169567	2.003950567513022	0.5716425834461275	1.0287691504875642	1.993113353478214	1.0	1.0	1.0	1.0	1.0	1.0	1.0	1.0	1.0
0.6233528602591168	0.8705309209332467	1.9895692575441686	0.6200759069256855	0.8537351642076092	2.015051549189844	0.6212599930648774	0.8535455457027901	2.0066478568140775	1.0	1.0	1.0	1.0	0.0	1.0	1.0	0.0	1.0
0.5449423013709461	1.0851170847683025	1.9556759504614143	0.5462597314486776	1.0976910284226709	1.9855206855791532	0.5470820201009322	1.0999081106807687	1.9783516812759978	1.0	1.0	1.0	1.0	1.0	1.0	0.0	1.0	1.0
0.5828673221380638	1.0399862781944658	1.982999325434259	0.5822384087440226	1.0390506038310816	2.0478735180767687	0.5848193504504117	1.0392648432765532	2.032584284910839	1.0	1.0	1.0	1.0	1.0	1.0	1.0	1.0	1.0
0.566819575137145	1.000032433142773	2.1256788379209115	0.5644411401915093	0.9938323077383384	2.1435105930309604	0.5633876740980623	0.9968441218556563	2.125358937464724	1.0	1.0	1.0	1.0	1.0	1.0	1.0	1.0	1.0
0.6294078305240723	0.9945246841120529	2.1559051427253473	0.6246514638531925	0.9973152338214645	2.176126318843832	0.6251672769791417	0.9975483713241169	2.174191160424243	1.0	1.0	1.0	1.0	1.0	1.0	1.0	1.0	1.0
0.5857721184638109	1.2138296663370278	2.0383039589160052	0.5780749821616026	1.2218679565522816	2.0521427446324694	0.5795351211765492	1.223994443274961	2.04556393841514	1.0	0.0	1.0	1.0	0.0	1.0	1.0	0.0	1.0
0.6278815468295735	1.135941075849165	1.9780463843612133	0.6315034055981517	1.1292621948232502	2.051623494709937	0.6311334982753525	1.126561905479967	2.037378751659638	1.0	1.0	1.0	1.0	1.0	1.0	1.0	0.0	1.0
0.6331304435993272	0.9757663965601023	2.0128180198833476	0.6313738348645525	0.9630451770907472	2.0364095822919	0.6314525728419267	0.9660734016854502	2.0252490801304006	1.0	1.0	1.0	1.0	1.0	1.0	1.0	1.0	1.0
0.6161648317910433	0.935789508322983	2.130840532829599	0.6074415141140016	0.9350750291166565	2.1232377209829916	0.6097499788261834	0.9346984794334856	2.1106922125993286	1.0	1.0	1.0	1.0	1.0	1.0	1.0	1.0	1.0
0.5846058416119554	0.9847058134497666	2.0663679520011096	0.5959953351288386	0.9842717682036343	2.0938686329001746	0.5967322629746221	0.9832466910707808	2.07827217991634	1.0	1.0	1.0	1.0	1.0	1.0	1.0	1.0	1.0
0.6187252274632062	0.9575675874551992	2.218907326742802	0.6177070585823227	0.9626490046420996	2.2690204226168023	0.6178904091905086	0.9622701154688531	2.256867661490067	1.0	1.0	1.0	1.0	1.0	1.0	1.0	1.0	0.0
