0.6497126121388853	0.9045241364603129	0.29446720239495344	1.0	1.0	1.0	1.0	1.0	1.0	1.0	1.0	1.0
0.7301941715364132	0.6651061384357908	0.6308696472121474	1.0	1.0	1.0	1.0	0.0	1.0	1.0	0.0	0.0
0.6271977122577067	0.9289038415843703	0.26285999616626016	1.0	1.0	1.0	1.0	1.0	1.0	1.0	1.0	1.0
0.6307929611083316	0.8478159215399436	0.3119749827077364	1.0	1.0	1.0	1.0	1.0	1.0	1.0	1.0	1.0
0.6515895222113453	0.6604945354200242	0.7489541674694816	1.0	0.0	0.0	1.0	0.0	0.0	1.0	0.0	0.0
0.6224102451856292	0.9405105670316701	0.29736412562787007	1.0	1.0	1.0	1.0	1.0	1.0	1.0	1.0	1.0
0.6457721858140706	0.9101866471898243	0.36770608625046647	1.0	1.0	1.0	1.0	1.0	1.0	1.0	1.0	1.0
0.5653312825577582	0.777397608619523	0.5974656273974632	0.0	0.0	0.0	0.0	0.0	0.0	0.0	0.0	0.0
0.7871318905865683	0.7446517833316234	0.567239455517464	1.0	1.0	1.0	1.0	1.0	1.0	1.0	1.0	1.0
0.6738872891256864	0.9187402307485626	0.19353025649973574	1.0	1.0	1.0	1.0	1.0	1.0	1.0	1.0	1.0
0.7236804222129797	0.8701762409297967	0.3812656404152545	1.0	1.0	1.0	1.0	1.0	1.0	1.0	1.0	1.0
0.7378397624221096	0.9057498843259817	0.23537455107801267	1.0	1.0	1.0	1.0	1.0	1.0	0.0	1.0	1.0
0.7397851477723999	0.871942622537713	0.3734880949593946	1.0	1.0	1.0	1.0	1.0	1.0	1.0	1.0	1.0
0.7314032733083966	0.8811799993268137	0.4045565359919482	1.0	1.0	1.0	1.0	1.0	1.0	1.0	1.0	1.0
0.7261674997832565	0.7779223664851047	0.5376704394100832	1.0	1.0	1.0	1.0	1.0	1.0	1.0	1.0	1.0
0.6050358658282365	0.9279057783460634	0.3229907307451951	1.0	1.0	1.0	1.0	1.0	1.0	1.0	1.0	1.0
0.7326109908110908	0.8015744139894927	0.41164438754260996	1.0	1.0	1.0	1.0	1.0	1.0	1.0	1.0	1.0
0.6860792307814203	0.7543125896190812	0.5231755811650509	1.0	1.0	1.0	1.0	0.0	1.0	1.0	0.0	0.0
0.7484615790546857	0.8118799943137548	0.4285299060381203	1.0	1.0	1.0	1.0	1.0	1.0	1.0	1.0	1.0
0.7590348928792482	0.8976047320695164	0.40446839856759575	1.0	1.0	1.0	1.0	1.0	1.0	1.0	1.0	1.0
0.7347374732157627	0.948297533949311	0.2397182640412617	1.0	1.0	1.0	1.0	1.0	1.0	1.0	1.0	1.0
0.7959668088441478	0.853397283437503	0.447061468574188	1.0	1.0	1.0	1.0	1.0	1.0	1.0	1.0	1.0
0.6662578626230485	0.7735232267652206	0.5030987718579903	1.0	1.0	1.0	1.0	1.0	1.0	1.0	0.0	0.0
0.6549223932076416	0.8943479706624144	0.31511357547612256	1.0	1.0	1.0	1.0	1.0	1.0	1.0	1.0	1.0
0.7213915350843351	0.7857375174290014	0.5866166108954413	0.0	0.0	0.0	0.0	0.0	0.0	0.0	0.0	0.0
0.6781650869581238	0.8664354193332006	0.4531900579907385	1.0	1.0	1.0	1.0	1.0	1.0	1.0	1.0	1.0
0.5766012738211594	0.8483071230605768	0.5033696771406733	1.0	1.0	1.0	1.0	1.0	1.0	1.0	1.0	0.0
0.6940050234671127	0.908593077670604	0.280383163275051	1.0	1.0	1.0	1.0	1.0	1.0	1.0	1.0	1.0
0.6698479521126549	0.7854339870928826	0.4022140595665188	1.0	1.0	1.0	1.0	1.0	1.0	1.0	1.0	1.0
0.5598985594413011	0.9644598573910413	0.16645466215623572	1.0	1.0	1.0	1.0	1.0	1.0	1.0	1.0	1.0
0.7907966302622503	0.8588127157310279	0.475	1.0	1.0	1.0	1.0	1.0	1.0	1.0	1.0	1.0
0.8237226992560784	0.9286242553367643	0.2852050263185207	0.0	1.0	1.0	0.0	1.0	1.0	0.0	1.0	1.0
0.549143951512062	0.9158471968674788	0.34047978186129263	1.0	1.0	1.0	1.0	1.0	1.0	0.0	1.0	1.0
0.7402758582056449	0.8576290383317763	0.4356568532120751	1.0	1.0	1.0	1.0	1.0	1.0	1.0	0.0	0.0
0.832810540352681	0.8063784201972344	0.42838956090263547	0.0	1.0	1.0	0.0	0.0	0.0	0.0	0.0	0.0
0.7996562864710131	0.8986061911313006	0.26489680529582815	1.0	1.0	1.0	0.0	1.0	1.0	0.0	1.0	1.0
0.6650216981298748	0.9137554548105127	0.2872586227756268	1.0	1.0	1.0	1.0	1.0	1.0	1.0	1.0	1.0
0.759382213295378	0.8813597728051938	0.24689247076826476	1.0	1.0	1.0	1.0	1.0	1.0	0.0	1.0	1.0
0.7079532350724618	0.9258808669556104	0.3743226983805366	1.0	1.0	1.0	1.0	1.0	1.0	1.0	1.0	1.0
0.6509911057476209	0.8583582233545723	0.3818721543047268	1.0	1.0	1.0	1.0	1.0	1.0	1.0	1.0	1.0
0.6957711073115399	0.8373229593650238	0.49403157219553395	1.0	1.0	1.0	1.0	1.0	1.0	1.0	1.0	0.0
0.6130647788397745	0.9538711105182646	0.3096556696608183	1.0	1.0	1.0	1.0	0.0	1.0	1.0	0.0	1.0
0.6773598252404185	0.9542025516086304	0.25880108104477106	1.0	1.0	1.0	1.0	1.0	1.0	1.0	1.0	1.0
0.7597313055805407	0.7460958545858117	0.6253055832958084	1.0	1.0	1.0	1.0	1.0	0.0	1.0	0.0	0.0
0.6976483083874669	0.9317096619150962	0.318734418887206	1.0	1.0	1.0	1.0	0.0	1.0	1.0	0.0	0.0
0.6530135428166298	0.9286644965398239	0.33204021564414005	1.0	1.0	1.0	1.0	1.0	1.0	1.0	1.0	1.0
0.6734972961188267	0.8213626037186699	0.4359238245244354	1.0	1.0	1.0	1.0	1.0	1.0	1.0	1.0	1.0
0.7233968324637157	0.8572328083709649	0.27034583589254607	1.0	1.0	1.0	1.0	1.0	1.0	1.0	1.0	1.0
0.7219277758318751	0.7922344177849872	0.5388326623466645	1.0	1.0	1.0	1.0	1.0	1.0	1.0	0.0	0.0
0.7076751626228358	0.8945892314354726	0.30259528077245756	1.0	1.0	1.0	1.0	1.0	1.0	1.0	1.0	1.0
0.739110270961041	0.836824160918021	0.49499225044830936	1.0	1.0	1.0	1.0	1.0	1.0	0.0	1.0	1.0
0.626753188282211	0.9151194914111727	0.21753689811501	1.0	1.0	1.0	1.0	1.0	1.0	0.0	1.0	1.0
0.6402140838004845	0.8084974659812302	0.4177190003482084	1.0	1.0	1.0	1.0	0.0	1.0	1.0	0.0	1.0
0.8021654889376171	0.8781166465515515	0.3738734137273941	1.0	1.0	1.0	1.0	1.0	1.0	1.0	1.0	1.0
0.7328871182693772	0.7786315587129032	0.46601829044563614	0.0	0.0	0.0	0.0	0.0	0.0	0.0	0.0	0.0
0.6386643044261611	0.7358949567583866	0.7657419746953805	0.0	0.0	0.0	0.0	0.0	0.0	0.0	0.0	0.0
0.5749154593091439	0.9027891584965669	0.39781247928382396	1.0	1.0	1.0	1.0	1.0	1.0	0.0	1.0	1.0
0.7293573145280421	0.8989870281991348	0.4216959415206567	0.0	0.0	0.0	0.0	0.0	0.0	0.0	0.0	0.0
0.8268114918517222	0.8508479111546797	0.3256865294786295	0.0	1.0	1.0	0.0	1.0	1.0	0.0	1.0	1.0
0.7190957861645935	0.8981402968407061	0.36930959506296784	1.0	1.0	1.0	1.0	1.0	1.0	1.0	1.0	1.0
0.6471023417535665	0.7832149019494283	0.467352101517133	1.0	1.0	1.0	1.0	1.0	1.0	1.0	1.0	1.0
0.4918096162641261	0.963125204722956	0.2536584892264433	1.0	1.0	1.0	1.0	1.0	1.0	1.0	1.0	1.0
0.6830203293186302	0.973516288172369	0.1345888241576207	1.0	1.0	0.0	1.0	0.0	0.0	1.0	0.0	0.0
0.6154428865603456	0.8830190472212182	0.3000208862132253	1.0	1.0	1.0	0.0	1.0	1.0	0.0	1.0	1.0
0.7118528655585938	0.929742088770607	0.2902064026078966	1.0	1.0	1.0	1.0	1.0	1.0	1.0	1.0	1.0
0.6192268726007483	0.7367450069617031	0.5977512486650925	0.0	0.0	0.0	0.0	0.0	0.0	0.0	0.0	0.0
0.7137994930195287	0.8593771695621956	0.42608021765315895	1.0	1.0	1.0	1.0	1.0	1.0	1.0	1.0	1.0
0.5974513447182757	0.7116411925671774	0.3719856011843502	1.0	1.0	1.0	0.0	0.0	1.0	0.0	0.0	1.0
0.6009246990920348	0.6645304707070248	0.6902330767171183	1.0	0.0	1.0	1.0	0.0	0.0	1.0	0.0	0.0
0.6108008180708249	0.7509759188428841	0.6249743131278961	0.0	0.0	0.0	0.0	0.0	0.0	0.0	0.0	0.0
0.5687909843859473	0.960579055083048	0.1967137619523523	1.0	1.0	1.0	1.0	1.0	1.0	1.0	1.0	1.0
0.6434026429468548	0.9215079786452284	0.35977492145434836	1.0	1.0	1.0	1.0	1.0	1.0	1.0	1.0	1.0
0.6522172980062224	0.9713217459012805	0.18356844260707927	1.0	1.0	1.0	1.0	0.0	0.0	1.0	0.0	0.0
0.7434797298243934	0.8726104624765108	0.2605407189209841	1.0	1.0	1.0	1.0	1.0	1.0	1.0	1.0	1.0
0.748012642043982	0.8327332450057225	0.5224473410081215	1.0	1.0	1.0	1.0	1.0	1.0	1.0	1.0	1.0
0.6933068440255789	0.8849477367737635	0.42585236801800863	1.0	1.0	1.0	1.0	1.0	1.0	1.0	1.0	1.0
0.6876742325537976	0.8169521201712993	0.4047842416534671	1.0	1.0	1.0	1.0	1.0	1.0	1.0	1.0	1.0
0.7023487970297457	0.9285945533481854	0.24396335488236304	1.0	1.0	0.0	1.0	1.0	0.0	1.0	1.0	0.0
0.6402262828165456	0.9255905253451011	0.2305793162406521	1.0	1.0	1.0	1.0	1.0	1.0	1.0	1.0	1.0
0.707535215619158	0.8877600442412503	0.29914095336725255	1.0	1.0	1.0	1.0	1.0	1.0	1.0	1.0	1.0
0.7600671078921882	0.8133997895953675	0.41634481432327514	1.0	1.0	1.0	1.0	1.0	1.0	1.0	0.0	1.0
0.6679091078805108	0.8005066914130015	0.43288246956761595	1.0	1.0	1.0	1.0	1.0	1.0	1.0	1.0	1.0
0.7919561671177977	0.9424528810485377	0.29095287537643955	1.0	1.0	1.0	1.0	1.0	1.0	1.0	1.0	1.0
0.6030606255049066	0.8382222432226365	0.4391957843401927	1.0	1.0	1.0	1.0	1.0	1.0	1.0	1.0	1.0
0.5758671441460046	0.9616341763813078	0.30879932274270994	1.0	0.0	1.0	1.0	0.0	1.0	1.0	0.0	1.0
0.6832556386753427	0.8692229352520884	0.3791240388921032	1.0	1.0	1.0	1.0	1.0	1.0	1.0	1.0	0.0
0.6641096656935711	0.8232088978569246	0.3549102833590647	1.0	1.0	1.0	1.0	1.0	1.0	1.0	1.0	1.0
0.727792746231924	0.8816451318775622	0.4672044407087532	1.0	1.0	1.0	1.0	1.0	1.0	1.0	1.0	0.0
0.7363025992833925	0.8118233690867941	0.48667155604452506	1.0	1.0	1.0	1.0	1.0	1.0	1.0	1.0	1.0
0.7049562691926531	0.8092864279025246	0.500773639617224	1.0	1.0	1.0	1.0	1.0	1.0	1.0	1.0	1.0
0.6705302803679395	0.9183448584294862	0.3007651965304875	1.0	1.0	1.0	1.0	1.0	1.0	1.0	1.0	1.0
0.6632359380578959	0.9273386783581468	0.24232121266008844	1.0	1.0	1.0	1.0	1.0	1.0	1.0	1.0	1.0
0.6178164794376212	0.9372076589121198	0.35420277898036323	1.0	1.0	1.0	1.0	1.0	1.0	1.0	1.0	1.0
0.6160867272128477	0.7313175683675637	0.4345286257770327	1.0	1.0	1.0	1.0	1.0	1.0	0.0	0.0	1.0
0.6931542951349225	0.8712438854591421	0.4981978590528407	1.0	1.0	1.0	1.0	1.0	1.0	1.0	1.0	0.0
0.6127253110487005	0.8322080231936972	0.5458585702257683	1.0	1.0	1.0	1.0	1.0	1.0	1.0	1.0	1.0
0.6702626867595481	0.5998353252226138	0.46309197717090833	0.0	0.0	0.0	0.0	0.0	0.0	0.0	0.0	0.0
0.7943091594899602	0.8386363315097692	0.3163856052887248	1.0	1.0	1.0	1.0	1.0	1.0	0.0	1.0	1.0
0.7206169447114122	0.844526711850512	0.4951872836103813	1.0	1.0	1.0	1.0	1.0	1.0	1.0	1.0	1.0
0.6809683279679053	0.895013414598983	0.40996814566049833	0.0	1.0	0.0	0.0	1.0	0.0	0.0	1.0	0.0
0.7559971278521807	0.8495827750350716	0.4108414287924168	1.0	1.0	1.0	1.0	1.0	1.0	1.0	1.0	1.0
0.6494085423317167	0.9049873609769642	0.33893299209057104	1.0	1.0	1.0	1.0	1.0	1.0	1.0	1.0	1.0
0.8555068548713791	0.8503750412286718	0.5923469932764437	1.0	1.0	1.0	0.0	1.0	1.0	0.0	1.0	0.0
0.6257613218702928	0.7927409025009101	0.5464465050244005	1.0	1.0	1.0	1.0	1.0	1.0	1.0	1.0	1.0
0.6014692540124619	0.8152252139764286	0.5012854474988148	1.0	1.0	1.0	1.0	1.0	1.0	0.0	1.0	1.0
0.6073996141423457	0.8510572973263835	0.40179766784840876	1.0	1.0	1.0	1.0	1.0	1.0	0.0	0.0	1.0
0.6227183628409977	0.8028591342948878	0.4649637726965153	1.0	1.0	1.0	1.0	1.0	1.0	1.0	1.0	1.0
0.6023927058338857	0.9047953134788411	0.431622251705407	1.0	1.0	1.0	1.0	1.0	1.0	1.0	1.0	1.0
0.7198329388200896	0.8361985463643976	0.4227443251109695	1.0	1.0	1.0	1.0	1.0	1.0	1.0	1.0	1.0
0.7045974548163145	0.7503111973231237	0.5390963854214188	1.0	1.0	1.0	1.0	0.0	0.0	1.0	0.0	0.0
0.8110410007276622	0.9377882511823058	0.22628464898407272	1.0	1.0	1.0	1.0	1.0	1.0	1.0	1.0	1.0
0.6232669083297031	0.8542213290126186	0.4166404017691288	1.0	1.0	1.0	1.0	1.0	1.0	1.0	1.0	1.0
0.6407714761206422	0.9342135697173081	0.28161666863566476	1.0	1.0	1.0	1.0	1.0	1.0	1.0	1.0	1.0
0.757044155358401	0.8370569658841679	0.45222256580255893	1.0	1.0	1.0	1.0	1.0	0.0	1.0	0.0	0.0
0.7099534257456718	0.9333210293415605	0.28721117568773646	1.0	1.0	1.0	1.0	1.0	1.0	1.0	1.0	1.0
0.5960496023193464	0.8583537903925005	0.40623403433806216	0.0	0.0	0.0	0.0	0.0	0.0	0.0	0.0	0.0
0.6276043448904418	0.9401415026291099	0.2582032952132278	1.0	1.0	1.0	1.0	1.0	1.0	1.0	1.0	1.0
0.6127724256355424	0.8402946796284778	0.5131902440034971	1.0	1.0	1.0	1.0	1.0	1.0	1.0	1.0	1.0
0.5959885236558007	0.8831731996329069	0.4028796513081392	1.0	1.0	1.0	1.0	1.0	1.0	1.0	1.0	1.0
0.6056966013182383	0.9096315572851689	0.3099323694449039	1.0	1.0	1.0	1.0	1.0	1.0	1.0	1.0	1.0
0.7279346822222981	0.7182434708344426	0.6444341880632736	1.0	1.0	1.0	1.0	1.0	1.0	1.0	0.0	0.0
0.5784040451137475	0.8273079680954991	0.5058920623795842	1.0	1.0	1.0	1.0	1.0	1.0	1.0	0.0	0.0
0.7429399088738696	0.8953425391260286	0.4863725866689629	0.0	1.0	1.0	0.0	1.0	1.0	0.0	1.0	1.0
0.6237079406518484	0.8875172990605626	0.3944978745055447	1.0	1.0	1.0	1.0	1.0	1.0	1.0	1.0	1.0
0.8387453143457464	0.7583053245191254	0.46141888699146943	0.0	1.0	1.0	0.0	0.0	1.0	0.0	0.0	1.0
0.682518884187822	0.9390636550785599	0.2568501820034906	1.0	1.0	1.0	1.0	1.0	1.0	1.0	1.0	1.0
0.7890872498162866	0.8757434077970346	0.4451305537085431	1.0	0.0	1.0	1.0	0.0	0.0	1.0	0.0	0.0
0.6692976768803903	0.8290705944787263	0.4952632911193865	1.0	1.0	1.0	1.0	1.0	1.0	1.0	1.0	1.0
0.8305044339650555	0.7185303582586303	0.4263494927222456	0.0	1.0	1.0	0.0	0.0	1.0	0.0	0.0	1.0
0.7397047317274802	0.8432689159127656	0.559474345959714	1.0	1.0	1.0	1.0	1.0	0.0	1.0	1.0	0.0
0.6299567847523483	0.9272224597300175	0.314887041442101	1.0	1.0	1.0	1.0	1.0	1.0	1.0	1.0	1.0
0.6456488920487237	0.6797199572702506	0.7189230960044923	0.0	0.0	0.0	0.0	0.0	0.0	0.0	0.0	0.0
0.6799236487097582	0.6215530612523358	0.7389991442998041	1.0	0.0	0.0	1.0	0.0	0.0	1.0	0.0	0.0
0.608549884485695	0.88804160232298	0.4212834169954926	1.0	1.0	1.0	1.0	1.0	1.0	1.0	1.0	1.0
0.6978352903533689	0.7901611843844355	0.46377397337633824	1.0	1.0	1.0	1.0	1.0	1.0	1.0	1.0	1.0
0.6870527342029301	0.9461661845994155	0.28237889716920594	1.0	0.0	0.0	1.0	0.0	0.0	1.0	0.0	0.0
0.5443605755664612	0.9136494270672377	0.371061078858698	1.0	1.0	1.0	1.0	1.0	1.0	0.0	1.0	1.0
0.6746430131178542	0.8757367463516619	0.30576049343876965	1.0	1.0	1.0	1.0	1.0	1.0	1.0	1.0	1.0
0.7351660026634442	0.8110348411986622	0.4528622214602952	1.0	1.0	1.0	1.0	1.0	1.0	0.0	0.0	1.0
0.6169250644194233	0.8386538655673889	0.4194472810244299	1.0	1.0	1.0	1.0	1.0	1.0	1.0	1.0	1.0
0.6469803139269248	0.8604010881794685	0.37243084781323976	1.0	1.0	1.0	1.0	1.0	1.0	1.0	1.0	1.0
0.6238937271728088	0.7668884343623302	0.4156429248435622	1.0	1.0	1.0	0.0	1.0	1.0	0.0	0.0	1.0
0.6834028603265173	0.881247050525293	0.3059800766296237	1.0	1.0	1.0	1.0	1.0	1.0	1.0	1.0	1.0
0.7591763671527272	0.8893314105034651	0.38204097570366286	1.0	1.0	1.0	1.0	1.0	1.0	1.0	1.0	1.0
0.7088135642630512	0.7914240870264705	0.49319406427222623	1.0	1.0	1.0	1.0	0.0	0.0	1.0	0.0	0.0
0.6858153557180646	0.8090452446597561	0.435246399204516	1.0	1.0	1.0	1.0	1.0	1.0	1.0	0.0	1.0
0.6864978643844956	0.9309147359171801	0.27634183152465097	1.0	1.0	1.0	1.0	1.0	1.0	1.0	1.0	1.0
0.6398214152520596	0.7985334547879178	0.5076960769033689	0.0	0.0	0.0	0.0	0.0	0.0	0.0	0.0	0.0
0.7015873091746233	0.9013789584214696	0.39227891230245776	1.0	1.0	1.0	1.0	1.0	1.0	1.0	1.0	1.0
0.6931204597427113	0.8674574183679657	0.4764028505350285	1.0	1.0	1.0	1.0	1.0	1.0	1.0	1.0	1.0
0.6714043977426947	0.9188009184116047	0.2961891313169682	1.0	1.0	1.0	1.0	1.0	1.0	1.0	1.0	1.0
0.7252421815147626	0.8526420365766351	0.3880216353932003	1.0	1.0	1.0	1.0	1.0	1.0	1.0	1.0	1.0
0.7036224969430666	0.9224635641092853	0.3013389034353317	1.0	1.0	1.0	1.0	1.0	1.0	1.0	1.0	1.0
0.6346900123520205	0.7620631458668449	0.44597640442945113	1.0	0.0	1.0	1.0	0.0	1.0	1.0	0.0	1.0
0.721704631145224	0.9253768002413391	0.281816611221239	1.0	1.0	1.0	1.0	1.0	1.0	1.0	1.0	1.0
0.739662616912187	0.9415722948364561	0.21430090038111022	1.0	1.0	1.0	1.0	1.0	1.0	1.0	1.0	1.0
0.6827515653961891	0.8730579593547346	0.41223396325626843	1.0	1.0	1.0	1.0	1.0	1.0	1.0	1.0	0.0
0.6646326444508637	0.8389988641394116	0.5022895543601935	1.0	1.0	1.0	1.0	1.0	1.0	1.0	1.0	0.0
0.7541694662641978	0.8837856566280802	0.3962573134732359	1.0	1.0	1.0	1.0	1.0	1.0	1.0	1.0	1.0
0.5561586273691502	0.855754420433201	0.4906727176024755	1.0	1.0	1.0	1.0	1.0	1.0	0.0	1.0	1.0
0.5659313713617129	0.8194864392695067	0.5384374639375962	1.0	1.0	1.0	1.0	1.0	1.0	1.0	1.0	1.0
0.6133792984952026	0.8270710549989381	0.5245338650990113	1.0	1.0	1.0	1.0	1.0	1.0	1.0	1.0	1.0
0.6104412948566084	0.6982426282362667	0.7244365120704678	0.0	0.0	0.0	0.0	0.0	0.0	0.0	0.0	0.0
0.8083420966852066	0.7602548618846896	0.8077760119977373	0.0	0.0	1.0	0.0	0.0	1.0	0.0	0.0	0.0
0.5785972943423741	0.8262110991275823	0.565335343778718	1.0	1.0	1.0	1.0	1.0	1.0	1.0	1.0	1.0
0.5451495149989781	0.9525342323880234	0.30619064916375976	1.0	1.0	1.0	1.0	1.0	1.0	1.0	1.0	1.0
0.6706274554805775	0.7147970418945737	0.5705381206154433	1.0	0.0	1.0	1.0	0.0	0.0	1.0	0.0	0.0
0.6554907380473727	0.6866266729513237	0.5176847125214964	1.0	1.0	1.0	1.0	1.0	1.0	1.0	0.0	1.0
0.7574972466013127	0.8567317889094208	0.47503152106090435	1.0	1.0	1.0	1.0	1.0	1.0	1.0	1.0	1.0
0.6634617061162841	0.851900340443246	0.3628408481592552	1.0	1.0	1.0	1.0	1.0	1.0	1.0	1.0	1.0
0.7347250080659912	0.6797833376171243	0.39723818078735784	1.0	1.0	1.0	1.0	0.0	1.0	1.0	0.0	1.0
0.7503096979031999	0.8761613211980358	0.37549466434347895	1.0	1.0	1.0	1.0	1.0	1.0	1.0	1.0	1.0
0.6222389178125267	0.8465359009880671	0.4097682830403055	1.0	1.0	1.0	1.0	1.0	1.0	1.0	1.0	1.0
0.7058167989277706	0.7429756700685729	0.4968336926734307	1.0	0.0	1.0	1.0	0.0	1.0	1.0	0.0	0.0
0.6689992768371794	0.7939217165934064	0.5561574735314617	1.0	1.0	1.0	1.0	0.0	0.0	1.0	0.0	0.0
0.6270899316054226	0.5478011330414787	0.4924706901800696	1.0	1.0	1.0	1.0	0.0	1.0	0.0	0.0	1.0
0.8146587462859224	0.6385759865746967	0.4946235470684519	0.0	0.0	1.0	0.0	0.0	1.0	0.0	0.0	1.0
0.6627463683897589	0.8161596361996194	0.5496628799465829	1.0	1.0	0.0	1.0	0.0	0.0	1.0	0.0	0.0
0.593839705583691	0.746785446042508	0.576988313560587	1.0	1.0	1.0	1.0	1.0	0.0	1.0	0.0	0.0
0.7620519305131024	0.8623654316828544	0.3731450609860619	1.0	1.0	1.0	1.0	1.0	1.0	1.0	0.0	1.0
0.7066859207172731	0.8130065774272448	0.2975387228474591	1.0	1.0	1.0	1.0	1.0	1.0	1.0	1.0	1.0
0.6200407968925552	0.9270961889311399	0.20997391580570485	1.0	1.0	1.0	1.0	1.0	1.0	1.0	1.0	1.0
0.5647515823280524	0.8251589905284593	0.44978726974192096	0.0	1.0	1.0	0.0	1.0	0.0	0.0	0.0	0.0
0.6366402737269586	0.8607801782139014	0.420056091969602	1.0	1.0	1.0	1.0	0.0	1.0	1.0	0.0	0.0
0.6055323281515237	0.9340535502747691	0.2588193536497921	1.0	1.0	1.0	1.0	1.0	1.0	1.0	1.0	1.0
0.6154814775874718	0.8935395027012402	0.28992397754118815	1.0	1.0	1.0	1.0	1.0	1.0	1.0	1.0	1.0
0.6573118080765594	0.3689683677083027	0.46915316323444317	1.0	1.0	1.0	1.0	1.0	1.0	1.0	0.0	1.0
0.6930109682112701	0.7678765385577864	0.467448661845118	1.0	0.0	1.0	1.0	0.0	0.0	1.0	0.0	0.0
0.7172207099769469	0.7843258644778065	0.4771343667788662	1.0	1.0	1.0	1.0	1.0	1.0	1.0	1.0	1.0
0.5885690631361759	0.9186551121912758	0.35047973092949497	1.0	1.0	1.0	1.0	1.0	1.0	1.0	1.0	1.0
0.7198172359085229	0.9286806244624206	0.264818325064342	1.0	1.0	1.0	1.0	1.0	1.0	1.0	1.0	1.0
0.6774366762663194	0.6881710799589447	0.5810533104637	1.0	0.0	0.0	1.0	0.0	0.0	1.0	0.0	0.0
0.6579602683791222	0.8727413226924526	0.38533678111001857	1.0	1.0	1.0	1.0	1.0	1.0	1.0	1.0	1.0
0.6059320367046338	0.8909373218687675	0.3699711090597466	1.0	1.0	1.0	1.0	1.0	1.0	1.0	1.0	1.0
0.7030725774752333	0.8689134597279589	0.3132450371655165	1.0	1.0	1.0	1.0	1.0	1.0	1.0	1.0	1.0
0.6048189629674019	0.7939827678763817	0.4590181625623509	1.0	1.0	1.0	1.0	1.0	1.0	0.0	1.0	1.0
0.7534255085866496	0.9246362749365089	0.3083549328744406	1.0	1.0	1.0	1.0	1.0	1.0	1.0	1.0	1.0
0.6469646963236605	0.924920315164185	0.3581277194925873	1.0	1.0	1.0	1.0	1.0	1.0	1.0	1.0	1.0
0.6858500194406608	0.9279158191008986	0.32195460758093775	1.0	1.0	1.0	1.0	1.0	1.0	1.0	1.0	1.0
0.6435915562325838	0.6513582266578629	0.7654995016615992	1.0	1.0	1.0	1.0	1.0	0.0	1.0	1.0	0.0
0.6943986694972121	0.7205618472173492	0.6717449826221557	1.0	1.0	1.0	1.0	1.0	0.0	1.0	0.0	0.0
0.6451834271836587	0.9838399080046755	0.2160990386416448	1.0	0.0	0.0	1.0	0.0	0.0	1.0	0.0	0.0
0.676415604918938	0.8456115860068312	0.5170527537858498	1.0	1.0	1.0	1.0	1.0	1.0	1.0	1.0	0.0
0.6651381260182104	0.8983023831867223	0.3692711346931352	1.0	1.0	1.0	1.0	1.0	1.0	1.0	1.0	1.0
0.7679343152144513	0.8718619153688083	0.2755720459341435	1.0	1.0	1.0	1.0	1.0	1.0	1.0	1.0	1.0
0.7000527691566862	0.8206542134975794	0.3127732996074742	1.0	1.0	1.0	1.0	1.0	1.0	1.0	1.0	1.0
0.7222752287033009	0.9507883770458533	0.17901655767376295	1.0	1.0	1.0	1.0	1.0	1.0	1.0	1.0	1.0
0.5780276913882746	0.8079152797280735	0.5101059227056484	1.0	1.0	1.0	0.0	1.0	1.0	0.0	1.0	1.0
0.8117381392824573	0.7926665031362684	0.4513981873232146	1.0	1.0	1.0	1.0	1.0	1.0	1.0	1.0	1.0
0.5612190189248024	0.9245345576026762	0.38417692920095475	1.0	1.0	1.0	1.0	1.0	1.0	1.0	1.0	1.0
0.6455212802554595	0.939393410363418	0.38998142638632494	1.0	1.0	1.0	1.0	1.0	1.0	1.0	1.0	1.0
0.70427938110386	0.8935798423927476	0.3820618952422416	1.0	1.0	1.0	1.0	1.0	1.0	1.0	1.0	1.0
0.7301714752169992	0.9284362682779623	0.32180440720045583	1.0	1.0	1.0	1.0	1.0	1.0	1.0	1.0	1.0
0.595511530375422	0.9036452006601254	0.34072618163110663	1.0	1.0	1.0	1.0	1.0	1.0	1.0	1.0	1.0
0.6283749929064933	0.8811639783181292	0.2323663403944048	1.0	1.0	1.0	1.0	1.0	1.0	0.0	1.0	1.0
0.6499671748366206	0.8108011301148004	0.46119240857415383	1.0	1.0	1.0	1.0	1.0	1.0	1.0	1.0	1.0
0.7570490982840881	0.8248754641908963	0.5446062528274823	1.0	1.0	1.0	1.0	1.0	1.0	1.0	1.0	1.0
0.6050954713197884	0.8573664292810687	0.3815213002643208	1.0	1.0	1.0	1.0	1.0	1.0	0.0	1.0	1.0
0.6961988519108457	0.9237704278723426	0.331978345729628	1.0	1.0	1.0	1.0	1.0	1.0	1.0	1.0	1.0
0.6133226143173217	0.8397151947002847	0.4282353827371633	1.0	1.0	1.0	1.0	1.0	1.0	1.0	1.0	1.0
0.6588890018766712	0.5687040615773519	0.9955184179500255	0.0	0.0	0.0	0.0	0.0	0.0	0.0	0.0	0.0
0.7577785552794688	0.8970147364430976	0.37315365098200337	1.0	1.0	1.0	1.0	1.0	1.0	1.0	1.0	1.0
0.7194351931013989	0.8371062373071892	0.49491315367127703	1.0	1.0	1.0	1.0	1.0	1.0	1.0	1.0	1.0
0.6913763041299289	0.8760799836902524	0.41518730815409666	1.0	1.0	1.0	1.0	1.0	1.0	1.0	1.0	1.0
0.6253850347922203	0.8558798721084535	0.4042170685233977	1.0	1.0	1.0	1.0	1.0	1.0	1.0	1.0	1.0
0.6991619862990931	0.8830266843538587	0.3761260808889013	1.0	1.0	1.0	1.0	1.0	1.0	1.0	1.0	1.0
0.7122989987574954	0.927674468931551	0.309744504261587	1.0	1.0	1.0	1.0	1.0	1.0	1.0	1.0	1.0
0.7151577090534188	0.8911084675411193	0.340164890447043	1.0	1.0	1.0	1.0	1.0	1.0	1.0	1.0	1.0
0.7205295581431375	0.878457591962062	0.34507670327894013	1.0	1.0	1.0	1.0	1.0	1.0	1.0	1.0	1.0
0.6169424996747545	0.7774986373077328	0.4779260660039066	1.0	1.0	1.0	1.0	1.0	1.0	0.0	0.0	1.0
0.6886686080403795	0.8543342988593596	0.3688467729393242	1.0	0.0	0.0	1.0	0.0	0.0	1.0	0.0	0.0
0.5551459958072897	0.7574446502920865	0.5053362094705108	0.0	1.0	1.0	0.0	1.0	1.0	0.0	1.0	1.0
0.7127242273491091	0.8853365738684639	0.46028789238815543	1.0	1.0	1.0	1.0	1.0	1.0	1.0	1.0	1.0
0.6666724808862226	0.7005910887402153	0.7553192543215452	0.0	0.0	0.0	0.0	0.0	0.0	0.0	0.0	0.0
0.7468406552682672	0.9013642035964173	0.2427505684142779	1.0	1.0	1.0	1.0	1.0	1.0	0.0	1.0	1.0
0.7581707223315007	0.8629286858949468	0.36193210534513914	1.0	1.0	1.0	1.0	1.0	1.0	1.0	1.0	1.0
0.5909590047407439	0.9587915820630847	0.22634702493223147	1.0	1.0	1.0	1.0	1.0	1.0	1.0	1.0	1.0
0.7281164478083527	0.8384858594275539	0.37456900303736573	1.0	1.0	1.0	1.0	1.0	1.0	1.0	1.0	1.0
0.6921679378242237	0.8510771126074946	0.4106197270159482	1.0	1.0	1.0	1.0	1.0	1.0	1.0	1.0	1.0
0.7158181270960897	0.8967504501734094	0.30603897682077	1.0	1.0	1.0	1.0	1.0	1.0	1.0	1.0	1.0
0.6362265315555079	0.8390127080000969	0.3148055098227337	1.0	1.0	1.0	0.0	1.0	1.0	0.0	0.0	1.0
0.6466379892257218	0.6476432578051825	0.8320561658614227	0.0	0.0	0.0	0.0	0.0	0.0	0.0	0.0	0.0
0.8123439137817492	0.8645197557236559	0.45499795581742575	1.0	1.0	1.0	1.0	1.0	1.0	1.0	1.0	1.0
0.7058967621595019	0.5696791523519569	0.4879807219267623	0.0	0.0	0.0	0.0	0.0	0.0	0.0	0.0	0.0
0.7469404728030353	0.7238231414395283	0.43287813906868344	1.0	1.0	1.0	1.0	0.0	1.0	0.0	0.0	1.0
0.6873942761293239	0.8141011301334895	0.4378299545372051	1.0	1.0	1.0	1.0	1.0	1.0	1.0	1.0	1.0
0.693153860051894	0.7006942412244794	0.5058810287358687	1.0	1.0	1.0	1.0	1.0	1.0	1.0	1.0	1.0
0.6828665703464428	0.8446518432034911	0.44173963179532194	1.0	1.0	1.0	1.0	1.0	1.0	1.0	1.0	0.0
0.7329467388929845	0.8381172623206313	0.3735782787615527	1.0	1.0	1.0	1.0	1.0	1.0	1.0	1.0	1.0
0.6877105449404525	0.901435100309802	0.2977402722527077	1.0	1.0	1.0	1.0	1.0	1.0	1.0	1.0	1.0
0.6356378666262047	0.8548955416550461	0.5395705137020924	0.0	0.0	0.0	0.0	0.0	0.0	0.0	0.0	0.0
0.6710424756641518	0.9053740638432616	0.31762876530628575	1.0	1.0	1.0	1.0	1.0	1.0	1.0	1.0	1.0
0.6724580966066687	0.8389071833575337	0.52337642452942	1.0	1.0	1.0	1.0	1.0	1.0	1.0	1.0	0.0
0.6230831005915337	0.8856568868998118	0.4090296473488724	1.0	1.0	1.0	1.0	1.0	1.0	1.0	1.0	1.0
0.6211726402491075	0.7866783836926896	0.35728426499535754	1.0	1.0	1.0	1.0	1.0	1.0	0.0	1.0	1.0
0.7171078830828903	0.7524958930387456	0.654493070710255	0.0	0.0	0.0	0.0	0.0	0.0	0.0	0.0	0.0
0.733882159128138	0.8972374995887743	0.3100491142150829	1.0	1.0	1.0	1.0	1.0	1.0	1.0	1.0	1.0
0.7060734317312154	0.8325923744941609	0.475	1.0	1.0	1.0	1.0	1.0	1.0	1.0	1.0	1.0
0.7139582234174369	0.8155502915602255	0.48488294139341437	1.0	1.0	1.0	1.0	0.0	0.0	1.0	0.0	0.0
0.6763656997192345	0.8762152973418805	0.3138238567154622	1.0	1.0	1.0	1.0	1.0	1.0	1.0	1.0	1.0
0.6981432662528951	0.8474816390424206	0.43707022599550155	1.0	1.0	1.0	1.0	1.0	1.0	1.0	1.0	1.0
0.8365219364467182	0.806877251325885	0.4696007836337453	0.0	1.0	1.0	0.0	0.0	1.0	0.0	0.0	0.0
0.7447213036799456	0.9134723035731467	0.27224294787399006	1.0	1.0	1.0	1.0	1.0	1.0	1.0	1.0	1.0
0.617998157090581	0.9268595894548156	0.3729742734880844	1.0	1.0	1.0	1.0	1.0	1.0	1.0	1.0	1.0
0.7571550797706665	0.6367267386273084	0.6411808119745498	1.0	1.0	1.0	0.0	0.0	0.0	0.0	0.0	0.0
0.5859921698463298	0.8661090763465391	0.3690430744479889	1.0	1.0	1.0	1.0	1.0	1.0	0.0	1.0	1.0
0.7201909686643753	0.8195619495438351	0.4360577992907905	1.0	1.0	1.0	1.0	1.0	1.0	1.0	1.0	1.0
0.6030936694598253	0.8802018041561568	0.3492981671856563	1.0	1.0	1.0	1.0	1.0	1.0	1.0	1.0	1.0
0.6723225062286602	0.8456579868144924	0.3933488196863662	1.0	1.0	1.0	1.0	1.0	1.0	1.0	1.0	1.0
0.7840371291196913	0.9431508205136508	0.27075248779221317	1.0	1.0	1.0	1.0	1.0	1.0	1.0	1.0	1.0
0.5803182341775139	0.9292888709924967	0.36565405372176507	1.0	1.0	1.0	1.0	1.0	1.0	0.0	1.0	1.0
0.6776527302552602	0.8550458406362967	0.3054731045609797	1.0	1.0	1.0	1.0	1.0	1.0	1.0	1.0	1.0
0.7293517246232514	0.8247282553601526	0.4722499885750766	0.0	0.0	0.0	0.0	0.0	0.0	0.0	0.0	0.0
0.6144193361090384	0.8645502061981175	0.42075510713904735	1.0	1.0	1.0	1.0	1.0	1.0	1.0	1.0	1.0
0.6461961427793007	0.7410550497004988	0.601372282989856	1.0	1.0	1.0	1.0	1.0	1.0	1.0	0.0	1.0
0.7256829118923783	0.7712629869695921	0.44149118157459943	1.0	1.0	1.0	1.0	1.0	1.0	1.0	0.0	1.0
0.9457425314395826	0.9578088751423975	0.2853473520366107	1.0	0.0	1.0	1.0	0.0	1.0	1.0	0.0	1.0
0.6448676348335483	0.8495344712946532	0.4495827510058131	1.0	1.0	1.0	0.0	1.0	1.0	0.0	1.0	1.0
0.5615174861847668	0.6384099877870267	0.7251603126410501	0.0	0.0	0.0	0.0	0.0	0.0	0.0	0.0	0.0
0.5924742811286077	0.8846214713965089	0.4244522553949954	1.0	1.0	1.0	1.0	1.0	1.0	1.0	1.0	1.0
0.6310612156577012	0.6951415722089919	0.6371852736634686	1.0	0.0	0.0	1.0	0.0	0.0	1.0	0.0	0.0
0.6760694412863099	0.88014946086722	0.31053859019019103	1.0	1.0	1.0	1.0	1.0	1.0	1.0	1.0	1.0
0.5957966088460187	0.8713721105147305	0.4188649125835986	1.0	1.0	1.0	1.0	1.0	1.0	1.0	1.0	1.0
0.7889565778580808	0.8148334083672842	0.5487217960107068	1.0	1.0	1.0	0.0	1.0	1.0	0.0	1.0	1.0
0.6929460455641557	0.9186619364334505	0.3518416786685268	1.0	1.0	1.0	1.0	1.0	1.0	1.0	1.0	1.0
0.6146842569322927	0.8732621497060454	0.4774994453592135	1.0	1.0	1.0	1.0	1.0	1.0	1.0	1.0	1.0
0.7137108173481782	0.8670403634552907	0.49081403947001767	1.0	1.0	1.0	1.0	1.0	1.0	1.0	1.0	1.0
0.6078412067045201	0.8457464192073753	0.425199859005446	1.0	1.0	1.0	1.0	1.0	1.0	1.0	1.0	1.0
0.6744232786093811	0.728081611278098	0.378728053770076	1.0	1.0	1.0	1.0	0.0	1.0	1.0	0.0	1.0
0.628432353490595	0.9351132645629733	0.2920908232236964	1.0	1.0	1.0	1.0	1.0	1.0	1.0	1.0	1.0
0.6987396498539508	0.9039121175459081	0.350407259982117	1.0	1.0	1.0	1.0	1.0	1.0	1.0	1.0	1.0
0.8242627934089457	0.882749036487132	0.27014878548040255	1.0	1.0	1.0	0.0	1.0	1.0	0.0	1.0	1.0
0.6241411892492821	0.9176031502533322	0.2737984169260048	1.0	1.0	1.0	1.0	1.0	1.0	1.0	1.0	1.0
0.6712715987225867	0.872144749288609	0.4264901535799668	1.0	1.0	1.0	1.0	1.0	1.0	1.0	1.0	1.0
0.7110423591759261	0.8820441723945807	0.30596707281991425	1.0	1.0	1.0	1.0	1.0	1.0	1.0	1.0	1.0
0.6786779363826063	0.90394525464186	0.22372766016758028	1.0	1.0	1.0	1.0	1.0	1.0	1.0	1.0	1.0
0.638360723671238	0.8760782577435278	0.3948198036710914	1.0	1.0	1.0	1.0	1.0	1.0	1.0	1.0	1.0
0.6618829314929336	0.8373211150170107	0.3397779302039548	1.0	1.0	1.0	1.0	1.0	1.0	1.0	1.0	1.0
0.703317742208847	0.8101188836782803	0.4707751932384389	1.0	1.0	1.0	1.0	1.0	1.0	1.0	1.0	1.0
0.5752344605606488	0.8874457398164682	0.3772946277455394	1.0	1.0	1.0	1.0	1.0	1.0	1.0	1.0	1.0
0.7746849437119387	0.8254523868542893	0.5266144186476215	0.0	0.0	0.0	0.0	0.0	0.0	0.0	0.0	0.0
0.678934231628521	0.8959993364129826	0.4024131503088884	1.0	1.0	1.0	1.0	1.0	1.0	1.0	1.0	0.0
0.7980995980472885	0.5923493366356021	0.4630938226004046	1.0	1.0	1.0	0.0	1.0	1.0	0.0	1.0	1.0
0.760879140957136	0.8558275851697071	0.4496215486300867	1.0	1.0	1.0	1.0	1.0	1.0	1.0	1.0	1.0
0.7044053217671796	0.8697135947330855	0.395388079946759	1.0	1.0	1.0	1.0	1.0	1.0	1.0	1.0	1.0
0.8672999107865736	0.7047186643114078	0.8341746437994028	0.0	0.0	0.0	0.0	0.0	0.0	0.0	0.0	0.0
0.7924804863257957	0.7367899865109602	0.47588785000601386	0.0	1.0	1.0	0.0	0.0	1.0	0.0	0.0	1.0
0.7466164700214386	0.9659152943218214	0.17938779714345635	1.0	0.0	1.0	1.0	0.0	0.0	1.0	0.0	0.0
0.6194769507210538	0.8534533138903998	0.3873319678694807	1.0	1.0	1.0	1.0	1.0	1.0	1.0	1.0	1.0
0.5769401672440434	0.896685300968871	0.31418302866569836	1.0	1.0	1.0	1.0	1.0	1.0	1.0	1.0	0.0
0.8222689223307448	0.9424651124155699	0.288960930893932	1.0	1.0	1.0	1.0	1.0	1.0	1.0	1.0	1.0
0.7737887903067358	0.8359543687296319	0.23776410825917974	1.0	1.0	1.0	0.0	1.0	1.0	0.0	1.0	1.0
0.705299181204072	0.8904799694838073	0.3504465679381482	1.0	1.0	1.0	1.0	1.0	1.0	1.0	1.0	1.0
0.6768486111131814	0.8570336588740816	0.4483389329042138	1.0	1.0	1.0	1.0	1.0	1.0	1.0	1.0	1.0
0.8398447485668723	0.8045081400927844	0.43304532940694374	0.0	0.0	0.0	0.0	0.0	0.0	0.0	0.0	0.0
0.6756446510659652	0.8974411723300815	0.4677492138073251	1.0	1.0	1.0	1.0	1.0	1.0	1.0	1.0	1.0
0.8063150628039341	0.8640652002964746	0.3938666728877335	1.0	1.0	1.0	1.0	1.0	1.0	1.0	1.0	1.0
0.7346159109610648	0.8627965615694759	0.2868880960516864	1.0	1.0	1.0	1.0	1.0	1.0	1.0	1.0	1.0
0.7115058595582741	0.8885581238411158	0.40344525042988744	1.0	1.0	1.0	1.0	1.0	1.0	1.0	1.0	1.0
0.6592259930607329	0.8232346309335957	0.38961599453582896	1.0	1.0	1.0	1.0	1.0	1.0	1.0	0.0	1.0
0.7080565193180883	0.7711502378689095	0.5229605602193212	1.0	1.0	1.0	1.0	1.0	0.0	1.0	0.0	0.0
0.6922390130963725	0.8540452071502735	0.4139495892297347	1.0	1.0	1.0	1.0	1.0	1.0	1.0	1.0	1.0
0.7072616417132908	0.9169955601123403	0.2200360229139489	1.0	1.0	1.0	1.0	1.0	1.0	1.0	1.0	1.0
0.6987287563832572	0.9318873638007601	0.38293685957464907	1.0	1.0	1.0	1.0	1.0	1.0	1.0	1.0	1.0
0.6630025379529131	0.7881422760454253	0.5093682716229515	1.0	1.0	1.0	1.0	1.0	1.0	1.0	1.0	1.0
0.7441926702780095	0.8330508963563917	0.26031907956579037	1.0	1.0	1.0	1.0	1.0	1.0	1.0	1.0	1.0
0.7071821948134698	0.7193096361456957	0.6536187183778763	1.0	0.0	1.0	1.0	0.0	1.0	1.0	0.0	0.0
0.6319898333652986	0.9587167851633795	0.19126274534879303	1.0	1.0	1.0	1.0	1.0	1.0	1.0	1.0	1.0
0.6797405688427379	0.9201277222646793	0.32399299754871913	1.0	1.0	1.0	1.0	1.0	1.0	1.0	1.0	1.0
0.6084859015564886	0.9400839666355387	0.23464755728231165	1.0	1.0	1.0	1.0	1.0	1.0	1.0	1.0	0.0
0.7017637265299089	0.8410791451909847	0.3845328984582873	1.0	1.0	1.0	1.0	1.0	1.0	1.0	1.0	1.0
0.7892635149810091	0.8827720456113826	0.4133946524647362	1.0	1.0	1.0	1.0	1.0	1.0	0.0	1.0	1.0
0.5658915210432248	0.7990668672958819	0.4803112544738031	1.0	1.0	1.0	0.0	1.0	1.0	0.0	1.0	1.0
0.7077580142790187	0.7519430020908088	0.4886560170265454	1.0	1.0	1.0	1.0	1.0	1.0	1.0	1.0	1.0
0.6109512008202721	0.9410834079548848	0.2701035834373945	1.0	1.0	1.0	1.0	1.0	1.0	1.0	1.0	1.0
0.6900896888322552	0.9237159137829686	0.30487565417822743	1.0	1.0	1.0	1.0	1.0	1.0	1.0	1.0	1.0
0.7286948048365126	0.9171904206481701	0.43613503828275196	1.0	1.0	1.0	1.0	1.0	1.0	1.0	1.0	1.0
0.7654063865428857	0.8691060966800024	0.38606251192786495	1.0	1.0	1.0	1.0	1.0	1.0	1.0	1.0	1.0
0.6286921198741229	0.913083134939201	0.45242981235532764	1.0	0.0	0.0	1.0	0.0	0.0	1.0	0.0	0.0
0.674097072612502	0.922958868741846	0.26525407719501626	1.0	1.0	1.0	1.0	1.0	1.0	1.0	1.0	1.0
0.5980759402516908	0.8051647118912492	0.6264011619626182	1.0	1.0	1.0	1.0	1.0	1.0	1.0	1.0	1.0
0.5938977393352	0.8209604892574084	0.5224849410746227	1.0	1.0	1.0	1.0	1.0	0.0	0.0	0.0	0.0
0.7218394953442772	0.8103950804476598	0.3402612143993405	1.0	1.0	1.0	1.0	1.0	1.0	1.0	1.0	1.0
0.7447026211752357	0.9027750226784886	0.3666913230040596	1.0	1.0	1.0	1.0	1.0	1.0	1.0	1.0	1.0
0.6912078213539866	0.9222383917295182	0.31501341407897376	1.0	1.0	1.0	1.0	1.0	1.0	1.0	1.0	1.0
0.5981060644723443	0.8482092402876966	0.501146737802057	1.0	1.0	1.0	1.0	1.0	1.0	0.0	1.0	1.0
0.7547685419932603	0.9213222491465703	0.2427435898170692	1.0	1.0	1.0	1.0	1.0	1.0	1.0	1.0	1.0
0.7206982355829716	0.8954290735365147	0.2692182163002041	1.0	1.0	1.0	1.0	1.0	1.0	1.0	1.0	1.0
0.6049672778357962	0.916524108826834	0.2984029801690639	1.0	1.0	1.0	1.0	1.0	1.0	1.0	1.0	1.0
0.6835080889615999	0.8868414526900353	0.45222991498370885	1.0	1.0	1.0	1.0	1.0	1.0	1.0	1.0	1.0
0.6496167499873757	0.6224259614329095	0.5123872017393589	1.0	0.0	1.0	1.0	0.0	1.0	1.0	0.0	0.0
0.49683114400343936	0.8469460649292763	0.4865895771611386	0.0	1.0	1.0	0.0	1.0	1.0	0.0	0.0	1.0
0.6255237664228014	0.8559133148089428	0.44174307659762174	1.0	1.0	1.0	1.0	1.0	1.0	1.0	1.0	1.0
0.5765689032320688	0.6265251611803487	0.755727131573123	1.0	0.0	0.0	0.0	0.0	0.0	0.0	0.0	0.0
0.7354666005940302	0.8795033598762505	0.4150611807507476	1.0	1.0	1.0	1.0	1.0	1.0	1.0	1.0	1.0
0.695058446093439	0.8912317738429483	0.44459890025884463	1.0	1.0	1.0	1.0	1.0	1.0	1.0	1.0	1.0
0.6189698406102841	0.8659885160222138	0.40106092097981216	1.0	1.0	1.0	1.0	1.0	1.0	1.0	1.0	1.0
0.7642388999908603	0.9068910164476006	0.3833896729578309	1.0	1.0	1.0	1.0	1.0	1.0	0.0	1.0	1.0
0.669449676404196	0.9090933569288163	0.36520619570889906	1.0	1.0	1.0	1.0	1.0	1.0	1.0	1.0	1.0
0.674007116835325	0.8602242536905188	0.3966543558038761	1.0	1.0	1.0	1.0	1.0	1.0	1.0	1.0	1.0
0.838447743099034	0.8603791109752015	0.4750000000916321	1.0	1.0	1.0	0.0	1.0	1.0	0.0	1.0	1.0
0.6472845780666251	0.918802646260403	0.31992017263945594	1.0	1.0	1.0	1.0	1.0	1.0	1.0	1.0	1.0
0.8088001406890517	0.9162916147152778	0.23234952963496586	1.0	1.0	1.0	0.0	1.0	1.0	0.0	1.0	1.0
0.6772269959324819	0.8934155266432338	0.24708061406023132	1.0	1.0	1.0	1.0	1.0	1.0	1.0	1.0	1.0
0.6558538966691349	0.8862446794636415	0.43964270865344535	1.0	1.0	1.0	1.0	1.0	1.0	1.0	1.0	1.0
0.6914063957076612	0.8439019535456567	0.44381476935486625	1.0	1.0	1.0	1.0	1.0	1.0	1.0	1.0	1.0
0.6565206611173683	0.8436156751818299	0.2676607773259908	1.0	1.0	1.0	1.0	1.0	1.0	1.0	1.0	1.0
0.705468974578436	0.9100065433688332	0.28325848150674054	1.0	1.0	1.0	1.0	1.0	1.0	1.0	1.0	1.0
0.7062514960741623	0.6652336536397393	0.509920188337024	1.0	1.0	1.0	1.0	1.0	1.0	1.0	0.0	1.0
0.6724025591923471	0.8729572718914017	0.4287703364103709	1.0	1.0	1.0	1.0	1.0	1.0	1.0	1.0	1.0
0.6860481095374832	0.8976327992373707	0.2673758058543369	1.0	1.0	1.0	1.0	1.0	1.0	1.0	1.0	1.0
0.5194379773468052	0.7971726897855267	0.5815518287902854	1.0	1.0	1.0	1.0	1.0	0.0	0.0	0.0	0.0
0.7346049692284662	0.7489252530266345	0.44574581846487527	1.0	1.0	1.0	1.0	1.0	1.0	1.0	1.0	1.0
0.7144874671128035	0.8804761107452147	0.5233022656330208	1.0	1.0	0.0	1.0	1.0	0.0	1.0	1.0	0.0
0.6605820834878464	0.8327988368957266	0.3220335718556737	1.0	1.0	1.0	1.0	1.0	1.0	1.0	1.0	1.0
0.6753306615327641	0.8190552304911307	0.5084454333375263	1.0	1.0	1.0	1.0	1.0	1.0	1.0	0.0	1.0
0.6748777541800381	0.7778810480687842	0.43454380614371335	1.0	1.0	1.0	1.0	1.0	1.0	1.0	1.0	1.0
0.6992936373949884	0.7709018315110774	0.4649123845420215	1.0	1.0	1.0	1.0	1.0	1.0	1.0	1.0	1.0
0.6579720483250284	0.8320432106692971	0.4073500903059339	1.0	1.0	1.0	1.0	1.0	1.0	1.0	1.0	1.0
0.6791971603135366	0.7650111294482316	0.5015141889230246	1.0	1.0	1.0	1.0	1.0	1.0	1.0	0.0	1.0
0.7070279329804884	0.8456770026804125	0.5504381575647916	1.0	1.0	0.0	1.0	1.0	0.0	1.0	1.0	0.0
0.7216586892353053	0.9350400691135927	0.23416998589011923	1.0	1.0	1.0	1.0	1.0	1.0	1.0	1.0	1.0
0.7455639688152212	0.6751576810521844	0.7362785704080224	1.0	0.0	1.0	1.0	0.0	0.0	1.0	0.0	0.0
0.5851236902617128	0.803857120680426	0.6826311100992012	0.0	0.0	0.0	0.0	0.0	0.0	0.0	0.0	0.0
0.6402154312620052	0.8232467666704928	0.5285293560551775	1.0	1.0	1.0	1.0	1.0	1.0	1.0	1.0	1.0
0.683784448208938	0.918418845425881	0.2925436580530829	1.0	1.0	1.0	1.0	1.0	1.0	1.0	1.0	1.0
0.7660167948594544	0.9039960376512651	0.2768030640549414	1.0	1.0	1.0	1.0	1.0	1.0	1.0	1.0	1.0
0.6839355592595786	0.8860090234878174	0.2921425723695337	1.0	1.0	1.0	1.0	1.0	1.0	1.0	1.0	1.0
0.7029180336084008	0.9389143681381151	0.25918856447411515	1.0	1.0	1.0	1.0	1.0	1.0	1.0	1.0	1.0
0.6004401703113703	0.9617735339038694	0.14998921175113303	1.0	1.0	0.0	1.0	1.0	0.0	1.0	1.0	0.0
0.7753860044889246	0.7204909096941261	0.342521015523782	1.0	1.0	1.0	1.0	1.0	1.0	0.0	0.0	1.0
0.746163138910581	0.8920230947416095	0.35727048118959814	1.0	1.0	1.0	1.0	1.0	1.0	1.0	1.0	1.0
0.61526927395888	0.9076021437690237	0.28643952640407394	1.0	1.0	1.0	1.0	1.0	1.0	1.0	1.0	1.0
0.7157752583992677	0.73952511681827	0.4316894142383192	1.0	1.0	1.0	1.0	0.0	1.0	1.0	0.0	1.0
0.706652804965255	0.9337711816129746	0.3010227773877766	1.0	1.0	1.0	1.0	1.0	1.0	1.0	1.0	1.0
0.6014989323662528	0.8013082014348616	0.4892813850365094	1.0	1.0	1.0	1.0	1.0	1.0	1.0	1.0	1.0
0.6307634494347274	0.932117002800638	0.28490100026808457	0.0	0.0	0.0	0.0	0.0	0.0	0.0	0.0	0.0
0.7596937849446633	0.8672747464723497	0.3708816926915131	1.0	1.0	1.0	1.0	1.0	1.0	1.0	1.0	1.0
0.778712311097918	0.9098949767602559	0.39547603471788867	0.0	1.0	1.0	0.0	1.0	1.0	0.0	1.0	1.0
0.6080157792121911	0.8282248636722714	0.37284309226478507	1.0	1.0	1.0	0.0	1.0	1.0	0.0	1.0	1.0
0.5888932727380876	0.8761223983829509	0.4256007913216119	1.0	1.0	1.0	1.0	1.0	1.0	1.0	1.0	1.0
0.7583972321294886	0.8577639497980593	0.24574816407243558	1.0	1.0	1.0	1.0	1.0	1.0	0.0	1.0	1.0
0.5943000267196126	0.8250719478183809	0.4595395798007085	1.0	1.0	1.0	1.0	1.0	1.0	1.0	1.0	1.0
0.5784161962370727	0.8466560770575559	0.603884853198765	0.0	0.0	0.0	0.0	0.0	0.0	0.0	0.0	0.0
0.9341385715536671	0.9702718996459584	0.2827720337867357	0.0	0.0	0.0	0.0	0.0	0.0	0.0	0.0	0.0
0.6425588048354077	0.9084094153299279	0.392813914743383	1.0	1.0	1.0	1.0	1.0	1.0	1.0	1.0	1.0
0.5383614105226734	0.8604043980746389	0.5230212900098486	1.0	1.0	0.0	0.0	1.0	0.0	0.0	1.0	0.0
0.6606853696345337	0.7738144937570709	0.38978922856738235	1.0	1.0	1.0	1.0	1.0	1.0	1.0	1.0	1.0
0.6160205144515848	0.6670571838055621	0.7709672035711588	1.0	0.0	0.0	1.0	0.0	0.0	1.0	0.0	0.0
0.6752956519316945	0.8443979606725701	0.40893903139127713	1.0	1.0	1.0	1.0	1.0	1.0	1.0	1.0	1.0
0.6583767741864491	0.8411666908662392	0.36757101043267815	1.0	1.0	1.0	1.0	1.0	1.0	1.0	1.0	1.0
0.7297382753688698	0.9169894396398175	0.21627787302742776	1.0	1.0	1.0	1.0	1.0	1.0	1.0	1.0	1.0
0.7053237464510723	0.9215825453319079	0.31791010669284053	1.0	1.0	1.0	1.0	1.0	1.0	1.0	1.0	1.0
0.677208933826976	0.8396827782712741	0.32495473722492924	1.0	1.0	1.0	1.0	1.0	1.0	1.0	1.0	1.0
0.6612959060948483	0.8904632169137692	0.35807041564288766	1.0	1.0	1.0	1.0	1.0	1.0	1.0	1.0	1.0
0.5746887994578819	0.8876657905524755	0.41481108632409186	1.0	1.0	1.0	1.0	1.0	1.0	1.0	1.0	1.0
0.5780947036669061	0.8724056553961262	0.33172072414356574	1.0	1.0	1.0	1.0	1.0	1.0	1.0	1.0	1.0
0.8116053812037654	0.8593712183693804	0.4240850234956498	1.0	1.0	1.0	1.0	1.0	1.0	0.0	1.0	1.0
0.5608814113361464	0.9597236158464963	0.24379839432450884	1.0	0.0	1.0	1.0	0.0	1.0	1.0	0.0	1.0
0.7420334512686626	0.8979620720045127	0.3232595155034524	1.0	1.0	1.0	1.0	1.0	1.0	1.0	1.0	1.0
0.5911019960716327	0.7735429143296184	0.40414068649375895	1.0	1.0	1.0	0.0	1.0	1.0	0.0	0.0	1.0
0.712992346105682	0.9224488920427872	0.2904687520958503	1.0	1.0	1.0	1.0	1.0	1.0	1.0	1.0	1.0
0.766196386429951	0.8118526345367545	0.44791479036436155	1.0	1.0	1.0	1.0	1.0	1.0	1.0	1.0	1.0
0.8298750823419851	0.8370448381325124	0.5032303847553062	1.0	1.0	1.0	1.0	1.0	1.0	1.0	1.0	1.0
0.7984970565100419	0.8995497406450881	0.4124472449995482	1.0	1.0	1.0	1.0	1.0	1.0	1.0	1.0	1.0
0.7348766872109339	0.8638427794432109	0.36328171494192735	1.0	1.0	1.0	1.0	1.0	1.0	1.0	1.0	1.0
0.7669883939455673	0.8154633650825774	0.45970092165370413	1.0	1.0	1.0	1.0	1.0	1.0	1.0	0.0	1.0
0.6838127256119249	0.8763849086275163	0.34429708682287813	1.0	1.0	1.0	1.0	1.0	1.0	1.0	1.0	1.0
0.6484107437974842	0.8409948368447399	0.34269892500738847	1.0	1.0	1.0	1.0	1.0	1.0	1.0	1.0	1.0
0.6282701370204017	0.5805613814383266	0.6018998986935099	1.0	1.0	1.0	0.0	0.0	1.0	0.0	0.0	0.0
0.6994335752044639	0.8369396690696242	0.5402597510908854	1.0	1.0	1.0	1.0	1.0	1.0	1.0	1.0	1.0
0.6858981579481266	0.9152951247705218	0.33829047546053825	1.0	1.0	1.0	1.0	1.0	1.0	1.0	1.0	1.0
0.7262517316027494	0.9205681453756639	0.2997542470423846	1.0	1.0	1.0	1.0	1.0	1.0	1.0	0.0	1.0
0.6319824655647696	0.7942877599511367	0.5294952170849005	1.0	1.0	1.0	1.0	0.0	0.0	1.0	0.0	0.0
0.7453815542433722	0.8797038909834622	0.42886600781391343	1.0	1.0	1.0	1.0	1.0	1.0	1.0	1.0	0.0
0.6395569547661871	0.889512618193601	0.3241756420832162	1.0	1.0	1.0	1.0	1.0	1.0	1.0	1.0	1.0
0.7906704158960416	0.9007188696643904	0.29852881486692184	1.0	1.0	1.0	1.0	1.0	1.0	1.0	1.0	1.0
0.7753724469064947	0.8848537897446368	0.3596254501982569	1.0	1.0	1.0	1.0	1.0	1.0	1.0	1.0	1.0
0.6504254377838342	0.8273948816949644	0.38365526768650354	1.0	1.0	1.0	1.0	1.0	1.0	1.0	1.0	1.0
0.6748190134060549	0.6357495683382105	0.7448738179852948	1.0	1.0	1.0	1.0	0.0	0.0	1.0	0.0	0.0
0.7121377130611438	0.826022603035116	0.35199768314233604	1.0	1.0	1.0	1.0	1.0	1.0	1.0	1.0	1.0
0.8408517121514347	0.8070786387074529	0.436952027750851	0.0	1.0	1.0	0.0	1.0	1.0	0.0	1.0	1.0
0.6914096848861757	0.9337596859886722	0.3467050821336033	1.0	1.0	1.0	1.0	1.0	1.0	1.0	1.0	1.0
0.6776649788034883	0.8751126531294264	0.297657171735394	1.0	1.0	1.0	1.0	1.0	1.0	1.0	1.0	1.0
0.6160865306647415	0.9363822769339212	0.29063130206099175	1.0	0.0	1.0	1.0	0.0	0.0	1.0	0.0	0.0
1.1374835722379297	0.9493817955696527	0.5005349430712188	0.0	0.0	0.0	0.0	0.0	0.0	0.0	0.0	0.0
0.7239559879033035	0.85992876709908	0.4059633979206529	1.0	1.0	1.0	1.0	1.0	1.0	1.0	1.0	1.0
0.6068798784250301	0.8158939368095929	0.3536655777441881	1.0	1.0	1.0	1.0	1.0	1.0	0.0	1.0	1.0
0.6491641588331623	0.8585931594507956	0.27361270206150207	1.0	1.0	1.0	1.0	1.0	1.0	1.0	1.0	1.0
0.6884119204731388	0.8194158052974131	0.5279622372551992	1.0	1.0	0.0	1.0	0.0	0.0	1.0	0.0	0.0
0.8285229625608318	0.8279369878884936	0.4010867165948295	1.0	1.0	1.0	0.0	1.0	1.0	0.0	1.0	1.0
0.7797271544193981	0.9233945777826476	0.3009961011622605	1.0	1.0	1.0	1.0	1.0	1.0	1.0	1.0	1.0
0.6612713708896184	0.8779565094390881	0.4214437756882167	1.0	1.0	1.0	1.0	1.0	1.0	1.0	1.0	1.0
0.7798022293573627	0.8352924706259366	0.44631801085478545	1.0	1.0	1.0	1.0	1.0	1.0	1.0	1.0	1.0
0.7083877678973463	0.8245297922574603	0.3992718866616765	1.0	1.0	1.0	1.0	1.0	1.0	1.0	1.0	1.0
0.6223771944576166	0.9048589005060506	0.3532248581729335	1.0	1.0	1.0	1.0	1.0	1.0	1.0	1.0	1.0
0.637510652081109	0.8683135781143052	0.3775733562147276	1.0	1.0	1.0	1.0	1.0	1.0	1.0	1.0	1.0
0.74610402678833	0.8845249547372148	0.2723906329157975	1.0	1.0	1.0	1.0	1.0	1.0	1.0	1.0	1.0
0.642436344277366	0.8938474827414054	0.2674369830608461	0.0	0.0	0.0	0.0	0.0	0.0	0.0	0.0	0.0
0.617856285608901	0.9097642234036836	0.3179280974965395	1.0	1.0	1.0	1.0	1.0	1.0	1.0	1.0	1.0
0.6657178465043805	0.8135249811561922	0.49901956481603776	1.0	1.0	1.0	1.0	1.0	1.0	1.0	1.0	1.0
0.7778768856623445	0.8244368972826922	0.3362213115312127	1.0	1.0	1.0	0.0	1.0	1.0	0.0	1.0	1.0
0.6657880586286996	0.32383090445808904	0.6920574952730437	1.0	0.0	1.0	1.0	0.0	0.0	1.0	0.0	0.0
0.7357139813501837	0.7561992862941544	0.48868805228271284	1.0	1.0	1.0	1.0	1.0	1.0	1.0	1.0	1.0
0.6349546140489055	0.855411576797428	0.531163451760099	1.0	1.0	1.0	1.0	1.0	1.0	1.0	1.0	1.0
0.6345295243333174	0.7560901842586144	0.5684069376164961	1.0	1.0	1.0	1.0	1.0	1.0	1.0	1.0	1.0
0.8669507315151275	0.9085174393862236	0.37786900612544727	1.0	1.0	1.0	0.0	1.0	1.0	0.0	1.0	1.0
0.8284624100276266	0.9235970663361044	0.22019678823952366	1.0	1.0	1.0	1.0	1.0	1.0	0.0	1.0	1.0
0.624643239139922	0.9374055196839147	0.19259781417925576	0.0	0.0	0.0	0.0	0.0	0.0	0.0	0.0	0.0
0.6829264845783114	0.8301375595291083	0.41324466988648045	1.0	1.0	1.0	1.0	1.0	1.0	1.0	0.0	1.0
0.8167485096434559	0.7787109057746895	0.3791171398814488	0.0	1.0	1.0	0.0	1.0	1.0	0.0	0.0	1.0
0.6071488280031625	0.837053598251665	0.34671794189113714	1.0	1.0	1.0	1.0	1.0	1.0	1.0	1.0	1.0
0.7004116302554434	0.8875114722393592	0.30734770884499185	1.0	1.0	1.0	1.0	1.0	1.0	1.0	1.0	1.0
0.6626299347923531	0.8945834411864464	0.3369765569097378	1.0	1.0	1.0	1.0	1.0	1.0	1.0	1.0	1.0
0.7434284241167118	0.8563420219330634	0.5820095823602245	1.0	1.0	1.0	1.0	1.0	0.0	1.0	1.0	0.0
0.6834073192313075	0.924681793860609	0.2530114777664689	1.0	1.0	1.0	1.0	1.0	1.0	1.0	1.0	1.0
0.6004907145484227	0.7317893473967904	0.7115859052740195	0.0	0.0	0.0	0.0	0.0	0.0	0.0	0.0	0.0
0.6861950771617032	0.829473400714585	0.3386298157775372	1.0	1.0	1.0	1.0	1.0	1.0	1.0	1.0	1.0
0.6354711883572698	0.8448997437124851	0.4752398266787616	1.0	1.0	1.0	1.0	1.0	1.0	1.0	1.0	1.0
0.7689633685163045	0.9358858565647126	0.2526886146004346	1.0	1.0	1.0	1.0	1.0	1.0	1.0	1.0	1.0
0.8358138605086812	0.8868928324826147	0.4404888609585637	0.0	0.0	0.0	0.0	0.0	0.0	0.0	0.0	0.0
0.6881577420567613	0.9457613222170049	0.2436893214037334	1.0	1.0	1.0	1.0	1.0	1.0	1.0	1.0	1.0
0.8063141404112474	0.8753006024762702	0.39757684223932516	1.0	1.0	1.0	0.0	1.0	1.0	0.0	1.0	1.0
0.7014057808189292	0.8754152541347962	0.4908369063710223	1.0	1.0	1.0	1.0	1.0	1.0	1.0	1.0	1.0
0.6948378147919405	0.8445229234664993	0.4185575166491007	1.0	1.0	1.0	1.0	1.0	1.0	1.0	1.0	1.0
0.6461297450293093	0.8253462732501797	0.478958971056308	0.0	0.0	0.0	0.0	0.0	0.0	0.0	0.0	0.0
0.7671573166257178	0.9112212483464478	0.3444983782616269	1.0	1.0	1.0	1.0	1.0	1.0	1.0	1.0	1.0
0.6258027958054196	0.89142838089709	0.40488685661609897	1.0	1.0	1.0	1.0	1.0	1.0	1.0	1.0	1.0
0.7024363035944916	0.9034412541212894	0.30330741584710236	1.0	1.0	1.0	1.0	1.0	1.0	1.0	1.0	1.0
0.679766086116673	0.884928494259744	0.28363537658647914	1.0	1.0	1.0	1.0	1.0	1.0	1.0	1.0	1.0
0.7825818241143258	0.796197786681008	0.40065231034394266	0.0	0.0	0.0	0.0	0.0	0.0	0.0	0.0	0.0
0.671512785155776	0.889180713204954	0.4003880619818527	1.0	1.0	1.0	1.0	1.0	1.0	1.0	1.0	1.0
0.6772574867007253	0.94276025186117	0.25147788796696213	1.0	1.0	1.0	1.0	1.0	1.0	1.0	1.0	1.0
0.6877720806555587	0.8539667811350939	0.3557325415533947	1.0	1.0	1.0	1.0	1.0	1.0	1.0	1.0	1.0
0.5547900190714092	0.8754023053036294	0.497015963113132	1.0	1.0	1.0	1.0	1.0	0.0	0.0	0.0	0.0
0.6792065476349127	0.809306538086274	0.3954565274325156	1.0	1.0	1.0	1.0	1.0	1.0	1.0	1.0	1.0
0.6114178909475125	0.8683172439451398	0.5542590575412712	1.0	1.0	1.0	1.0	1.0	1.0	1.0	1.0	1.0
0.5839302401912391	0.8104715233018626	0.5623140092330843	1.0	1.0	1.0	1.0	1.0	0.0	1.0	0.0	0.0
0.8312608123119549	0.9260515124597767	0.2798870946245209	1.0	1.0	1.0	1.0	1.0	1.0	1.0	1.0	1.0
0.7080877531598174	0.8553890825214937	0.5397551789345505	1.0	1.0	1.0	1.0	1.0	0.0	1.0	1.0	0.0
