0.8249258792139729	0.8746789010163741	0.3801756256606223	0.0	0.0	0.0	0.0	0.0	0.0	0.0	0.0	0.0
0.6508390484470499	0.9161621623452422	0.4768312541785951	1.0	1.0	1.0	1.0	1.0	1.0	1.0	1.0	1.0
0.6493099333687241	0.8382919841686464	0.40949406959126566	1.0	1.0	1.0	1.0	1.0	1.0	1.0	1.0	1.0
0.8193890091219407	0.9376407834444559	0.1851151562606802	1.0	1.0	1.0	1.0	1.0	1.0	1.0	1.0	1.0
0.6944137863481823	0.9147195396499412	0.3738616104082194	1.0	1.0	1.0	1.0	1.0	1.0	1.0	1.0	1.0
0.6300643296418101	0.9478143985967665	0.29031103563075855	1.0	1.0	1.0	1.0	1.0	1.0	1.0	1.0	1.0
0.47595968747456774	0.998375448473333	0.13692169696205947	1.0	1.0	1.0	1.0	1.0	1.0	1.0	1.0	1.0
0.8581007862672441	0.9986126087151663	0.10770328112201927	1.0	1.0	1.0	1.0	1.0	1.0	1.0	1.0	1.0
0.8275111561886496	0.960278633445377	0.2775661596239639	1.0	1.0	1.0	1.0	1.0	1.0	1.0	1.0	1.0
0.8147678589552543	0.9653517915327974	0.16740185463721344	1.0	1.0	1.0	0.0	1.0	1.0	0.0	1.0	1.0
0.7317642149330221	0.9444524697702121	0.26749784808026233	1.0	1.0	1.0	1.0	1.0	1.0	1.0	1.0	1.0
0.7160245759776269	0.8715640070328974	0.5130582917787104	1.0	1.0	1.0	1.0	1.0	1.0	1.0	1.0	1.0
0.5418268317562802	0.8953852841726818	0.5253683308964665	1.0	1.0	1.0	1.0	1.0	0.0	1.0	1.0	0.0
0.8394989212334916	0.965520870335318	0.28532443939328284	1.0	1.0	1.0	1.0	1.0	1.0	1.0	0.0	1.0
0.7130198489842721	0.9408450603045477	0.29487395096818003	1.0	1.0	1.0	1.0	1.0	1.0	1.0	1.0	1.0
0.629804936511355	0.9292267914019414	0.43195768069670587	1.0	1.0	1.0	1.0	1.0	1.0	1.0	1.0	1.0
0.5912014140770063	0.9973552326008905	0.1565276705431924	1.0	0.0	1.0	1.0	0.0	0.0	1.0	0.0	0.0
0.7110710371457969	0.9218539013515713	0.35596686336836536	1.0	1.0	1.0	1.0	1.0	1.0	1.0	1.0	1.0
0.8493294937403033	0.9649041224020309	0.18484033724526003	0.0	1.0	1.0	0.0	1.0	1.0	0.0	1.0	1.0
0.7649390770359518	0.9505905311039325	0.31336649397286703	1.0	1.0	1.0	1.0	1.0	1.0	1.0	1.0	1.0
0.6111610439916749	0.8964842433399665	0.4127110315320277	1.0	1.0	1.0	1.0	1.0	1.0	1.0	1.0	1.0
0.6193021111991821	0.8616336252127371	0.3403305484648459	1.0	1.0	1.0	1.0	1.0	1.0	1.0	1.0	1.0
0.5611766637375324	0.8403905656993605	0.47665816876604766	0.0	1.0	1.0	0.0	1.0	1.0	0.0	1.0	1.0
0.6530724674650243	0.9135556682740662	0.48073214400297287	1.0	1.0	1.0	1.0	1.0	1.0	1.0	1.0	1.0
0.6012150618340614	0.9927418016581258	0.16245921361196647	1.0	1.0	1.0	1.0	1.0	1.0	1.0	1.0	1.0
0.6949559492130691	0.9582056543473864	0.20751727447522478	1.0	1.0	1.0	1.0	0.0	0.0	1.0	0.0	0.0
0.555556517913743	0.9315470676442642	0.40867611628783823	1.0	1.0	1.0	1.0	1.0	1.0	1.0	1.0	1.0
0.6692182204725047	0.8489944712502878	0.4677411821124493	1.0	1.0	0.0	1.0	0.0	0.0	1.0	0.0	0.0
0.7018322081335152	0.8319053232316322	0.4456344899033256	1.0	1.0	1.0	1.0	1.0	1.0	1.0	0.0	1.0
0.7026851462603088	0.9337639914977192	0.3498269776781208	1.0	1.0	1.0	1.0	1.0	1.0	1.0	0.0	1.0
0.5941105975875755	0.8463088055123617	0.35439069369622767	0.0	1.0	1.0	0.0	1.0	1.0	0.0	1.0	1.0
0.7425396866667684	0.962348339227435	0.24781996478429807	1.0	1.0	1.0	1.0	0.0	1.0	1.0	0.0	1.0
0.725117932373202	0.9045419356159412	0.3867813107092158	1.0	1.0	1.0	1.0	1.0	1.0	1.0	1.0	1.0
0.6703420444853485	0.9325733790627909	0.3069459327549096	1.0	1.0	1.0	1.0	1.0	1.0	1.0	1.0	1.0
0.7748073286466726	0.9041367358529421	0.3720983475381234	0.0	1.0	1.0	0.0	1.0	1.0	0.0	1.0	1.0
0.4971775393553048	0.99413025590028	0.22890847205237372	1.0	1.0	1.0	1.0	1.0	1.0	1.0	1.0	1.0
0.7879406498457572	0.9933669890044701	0.13883200222548217	1.0	1.0	1.0	1.0	1.0	1.0	1.0	1.0	1.0
0.9280121958467427	0.998510057318819	0.13463070372217292	1.0	0.0	1.0	1.0	0.0	1.0	1.0	0.0	0.0
0.7869496341954398	0.8398298134251908	0.42297893185160007	1.0	1.0	1.0	0.0	1.0	1.0	0.0	0.0	1.0
0.6216918696969793	0.9394824459032763	0.33930631582528986	1.0	1.0	1.0	1.0	1.0	1.0	1.0	1.0	1.0
0.7975677375044071	0.9206563567745794	0.440969674156053	1.0	1.0	1.0	1.0	1.0	1.0	0.0	1.0	1.0
0.6348975212483868	0.9820155561598498	0.15882347269020014	1.0	1.0	1.0	1.0	1.0	1.0	1.0	1.0	0.0
0.6857317305935032	0.9675082608510762	0.2705501200966218	1.0	1.0	1.0	1.0	1.0	1.0	1.0	1.0	1.0
1.0941594290901115	0.9977510465879699	0.12604704062826178	0.0	0.0	0.0	0.0	0.0	0.0	0.0	0.0	0.0
0.69514514697548	0.9027149592068732	0.392618728580373	1.0	1.0	1.0	1.0	1.0	1.0	1.0	1.0	1.0
0.6757864436480684	0.9966214304613358	0.22928939867771406	1.0	1.0	1.0	1.0	1.0	1.0	1.0	1.0	1.0
0.9173082094588856	0.994875064325536	0.4795862697112834	1.0	1.0	1.0	1.0	1.0	1.0	1.0	0.0	1.0
0.7415671583283149	0.9163727466802052	0.4078954355369195	1.0	1.0	1.0	1.0	1.0	1.0	1.0	1.0	1.0
0.7013555540113703	0.9525991942454576	0.2768148627915144	1.0	1.0	1.0	1.0	1.0	1.0	1.0	1.0	1.0
0.7127610890610616	0.9177984728348448	0.3881865668964788	1.0	1.0	1.0	1.0	1.0	1.0	1.0	1.0	1.0
0.7954607560632149	0.9053755209732123	0.42799160605754083	1.0	1.0	1.0	1.0	1.0	1.0	1.0	1.0	1.0
0.8076473859133992	0.9204836941351046	0.2955340847169653	1.0	1.0	1.0	1.0	1.0	1.0	1.0	1.0	1.0
0.7405787805910946	0.909565206227504	0.36744377320968924	1.0	1.0	1.0	1.0	1.0	1.0	1.0	1.0	1.0
0.5839160289239694	0.7670855785331037	0.5521548603502449	1.0	1.0	1.0	1.0	1.0	1.0	0.0	1.0	0.0
0.7320817497669894	0.8985755847975228	0.39882850121633984	1.0	1.0	1.0	1.0	1.0	1.0	1.0	1.0	1.0
0.8497763993481727	0.9966601506884986	0.13100416692582728	1.0	1.0	1.0	1.0	1.0	1.0	1.0	1.0	1.0
0.6289282938911641	0.8899573567839606	0.4047148492327177	1.0	1.0	1.0	1.0	1.0	1.0	1.0	1.0	1.0
0.5998323661397282	0.5777740465405735	0.738975159290443	1.0	1.0	1.0	1.0	1.0	1.0	1.0	0.0	0.0
0.6347166680527938	0.9593390674150376	0.425864654078772	1.0	0.0	1.0	1.0	0.0	1.0	1.0	0.0	1.0
1.4066356903394706	0.998844232961409	0.13496784644346066	1.0	0.0	1.0	1.0	0.0	0.0	1.0	0.0	0.0
0.6677384910521885	0.9050701498911238	0.3995118898003755	1.0	1.0	1.0	1.0	1.0	1.0	1.0	1.0	1.0
0.7498456272144663	0.9963199524296075	0.21336489098925804	1.0	0.0	1.0	1.0	0.0	1.0	1.0	0.0	1.0
0.8491605193876363	0.9981101332742783	0.13380794568204865	1.0	1.0	1.0	1.0	1.0	1.0	1.0	1.0	1.0
0.5888687540942243	0.9030713041990809	0.3889661945766387	1.0	1.0	1.0	1.0	1.0	1.0	1.0	1.0	1.0
0.7031338332167829	0.8520213540397681	0.4622173673273843	1.0	1.0	1.0	1.0	1.0	1.0	1.0	1.0	1.0
0.6473654124686071	0.9925241790645146	0.1661891468645449	1.0	1.0	1.0	1.0	1.0	1.0	1.0	1.0	1.0
0.6945260776246216	0.9341466340772449	0.3329992381749021	1.0	1.0	1.0	1.0	1.0	1.0	1.0	1.0	1.0
0.6757875386535027	0.9079910820545586	0.28031632882210616	1.0	1.0	1.0	1.0	1.0	1.0	1.0	1.0	1.0
0.7097342405660595	0.9732460944949203	0.2143230558027885	1.0	1.0	1.0	1.0	1.0	1.0	1.0	1.0	1.0
0.725886126576027	0.9121864570876712	0.2997899688115212	1.0	1.0	1.0	1.0	1.0	1.0	1.0	1.0	1.0
0.7227800119529662	0.9233304587349969	0.3673045546316148	1.0	1.0	1.0	1.0	1.0	1.0	1.0	1.0	1.0
0.5921042872347873	0.9409666970299522	0.37651562705934516	1.0	1.0	1.0	1.0	1.0	1.0	1.0	1.0	1.0
0.6078738947172473	0.8861236832752603	0.37728382745889383	1.0	1.0	1.0	1.0	1.0	1.0	1.0	1.0	1.0
0.8134509208579334	0.974063730618742	0.1633669081105855	1.0	1.0	1.0	1.0	1.0	1.0	1.0	1.0	1.0
0.7471311260991369	0.9651460428333285	0.32579444992198237	1.0	1.0	1.0	1.0	1.0	1.0	1.0	0.0	1.0
0.6813280440268357	0.8945217835938878	0.4628262107246928	1.0	1.0	1.0	1.0	1.0	1.0	1.0	1.0	1.0
0.5827819370563138	0.8952550931338336	0.4134167705526325	1.0	1.0	1.0	1.0	1.0	1.0	1.0	1.0	1.0
1.1457674959827606	0.9979582452126068	0.10339929110762662	1.0	0.0	0.0	1.0	0.0	0.0	1.0	0.0	0.0
0.7347247468235809	0.9869201194369256	0.1500517111171541	1.0	1.0	1.0	1.0	1.0	0.0	1.0	1.0	0.0
0.7439952794173912	0.9879498880196246	0.1990009742839017	1.0	1.0	1.0	1.0	1.0	1.0	1.0	0.0	1.0
0.6536521791694202	0.8798521474803895	0.42955240851952425	1.0	1.0	1.0	1.0	1.0	1.0	1.0	1.0	1.0
0.7355657106998269	0.8109093152844186	0.5679483941196094	1.0	1.0	1.0	1.0	1.0	0.0	1.0	0.0	0.0
0.6639094338189296	0.9452982265977289	0.34093745329736797	1.0	1.0	1.0	1.0	1.0	1.0	1.0	1.0	1.0
0.7233485867461357	0.9914257995573342	0.18131207496169033	1.0	1.0	1.0	1.0	1.0	1.0	1.0	0.0	1.0
0.7092303202645525	0.9282552866365164	0.3673160639522412	1.0	1.0	1.0	1.0	1.0	1.0	1.0	1.0	1.0
0.6917462816416163	0.8922328905054423	0.5004347413928165	1.0	1.0	1.0	1.0	1.0	1.0	1.0	1.0	1.0
0.7994018523583114	0.8968874077293629	0.43856226014512706	1.0	1.0	1.0	0.0	1.0	1.0	0.0	1.0	1.0
0.6317495512066998	0.8827308848880404	0.5295402485832187	1.0	1.0	1.0	1.0	1.0	1.0	1.0	1.0	1.0
0.6993631010594538	0.8210804989790577	0.5438473518515441	1.0	1.0	1.0	1.0	1.0	1.0	1.0	0.0	1.0
0.6434134742561246	0.9424169462054093	0.33674844414964683	1.0	1.0	1.0	1.0	1.0	1.0	1.0	0.0	1.0
0.679549527654807	0.9393224213088532	0.2537249653266355	1.0	1.0	1.0	1.0	1.0	1.0	1.0	1.0	1.0
1.0182410786728813	0.9989218517720618	0.12284990695079005	1.0	0.0	1.0	1.0	0.0	0.0	1.0	0.0	0.0
0.7557091033593045	0.9225325912076524	0.35857259301423633	1.0	1.0	1.0	1.0	1.0	1.0	0.0	1.0	1.0
0.7594215927125072	0.9795084459179517	0.2140993573130194	1.0	1.0	1.0	1.0	1.0	1.0	1.0	0.0	1.0
0.6827168673431698	0.78623488019497	0.41570108418094526	1.0	1.0	1.0	1.0	1.0	1.0	1.0	1.0	1.0
0.5543519107595735	0.9327039901691507	0.3799055660305066	1.0	1.0	1.0	1.0	1.0	1.0	1.0	1.0	1.0
0.7601960824177436	0.9169557325221847	0.36014374401178517	1.0	1.0	1.0	1.0	1.0	1.0	1.0	1.0	1.0
0.762494024480539	0.961786228346555	0.1775130736707884	1.0	1.0	1.0	1.0	1.0	1.0	0.0	1.0	1.0
0.7899934153825979	0.9383326391832548	0.2476883251713019	1.0	1.0	1.0	1.0	1.0	1.0	1.0	1.0	1.0
0.7066383350978659	0.9032349283580713	0.4462692114280014	1.0	1.0	1.0	1.0	1.0	1.0	1.0	1.0	1.0
0.6788437658880019	0.8895860054250398	0.38348392632613115	1.0	1.0	1.0	1.0	1.0	1.0	1.0	1.0	1.0
0.6988470046796962	0.8628595718027404	0.521455433359767	1.0	1.0	1.0	1.0	1.0	1.0	1.0	1.0	0.0
0.6004899949507874	0.8265161825514655	0.5098661894900121	1.0	1.0	1.0	1.0	1.0	1.0	0.0	1.0	1.0
0.7783308809112854	0.8975951720063694	0.5810286001439533	1.0	1.0	1.0	1.0	1.0	1.0	1.0	1.0	1.0
0.8487756574973603	0.9250139027052982	0.4650643678120247	1.0	1.0	1.0	1.0	1.0	1.0	1.0	1.0	1.0
0.6653710814706207	0.9891391883979724	0.38955347033919663	1.0	1.0	1.0	1.0	0.0	1.0	1.0	0.0	1.0
0.6117640167627811	0.8114669641163047	0.8177308910478627	0.0	0.0	0.0	0.0	0.0	0.0	0.0	0.0	0.0
0.6977198035727736	0.8553499564006395	0.41803175533825393	1.0	1.0	1.0	1.0	0.0	1.0	1.0	0.0	1.0
0.5843981456040562	0.9973062853666954	0.1679778831967312	1.0	0.0	1.0	1.0	0.0	0.0	1.0	0.0	0.0
0.5899656533017977	0.8124860286974876	0.4806019730235759	1.0	1.0	1.0	0.0	1.0	1.0	0.0	0.0	1.0
0.660172252911138	0.9174772032259175	0.36145225227201444	1.0	1.0	1.0	1.0	1.0	1.0	1.0	1.0	1.0
0.7849601303429702	0.9440964172141338	0.2912130065345398	1.0	1.0	1.0	1.0	1.0	1.0	1.0	1.0	1.0
0.5792062324277747	0.8934878374773099	0.30260870193473105	0.0	1.0	1.0	0.0	1.0	1.0	0.0	1.0	1.0
0.6490597844343696	0.9402941991258813	0.2425999609138397	1.0	1.0	1.0	1.0	1.0	1.0	1.0	1.0	1.0
0.7202186951617389	0.9966562080753453	0.18075000304634745	1.0	1.0	1.0	1.0	0.0	1.0	1.0	0.0	1.0
0.665869756521845	0.7715627178540568	0.54592128648711	1.0	1.0	1.0	1.0	0.0	1.0	1.0	0.0	1.0
0.7368021517139983	0.8509079865169222	0.5081254305565831	1.0	1.0	1.0	1.0	1.0	1.0	1.0	1.0	1.0
1.0274551012539554	0.9973816094783006	0.20431039468309486	1.0	0.0	1.0	1.0	0.0	1.0	1.0	0.0	0.0
0.586745223588699	0.8620657618523226	0.4365809018870068	1.0	1.0	1.0	1.0	1.0	1.0	1.0	1.0	1.0
0.7358219619357192	0.9322271838854823	0.39610680522853836	1.0	0.0	1.0	1.0	0.0	1.0	1.0	0.0	1.0
0.6860307250874194	0.9550727110452187	0.20845397156041331	1.0	1.0	1.0	1.0	1.0	1.0	1.0	1.0	1.0
0.7397736560268003	0.9052398519427443	0.41253426531439935	1.0	1.0	1.0	1.0	1.0	1.0	1.0	1.0	1.0
0.6754312415075293	0.8967669269436527	0.41008485403385136	1.0	1.0	1.0	1.0	1.0	1.0	1.0	1.0	1.0
0.70508956934444	0.8438521723303025	0.6374954227268252	1.0	1.0	1.0	1.0	1.0	0.0	1.0	1.0	0.0
0.736722308764092	0.7841464730006357	0.7196976063852173	1.0	0.0	0.0	1.0	0.0	0.0	1.0	0.0	0.0
0.6517958954269254	0.824389701445508	0.49269626179145637	1.0	1.0	1.0	1.0	1.0	1.0	1.0	1.0	1.0
0.6505105928607168	0.8641497317140028	0.30677156804520445	1.0	1.0	1.0	1.0	1.0	1.0	1.0	1.0	1.0
0.6016974984795679	0.9980598329291313	0.1960175731390183	1.0	1.0	1.0	1.0	0.0	1.0	1.0	0.0	1.0
0.7348974901750038	0.8088819904355892	0.4577602106390164	1.0	1.0	1.0	1.0	0.0	1.0	1.0	0.0	0.0
0.672133272152207	0.998747453549137	0.23041629709153905	1.0	0.0	1.0	1.0	0.0	1.0	1.0	0.0	1.0
0.6349686756299189	0.8257773310556812	0.6218556195105338	1.0	1.0	0.0	1.0	1.0	0.0	1.0	0.0	0.0
0.7163390431875514	0.9599345859821482	0.27864403650375097	1.0	1.0	1.0	1.0	1.0	1.0	1.0	1.0	1.0
0.6332171552562856	0.8648435816003921	0.5341997773013197	1.0	1.0	1.0	1.0	1.0	1.0	1.0	1.0	1.0
0.6285816417876124	0.952778038279255	0.3587323075908276	1.0	1.0	1.0	1.0	1.0	1.0	1.0	1.0	1.0
0.7972234048785054	0.8369287739448338	0.4612756633565566	1.0	1.0	1.0	0.0	1.0	1.0	0.0	1.0	1.0
0.6603509575433542	0.9088922324767043	0.36335521299851103	1.0	1.0	1.0	1.0	1.0	1.0	1.0	1.0	1.0
0.7329573713805311	0.8265127784155237	0.4101804040805223	1.0	1.0	1.0	1.0	1.0	1.0	1.0	1.0	1.0
0.7872579379972666	0.9449597591374116	0.3326915780125197	1.0	1.0	1.0	1.0	1.0	1.0	1.0	1.0	1.0
0.7172876827906473	0.8018809251419102	0.3583202524070579	1.0	1.0	1.0	1.0	0.0	1.0	1.0	0.0	1.0
1.4031852047360514	0.9980645306017518	0.13293085655761708	1.0	1.0	1.0	1.0	1.0	1.0	1.0	0.0	1.0
0.7942781952361214	0.9307377519102504	0.39958678220544613	1.0	1.0	1.0	1.0	1.0	1.0	1.0	1.0	1.0
0.6927588396192925	0.8561175444593669	0.460789930699399	1.0	1.0	1.0	1.0	1.0	1.0	1.0	1.0	1.0
0.7281090649534193	0.9338991504560072	0.41632758908735856	1.0	1.0	1.0	1.0	1.0	1.0	1.0	1.0	1.0
0.6434029279648207	0.9112784392730177	0.3051944881435841	1.0	1.0	1.0	1.0	1.0	1.0	1.0	1.0	1.0
0.6957759117618091	0.7954778373822157	0.5552748997573934	1.0	1.0	1.0	1.0	0.0	1.0	1.0	0.0	1.0
0.6215112763309228	0.4459102338596415	0.657145498442881	0.0	1.0	1.0	0.0	1.0	1.0	0.0	1.0	1.0
0.7496721109049981	0.9531109145728048	0.2998900809172374	1.0	1.0	1.0	1.0	1.0	1.0	1.0	1.0	1.0
0.6618127452224668	0.6505932681186022	0.7427652546611474	1.0	0.0	1.0	1.0	0.0	1.0	1.0	0.0	0.0
0.6991513196215554	0.9086067349348758	0.43576934267376954	1.0	1.0	1.0	1.0	1.0	1.0	1.0	1.0	1.0
0.9488047023831787	0.9970382681010056	0.22288261559266215	1.0	0.0	0.0	1.0	0.0	0.0	1.0	0.0	0.0
1.0614010224677264	0.9955745439251108	0.12558625840349866	1.0	1.0	1.0	0.0	1.0	1.0	0.0	1.0	1.0
0.824870324699809	0.9530833813803019	0.27537669531397846	1.0	1.0	1.0	1.0	1.0	1.0	1.0	1.0	1.0
0.7355859472914144	0.9555125582629108	0.30161929349128197	1.0	1.0	1.0	1.0	1.0	1.0	1.0	1.0	1.0
0.669511657888398	0.9322487297539838	0.4988776134213432	1.0	1.0	1.0	1.0	1.0	1.0	1.0	1.0	1.0
0.7950409115963054	0.9738949662492303	0.1772106807202007	1.0	1.0	1.0	1.0	1.0	1.0	1.0	1.0	1.0
1.2186650421654657	0.9983165835558384	0.9917011869331452	1.0	1.0	1.0	1.0	1.0	1.0	1.0	1.0	1.0
0.7473019498720896	0.9339814630125645	0.3170937474145695	1.0	1.0	1.0	1.0	1.0	1.0	1.0	1.0	1.0
0.3132426663023879	0.9971574766402067	0.7949666835586955	1.0	1.0	0.0	1.0	1.0	0.0	1.0	1.0	0.0
0.7240101598696999	0.99829078019799	0.10713039748363196	1.0	0.0	1.0	1.0	0.0	1.0	1.0	0.0	0.0
0.9484653059158535	0.9976352395328912	0.156431977603025	1.0	1.0	1.0	1.0	1.0	1.0	1.0	0.0	1.0
0.6032379948648867	0.8723813955142025	0.3411613351816936	1.0	1.0	1.0	1.0	1.0	1.0	1.0	1.0	1.0
0.6098293249834954	0.8457709577183513	0.5007027027178983	1.0	1.0	1.0	1.0	1.0	1.0	0.0	1.0	1.0
0.8313507988008166	0.8578353512382308	0.34088808071740756	1.0	1.0	1.0	0.0	1.0	1.0	0.0	1.0	1.0
0.6513834406792067	0.9989581408218633	0.12904294316777543	1.0	1.0	1.0	1.0	1.0	1.0	1.0	1.0	1.0
0.8606988827795552	0.9855533411732736	0.16549009085875704	1.0	0.0	0.0	1.0	0.0	0.0	1.0	0.0	0.0
0.8544604515006884	0.9817666283859389	0.182247872192215	1.0	0.0	0.0	1.0	0.0	0.0	1.0	0.0	0.0
0.7331676160198531	0.9796324424863548	0.14515674130526968	1.0	1.0	1.0	1.0	1.0	1.0	1.0	1.0	1.0
0.5964814469303283	0.955582998597872	0.33703177599426876	1.0	1.0	1.0	1.0	1.0	1.0	1.0	0.0	1.0
0.6075980467665157	0.8586879975779882	0.4652039862422676	1.0	1.0	1.0	1.0	1.0	1.0	1.0	1.0	1.0
0.7153059982644024	0.9103960473551438	0.357265928685891	1.0	1.0	1.0	1.0	1.0	1.0	1.0	1.0	1.0
0.6237739432879926	0.9100001067665812	0.31974071272310706	1.0	1.0	1.0	1.0	1.0	1.0	1.0	1.0	1.0
1.2605218308839932	0.998927960923981	0.08169752150149227	1.0	1.0	1.0	1.0	1.0	1.0	1.0	1.0	1.0
0.5104661272510256	0.9797828436871021	0.22636030475958138	1.0	1.0	1.0	1.0	1.0	1.0	1.0	0.0	0.0
0.6788210727838039	0.8824867536949755	0.3882144395751619	1.0	1.0	1.0	1.0	1.0	1.0	1.0	1.0	1.0
0.639832114062889	0.9981877034735765	0.8738122099880993	0.0	0.0	0.0	0.0	0.0	0.0	0.0	0.0	0.0
0.7983183137346226	0.930023749824862	0.45851137649362067	1.0	1.0	1.0	1.0	1.0	1.0	1.0	1.0	1.0
0.8932713932450547	0.9982445311497518	0.15409375586939725	1.0	0.0	1.0	1.0	0.0	0.0	1.0	0.0	0.0
0.7419107082162995	0.989106239300332	0.1554943454019079	1.0	0.0	0.0	1.0	0.0	0.0	1.0	0.0	0.0
0.5881920723775506	0.9240468318064539	0.35447600624473763	1.0	1.0	1.0	1.0	1.0	1.0	1.0	1.0	1.0
0.7823309959124608	0.9734911357771093	0.19098264522233188	1.0	1.0	1.0	1.0	1.0	1.0	1.0	1.0	1.0
0.6652042083957856	0.728641702022534	0.6867424405967117	1.0	0.0	0.0	1.0	0.0	0.0	1.0	0.0	0.0
0.729100315404936	0.959878283575007	0.20093105554246873	1.0	1.0	1.0	1.0	1.0	1.0	1.0	1.0	1.0
0.6162128795654366	0.9103940305606469	0.4432326240933507	1.0	1.0	1.0	1.0	1.0	1.0	1.0	1.0	1.0
0.6260152690074556	0.8585561254489642	0.4340187764285479	1.0	1.0	1.0	1.0	1.0	1.0	1.0	1.0	1.0
0.5861228537540265	0.9980693474789704	0.12372244722019776	1.0	1.0	1.0	1.0	0.0	1.0	1.0	0.0	0.0
0.7288267555450295	0.9598809250545649	0.30173894649569977	1.0	1.0	1.0	1.0	1.0	1.0	1.0	1.0	1.0
0.6433378069061197	0.8952791798159024	0.4118853592798848	1.0	1.0	1.0	1.0	1.0	1.0	1.0	1.0	1.0
0.6461287802971029	0.9381630482589761	0.2511410733354621	1.0	1.0	1.0	1.0	1.0	1.0	1.0	1.0	1.0
0.7157587953028728	0.9149024660277936	0.4562762293346736	1.0	1.0	1.0	1.0	1.0	1.0	1.0	1.0	1.0
1.8583058994110724	0.9984466378596404	0.2874505472184151	1.0	1.0	1.0	1.0	0.0	1.0	1.0	0.0	1.0
0.7393451160469611	0.8537626454562547	0.5132538416383201	1.0	1.0	1.0	1.0	1.0	1.0	1.0	1.0	1.0
0.708107192588713	0.8667118387833784	0.42686266659323663	1.0	1.0	1.0	1.0	1.0	1.0	1.0	1.0	1.0
1.0242537478186096	0.9989102372408803	0.14249635079202827	1.0	1.0	1.0	1.0	1.0	1.0	1.0	1.0	1.0
0.7326376656596157	0.9986972357303607	0.14174698124507906	1.0	1.0	1.0	1.0	0.0	1.0	1.0	0.0	1.0
0.7272245177979101	0.8638742946392055	0.2922006851405745	1.0	1.0	1.0	1.0	1.0	1.0	1.0	1.0	1.0
0.6911247381441076	0.9654473429666242	0.30868768305125555	1.0	1.0	1.0	1.0	1.0	1.0	1.0	0.0	1.0
0.7174417879205329	0.8735207407588715	0.45418364961116586	1.0	1.0	1.0	1.0	1.0	1.0	1.0	1.0	1.0
0.6592682614146858	0.9867396903244005	0.13466631878860752	1.0	1.0	1.0	1.0	1.0	1.0	1.0	1.0	1.0
0.6992313598381416	0.8779139578026433	0.35834695602433475	1.0	1.0	1.0	1.0	1.0	1.0	1.0	1.0	1.0
0.5824406103513597	0.9979265419009171	0.16223903886852084	1.0	1.0	1.0	1.0	1.0	1.0	1.0	1.0	1.0
0.7318352970736952	0.9463847056567222	0.29994310635395377	1.0	1.0	1.0	1.0	1.0	1.0	1.0	1.0	1.0
0.6369265665550337	0.8918791003985624	0.5072684302282435	1.0	1.0	1.0	1.0	1.0	1.0	1.0	1.0	1.0
0.7625376108909805	0.871865867897878	0.3136564609439435	1.0	1.0	1.0	0.0	1.0	1.0	0.0	1.0	1.0
0.6694298293928558	0.9986031007796284	0.1370472880403479	1.0	1.0	1.0	1.0	0.0	1.0	1.0	0.0	1.0
1.1896636766190936	0.9982957294684707	0.21132655664525835	1.0	0.0	1.0	1.0	0.0	1.0	1.0	0.0	1.0
0.6977945480049106	0.8542500414803144	0.5301939255331206	1.0	1.0	1.0	1.0	1.0	1.0	1.0	1.0	1.0
0.6732316978937887	0.9120822157153259	0.49466004075487097	1.0	1.0	1.0	1.0	1.0	1.0	1.0	1.0	1.0
0.6912777918289388	0.8650152323145117	0.4693103800583792	1.0	1.0	1.0	1.0	1.0	1.0	1.0	1.0	1.0
0.6587272551065946	0.8854197093962203	0.40592111935088376	1.0	1.0	1.0	1.0	1.0	1.0	1.0	1.0	1.0
0.619017047185595	0.8661754174793075	0.46579709994523505	1.0	1.0	1.0	1.0	1.0	1.0	1.0	1.0	1.0
0.7933102141359809	0.9408058855727817	0.27914577894103243	1.0	1.0	1.0	1.0	1.0	1.0	1.0	1.0	1.0
0.7014530036462748	0.8285809507769136	0.44815367001129497	1.0	1.0	1.0	1.0	1.0	1.0	1.0	1.0	1.0
0.7524844209502242	0.615857943596256	0.7430548556092204	0.0	0.0	0.0	0.0	0.0	0.0	0.0	0.0	0.0
0.7186799319493526	0.9484892234255253	0.313422962345899	1.0	1.0	1.0	1.0	1.0	1.0	1.0	1.0	1.0
0.6668415127875863	0.9977816878235883	0.14390246427658807	1.0	1.0	1.0	1.0	1.0	1.0	1.0	0.0	1.0
0.7071497074561915	0.9147863111285667	0.5316483791722773	1.0	1.0	1.0	1.0	1.0	1.0	1.0	1.0	1.0
0.7380726891447343	0.8885097253670325	0.35159371034405634	1.0	1.0	1.0	1.0	1.0	1.0	1.0	1.0	1.0
0.6431807777856664	0.9986108499981493	0.18850233524027318	1.0	0.0	1.0	1.0	0.0	0.0	1.0	0.0	0.0
0.650175669032093	0.8675974321125247	0.44686668739214264	1.0	1.0	1.0	1.0	1.0	1.0	1.0	1.0	1.0
0.743455859021169	0.8825553600605899	0.47646429295751225	1.0	1.0	1.0	1.0	1.0	1.0	1.0	1.0	1.0
0.6336934257718156	0.9180367677626422	0.30910165270324463	1.0	1.0	1.0	1.0	1.0	1.0	1.0	1.0	1.0
0.7569667588071739	0.9896181745409585	0.14621307419839774	1.0	1.0	1.0	1.0	1.0	1.0	1.0	0.0	1.0
0.6461902657353126	0.926340422854317	0.3829180964660822	1.0	1.0	1.0	1.0	1.0	1.0	1.0	1.0	1.0
0.7182395977041217	0.931942077225793	0.3525220310498491	1.0	1.0	1.0	1.0	1.0	1.0	1.0	1.0	1.0
0.7504586977229452	0.8607843864021161	0.4381270183949293	1.0	1.0	1.0	1.0	1.0	1.0	1.0	1.0	0.0
0.5944598680415408	0.8693493356369262	0.599295065898357	1.0	1.0	0.0	1.0	1.0	0.0	1.0	1.0	0.0
0.7486206328388342	0.8386069388154866	0.4494459176792698	1.0	1.0	1.0	1.0	1.0	1.0	1.0	1.0	1.0
0.7470809674113377	0.9120725089934373	0.40258240962779407	1.0	1.0	1.0	1.0	1.0	1.0	1.0	1.0	1.0
0.9507620044599518	0.9826568877405113	0.14605753263466842	1.0	0.0	0.0	1.0	0.0	0.0	0.0	0.0	0.0
0.7238598743898639	0.8698410311165308	0.5499720903876018	1.0	1.0	1.0	1.0	1.0	1.0	1.0	1.0	0.0
0.6613570882619701	0.9020883768907202	0.39111880675247696	1.0	1.0	1.0	1.0	1.0	1.0	1.0	1.0	1.0
0.6211810107998523	0.8414822721336035	0.5356125880499912	1.0	1.0	1.0	1.0	1.0	0.0	1.0	1.0	0.0
0.7263562229520103	0.9315422941846331	0.3229697205152917	1.0	1.0	1.0	1.0	1.0	1.0	1.0	1.0	1.0
0.6285894438827173	0.7900886314632098	0.5318555969464175	1.0	1.0	1.0	1.0	1.0	1.0	1.0	1.0	1.0
0.708701286291711	0.9216522928312507	0.3676037430329981	1.0	1.0	1.0	1.0	1.0	1.0	1.0	1.0	1.0
0.6630863890679453	0.8136698420940153	0.37983011130229444	1.0	1.0	1.0	1.0	1.0	1.0	1.0	1.0	1.0
0.6848648537515318	0.9088539789917611	0.4308391671574358	1.0	1.0	1.0	1.0	1.0	1.0	1.0	1.0	1.0
0.8559081936494276	0.9973091275796324	0.13929062963861893	1.0	0.0	1.0	1.0	0.0	1.0	1.0	0.0	0.0
0.8344048349235572	0.9134320864272722	0.3504377872474563	1.0	1.0	1.0	0.0	1.0	1.0	0.0	1.0	1.0
0.72758202641829	0.8806510069310352	0.46163910919818	1.0	1.0	1.0	1.0	1.0	1.0	1.0	1.0	1.0
0.6878796558244635	0.889878129531449	0.4911094952239684	1.0	1.0	1.0	1.0	1.0	1.0	1.0	1.0	1.0
1.2645052908947296	0.998983499924749	0.085251440926991	1.0	1.0	1.0	1.0	1.0	1.0	1.0	1.0	1.0
0.8344533988742066	0.9401719978061424	0.28108378991924543	0.0	1.0	1.0	0.0	1.0	1.0	0.0	1.0	1.0
0.8137762307312939	0.8822032885436628	0.40099677909209364	0.0	1.0	1.0	0.0	1.0	1.0	0.0	1.0	1.0
0.7075117886315389	0.938624014503568	0.2923009605408145	1.0	1.0	1.0	1.0	1.0	1.0	1.0	1.0	1.0
0.7443500355918184	0.9554409769326181	0.331535170155483	1.0	1.0	1.0	1.0	1.0	1.0	1.0	1.0	1.0
0.9005817546603704	0.9968023409713519	0.19126456018375707	1.0	1.0	1.0	1.0	1.0	1.0	1.0	0.0	1.0
0.8121517098819327	0.9222831071552802	0.2750010734250759	1.0	1.0	1.0	0.0	1.0	1.0	0.0	1.0	1.0
0.6609889337635306	0.8289622322625974	0.3987485130047614	1.0	1.0	1.0	1.0	1.0	1.0	1.0	1.0	1.0
0.6609768231231266	0.9977122341706085	0.14227975136758955	1.0	1.0	1.0	1.0	1.0	1.0	1.0	0.0	1.0
0.7043551419182195	0.934738347929495	0.32026338388195996	1.0	1.0	1.0	1.0	1.0	1.0	1.0	1.0	1.0
0.6650569684630654	0.9308614396565377	0.3464745439574287	1.0	1.0	1.0	1.0	1.0	1.0	1.0	1.0	1.0
0.5915823564100852	0.8723233923811391	0.5708730563935921	1.0	1.0	1.0	1.0	1.0	1.0	1.0	1.0	1.0
0.8211559168655462	0.9642223664068055	0.22756144340270454	1.0	1.0	1.0	1.0	1.0	1.0	1.0	1.0	1.0
0.8004750443140087	0.943444375221895	0.32274190820537485	1.0	1.0	1.0	1.0	1.0	1.0	1.0	1.0	1.0
0.6610750702464401	0.7730206207707061	0.48350813168861395	1.0	1.0	1.0	1.0	1.0	1.0	1.0	0.0	1.0
0.668629254049227	0.9481072896662939	0.3152647263879592	1.0	1.0	1.0	1.0	1.0	1.0	1.0	1.0	1.0
0.5831395723451834	0.9967818871613764	0.16833672231714558	1.0	0.0	1.0	1.0	0.0	1.0	1.0	0.0	1.0
0.6940025489684148	0.8892187192414648	0.3220262415209843	1.0	1.0	1.0	1.0	1.0	1.0	1.0	1.0	1.0
0.5876114200130843	0.9621126199744774	0.258165026555248	1.0	1.0	1.0	1.0	1.0	1.0	1.0	0.0	1.0
0.6857771232369556	0.9174219043941312	0.325990629918792	1.0	1.0	1.0	1.0	1.0	1.0	1.0	1.0	1.0
0.7323109602873886	0.763577982526507	0.4740265015958086	1.0	1.0	1.0	1.0	1.0	1.0	1.0	1.0	1.0
0.7765496232332953	0.9873891185134982	0.20870000600145514	1.0	1.0	1.0	1.0	1.0	1.0	1.0	0.0	1.0
0.6673849184104015	0.8897525086620459	0.40389397828690926	1.0	1.0	1.0	1.0	1.0	1.0	1.0	1.0	1.0
0.8186259046810455	0.965040320237171	0.24653761171350294	1.0	1.0	1.0	1.0	1.0	1.0	1.0	1.0	1.0
0.7457294047453376	0.8206247460113665	0.4243065896468201	1.0	1.0	1.0	1.0	0.0	1.0	1.0	0.0	1.0
0.6987972074915147	0.7293532157642013	0.5320905832818671	1.0	1.0	1.0	1.0	0.0	1.0	1.0	0.0	0.0
0.6652903805459315	0.9542318222902048	0.3033947333283582	1.0	1.0	1.0	1.0	1.0	1.0	1.0	1.0	1.0
0.7364682574096261	0.8983919569752247	0.4032323091857792	1.0	1.0	1.0	1.0	1.0	1.0	1.0	1.0	1.0
0.7354061565448711	0.775502386906176	0.6780175229421769	1.0	1.0	1.0	1.0	0.0	0.0	1.0	0.0	0.0
0.7778611507815928	0.7927040995309853	0.33139970836633875	1.0	1.0	1.0	1.0	1.0	1.0	1.0	1.0	1.0
0.6940905261079223	0.8482272483489813	0.5785867028534559	1.0	1.0	1.0	1.0	1.0	0.0	1.0	1.0	0.0
0.6883173097458659	0.7517341716293516	0.5206697157722096	1.0	1.0	1.0	1.0	0.0	1.0	1.0	0.0	1.0
0.684795540531147	0.9574924110067823	0.21401072769058435	1.0	1.0	1.0	1.0	1.0	1.0	1.0	1.0	1.0
0.6307851735655411	0.7606431652519939	0.5963728020425801	1.0	1.0	1.0	1.0	0.0	0.0	1.0	0.0	0.0
0.6503581804046454	0.8156220820372152	0.6033633833676314	1.0	1.0	1.0	1.0	1.0	1.0	1.0	1.0	0.0
0.5777516514561684	0.6287289925876708	0.7875322704054755	1.0	0.0	0.0	0.0	0.0	0.0	0.0	0.0	0.0
0.7180239195953572	0.9187342097147843	0.39545875006896364	1.0	1.0	1.0	1.0	1.0	1.0	1.0	1.0	1.0
0.6601011629694906	0.9038499737654434	0.37103419251200803	1.0	1.0	1.0	1.0	1.0	1.0	1.0	1.0	1.0
0.7668496349203483	0.9447526072276615	0.34527439128089477	1.0	1.0	1.0	1.0	1.0	1.0	1.0	1.0	1.0
0.6616605481228146	0.8369759401094481	0.4846609514189842	1.0	1.0	1.0	1.0	1.0	1.0	1.0	1.0	1.0
0.581588532248197	0.9040129039863193	0.4107821293088909	1.0	1.0	1.0	1.0	1.0	1.0	1.0	1.0	1.0
1.2862738226930044	0.9985308101173349	0.11467352225524849	1.0	1.0	1.0	1.0	0.0	1.0	1.0	0.0	1.0
0.7703579832869165	0.9980349649057265	0.14827210242514172	1.0	1.0	1.0	1.0	1.0	1.0	1.0	1.0	1.0
0.6514474623505879	0.9082072200549999	0.45446122332761835	1.0	1.0	1.0	1.0	1.0	1.0	1.0	1.0	1.0
0.7323072459346704	0.9965702684451595	0.0949389014179211	0.0	0.0	0.0	0.0	0.0	0.0	0.0	0.0	0.0
0.646119401167327	0.9145984949775315	0.3588365060661082	1.0	1.0	1.0	1.0	1.0	1.0	1.0	1.0	1.0
0.8099281309943229	0.9958172638106183	0.16944276220167834	1.0	0.0	1.0	1.0	0.0	0.0	1.0	0.0	0.0
0.7772719900188497	0.9653493881140245	0.22091247511889583	1.0	1.0	1.0	1.0	1.0	1.0	1.0	1.0	1.0
0.6384105704151818	0.9325541269842147	0.42186247044476805	1.0	1.0	1.0	1.0	1.0	1.0	1.0	1.0	1.0
0.7854286682027407	0.9728480544680581	0.2551422432304303	1.0	1.0	1.0	1.0	1.0	1.0	1.0	0.0	1.0
0.6523787835621024	0.9293537854992497	0.35214870706492435	1.0	1.0	1.0	1.0	1.0	1.0	1.0	1.0	1.0
0.7460700169551968	0.9972343207769219	0.16262190813105984	1.0	0.0	1.0	1.0	0.0	1.0	1.0	0.0	1.0
0.8579503366218911	0.9935185554455316	0.19801692586243377	1.0	1.0	1.0	1.0	1.0	1.0	1.0	1.0	1.0
0.5741814856884204	0.9257562199261887	0.3524474597208596	1.0	1.0	1.0	1.0	1.0	1.0	1.0	0.0	1.0
0.5552208010842888	0.8848110879796368	0.46949838895165796	1.0	1.0	1.0	1.0	1.0	1.0	0.0	1.0	1.0
0.6789480040204678	0.8212326535609327	0.588978985528628	1.0	1.0	1.0	1.0	1.0	1.0	1.0	1.0	0.0
0.7133020286186319	0.9640831238887716	0.2297833310982582	1.0	1.0	1.0	1.0	1.0	1.0	1.0	1.0	1.0
0.8058647708267943	0.8972557175037285	0.4184298134350798	1.0	1.0	1.0	1.0	1.0	1.0	1.0	1.0	1.0
0.7408414757130417	0.9671574572427223	0.26728893876883675	1.0	1.0	1.0	1.0	1.0	1.0	1.0	1.0	1.0
0.601378712833173	0.9418126768698287	0.42929047325598274	1.0	1.0	1.0	1.0	1.0	1.0	1.0	1.0	1.0
0.6632079809953136	0.9425945208277545	0.4546064509276148	1.0	1.0	1.0	1.0	1.0	1.0	1.0	0.0	1.0
0.7804830663858259	0.9061862263520601	0.38521737439269743	1.0	1.0	1.0	1.0	1.0	1.0	0.0	1.0	1.0
1.1975944069778415	0.9972379087221376	0.1574067252769317	1.0	1.0	1.0	1.0	1.0	1.0	1.0	1.0	1.0
0.6912919841329916	0.858110988711981	0.5214542740841873	1.0	1.0	0.0	1.0	1.0	0.0	1.0	1.0	0.0
0.6922869054419606	0.9975068279630528	0.13110185735600574	1.0	1.0	1.0	1.0	1.0	1.0	1.0	0.0	1.0
0.6078168997694391	0.9978315413201565	0.1672580667879274	1.0	1.0	1.0	1.0	0.0	1.0	1.0	0.0	1.0
0.670039655436564	0.9378927925900535	0.30304885531763115	1.0	1.0	1.0	1.0	1.0	1.0	1.0	1.0	1.0
0.7582342795831537	0.9224124517028404	0.3673833154064883	1.0	1.0	1.0	1.0	1.0	1.0	1.0	1.0	1.0
0.8078748442311107	0.9974132290391428	0.14070034583157895	1.0	0.0	1.0	1.0	0.0	1.0	1.0	0.0	0.0
0.7828979700866121	0.9603635659783564	0.2667329333573237	1.0	1.0	1.0	1.0	1.0	1.0	1.0	1.0	1.0
0.648472491565272	0.8973044103535691	0.41076474438327126	1.0	1.0	1.0	1.0	1.0	1.0	1.0	1.0	1.0
0.874320809597561	0.9410498144589917	0.3621652456589057	1.0	1.0	1.0	0.0	1.0	1.0	0.0	1.0	1.0
0.8893792995426841	0.998197496068364	0.16352594072390902	1.0	0.0	1.0	1.0	0.0	0.0	1.0	0.0	0.0
0.6848606351887789	0.9534850580175532	0.2523178676590747	1.0	1.0	1.0	1.0	1.0	1.0	1.0	1.0	1.0
0.592113341608741	0.896451610377654	0.46931130187425785	1.0	1.0	1.0	1.0	1.0	1.0	1.0	1.0	1.0
0.5871941449325458	0.8641770855251492	0.482703129470917	1.0	1.0	1.0	1.0	1.0	1.0	1.0	1.0	1.0
0.6385917056200476	0.725675061681017	0.6364709588450196	1.0	1.0	1.0	1.0	1.0	0.0	1.0	0.0	0.0
0.6512191955063279	0.8527748383740363	0.4351661861691668	1.0	1.0	1.0	1.0	1.0	1.0	1.0	1.0	1.0
0.7567421137497896	0.9002421055171252	0.3143097339454897	1.0	1.0	1.0	1.0	1.0	1.0	1.0	1.0	1.0
0.727728254060071	0.8165535393975011	0.38091190479364206	1.0	1.0	1.0	1.0	1.0	1.0	1.0	1.0	1.0
0.8994954136645036	0.9915722386830623	0.19349174158202476	1.0	1.0	1.0	0.0	1.0	1.0	0.0	1.0	1.0
0.6403638565689269	0.9147459717118002	0.3525134171974543	1.0	1.0	1.0	1.0	1.0	1.0	1.0	1.0	1.0
0.6977812498514927	0.8259092412300391	0.49929756519363244	1.0	1.0	1.0	1.0	1.0	1.0	1.0	1.0	1.0
0.7151252235633015	0.9968508427193457	0.12105369795199801	1.0	0.0	1.0	1.0	0.0	1.0	1.0	0.0	0.0
1.7933082948820815	0.9983004580871778	0.15745537837853546	1.0	1.0	1.0	0.0	1.0	1.0	0.0	1.0	1.0
0.6877438064544112	0.9745267162674224	0.20866739090692363	1.0	1.0	1.0	1.0	1.0	1.0	1.0	1.0	1.0
0.7563309342362439	0.8329558369914106	0.3681670506987669	1.0	1.0	1.0	1.0	1.0	1.0	0.0	1.0	1.0
0.7723076305925038	0.8154487600484068	0.4550233658603296	1.0	1.0	1.0	1.0	1.0	1.0	1.0	1.0	1.0
0.6477760304817963	0.9345205698774998	0.25349823549948397	1.0	1.0	1.0	1.0	1.0	1.0	1.0	1.0	1.0
0.6509012385466704	0.7938253742162967	0.5319218244257541	1.0	1.0	1.0	1.0	0.0	0.0	1.0	0.0	0.0
0.9832652479833617	0.9127710092194129	0.4398190869271905	0.0	1.0	1.0	0.0	1.0	1.0	0.0	1.0	1.0
0.5874551964062275	0.8437789314886593	0.5289598706365717	1.0	1.0	1.0	1.0	1.0	0.0	1.0	0.0	0.0
0.668727595406265	0.9002682431951583	0.3488380177595332	1.0	1.0	1.0	1.0	1.0	1.0	1.0	1.0	1.0
0.6149530994304614	0.9657443864088802	0.22451475972853505	1.0	1.0	1.0	1.0	1.0	1.0	1.0	1.0	1.0
0.7698392626691206	0.8301843919184834	0.5176497242245373	1.0	1.0	1.0	0.0	1.0	0.0	0.0	0.0	0.0
0.3762700109817636	0.9924021087017878	0.69055530327432	0.0	0.0	0.0	0.0	0.0	0.0	0.0	0.0	0.0
0.6499223597748629	0.8876574868200557	0.4270644621249115	1.0	1.0	1.0	1.0	1.0	1.0	1.0	1.0	1.0
0.6582429470943739	0.69220286390396	0.6049355209055403	1.0	0.0	0.0	1.0	0.0	0.0	1.0	0.0	0.0
0.7217696543396294	0.9522572575293952	0.22593661730662	1.0	1.0	1.0	1.0	1.0	1.0	1.0	1.0	1.0
0.6982137473066284	0.7566340304987427	0.6381059263895956	0.0	0.0	0.0	0.0	0.0	0.0	0.0	0.0	0.0
0.7883920641243959	0.9732312189867274	0.2284189632232762	1.0	1.0	1.0	1.0	1.0	1.0	1.0	1.0	1.0
0.6532905248412392	0.9135787716888412	0.2896810935015542	1.0	1.0	1.0	1.0	1.0	1.0	1.0	1.0	1.0
0.6137813095928225	0.9509642464200104	0.21806998971471964	1.0	1.0	1.0	1.0	1.0	1.0	1.0	1.0	0.0
0.6701756635784359	0.9554296069024919	0.25587577337863543	1.0	1.0	1.0	1.0	1.0	1.0	1.0	1.0	1.0
0.6062839388350916	0.9972959901284196	0.14190433478620476	1.0	1.0	1.0	1.0	1.0	1.0	1.0	1.0	0.0
0.6995518875217215	0.8978045538005394	0.3469520545956928	1.0	1.0	1.0	1.0	1.0	1.0	1.0	1.0	1.0
0.7703827631136436	0.871327827318054	0.47532469375972264	1.0	1.0	1.0	1.0	1.0	0.0	0.0	1.0	0.0
0.6554773592404424	0.8760989328821709	0.4546674365814324	1.0	1.0	1.0	1.0	1.0	1.0	1.0	1.0	1.0
0.5689433574131179	0.7981275947237542	0.5127091279963739	0.0	0.0	0.0	0.0	0.0	0.0	0.0	0.0	0.0
0.6666371614725091	0.9945498805456362	0.14080083411140415	1.0	1.0	1.0	1.0	0.0	1.0	1.0	0.0	0.0
0.7414670342505532	0.9594051465509493	0.32668608132404914	1.0	0.0	1.0	1.0	0.0	0.0	1.0	0.0	0.0
0.7155367829126185	0.9986146937328245	0.13166089871521514	1.0	0.0	0.0	1.0	0.0	0.0	1.0	0.0	0.0
0.6046005593544664	0.9971358421084939	0.14114591653127725	1.0	0.0	1.0	1.0	0.0	1.0	1.0	0.0	0.0
0.6760317210560772	0.7718636114193831	0.6879546890425617	0.0	0.0	0.0	0.0	0.0	0.0	0.0	0.0	0.0
0.8598322894642287	0.975798923087865	0.24923731430683896	1.0	1.0	1.0	1.0	1.0	1.0	1.0	0.0	1.0
0.765728807790876	0.9987969394821594	0.14523855741704877	1.0	1.0	1.0	1.0	0.0	0.0	1.0	0.0	0.0
0.7084323638100232	0.9979467227638833	0.1514051241991725	1.0	1.0	1.0	1.0	1.0	1.0	1.0	1.0	1.0
0.729067348779251	0.9983693056023585	0.14259333888757966	1.0	1.0	1.0	1.0	1.0	1.0	1.0	1.0	1.0
0.6588543699569589	0.9684994659389108	0.22594346825396705	1.0	0.0	1.0	1.0	0.0	1.0	1.0	0.0	0.0
0.861235632776946	0.9524024152219874	0.28205487620921194	1.0	1.0	1.0	1.0	0.0	1.0	1.0	0.0	1.0
0.6549901698611968	0.8820531394072486	0.4546136072844496	1.0	1.0	1.0	1.0	1.0	1.0	1.0	1.0	1.0
0.7236438114898526	0.9265385031000976	0.3569131245429364	1.0	1.0	1.0	1.0	1.0	1.0	1.0	1.0	1.0
0.665275314159355	0.9076529796416088	0.4305351166690872	1.0	1.0	1.0	1.0	1.0	1.0	1.0	1.0	1.0
0.6736797539527577	0.9099946911316191	0.3964791420985077	1.0	1.0	1.0	1.0	1.0	1.0	1.0	1.0	1.0
0.6847308531149454	0.9438330621294614	0.17617583202514597	1.0	1.0	1.0	1.0	1.0	1.0	1.0	1.0	1.0
0.7017318221847376	0.9736863336830773	0.21279929190677563	1.0	1.0	1.0	1.0	1.0	1.0	1.0	1.0	1.0
0.6521588144025912	0.9603610723169805	0.23332746743012045	1.0	1.0	1.0	1.0	1.0	1.0	1.0	1.0	1.0
0.7569113980443047	0.9351471341539159	0.20376968525596065	1.0	1.0	1.0	1.0	1.0	1.0	1.0	1.0	0.0
0.8060319801421141	0.7355339350410566	0.5272223771908515	1.0	1.0	1.0	1.0	0.0	1.0	0.0	0.0	0.0
0.7863282562277893	0.9183884338153366	0.36885690355133155	1.0	1.0	1.0	1.0	1.0	1.0	1.0	1.0	1.0
0.5455752779379993	0.9389802073126737	0.4031594344642299	1.0	1.0	1.0	1.0	1.0	1.0	1.0	1.0	1.0
1.0366348255630788	0.9980305020805618	0.13239221561279133	1.0	0.0	1.0	1.0	0.0	1.0	1.0	0.0	1.0
0.609336687479638	0.9021028873781296	0.41435046621497085	1.0	1.0	1.0	1.0	1.0	1.0	1.0	1.0	1.0
0.6584801635666587	0.8136664790088596	0.5089114397469394	1.0	1.0	1.0	1.0	1.0	1.0	1.0	0.0	0.0
0.6812146584395823	0.9270816364120154	0.40850923069774514	1.0	1.0	1.0	1.0	1.0	1.0	1.0	1.0	1.0
0.6254530443053474	0.9239006636344477	0.42690604611769656	1.0	1.0	1.0	1.0	1.0	1.0	1.0	1.0	1.0
0.7806795801435401	0.7263034389609417	0.47116035450786997	1.0	1.0	1.0	1.0	1.0	1.0	0.0	1.0	1.0
0.6702418255779681	0.8727478880979115	0.4114271470066715	1.0	1.0	1.0	1.0	1.0	1.0	1.0	1.0	1.0
0.771413099322	0.8908878163284801	0.35794588035735836	1.0	1.0	1.0	1.0	1.0	1.0	1.0	1.0	1.0
0.7855594275329217	0.9492358146743933	0.2970548479172468	1.0	1.0	1.0	1.0	1.0	1.0	1.0	1.0	1.0
0.6525751136369227	0.8924334929031954	0.43617702143873216	1.0	1.0	1.0	1.0	1.0	1.0	1.0	1.0	1.0
0.8398498671543193	0.986404981491725	0.1586365400787795	1.0	1.0	1.0	1.0	0.0	1.0	1.0	0.0	0.0
0.666772173290141	0.9403784110306946	0.3822724225928172	1.0	1.0	1.0	1.0	1.0	1.0	1.0	1.0	1.0
0.8239181217858088	0.9028384390039784	0.3827776505605793	1.0	1.0	1.0	1.0	1.0	1.0	1.0	1.0	1.0
0.7202953683350011	0.9023767416246286	0.44367843688746145	1.0	1.0	1.0	1.0	1.0	1.0	1.0	1.0	1.0
0.6743565108051384	0.8985144985073436	0.33413283640978886	1.0	1.0	1.0	1.0	1.0	1.0	1.0	1.0	1.0
0.7848595177913433	0.8821519274171705	0.43833093229889214	1.0	1.0	1.0	0.0	1.0	1.0	0.0	1.0	1.0
0.665197558724207	0.8639821116876858	0.5350131400093454	1.0	1.0	1.0	1.0	1.0	0.0	1.0	1.0	0.0
0.656294177070535	0.930570215674825	0.37107250858092705	1.0	1.0	1.0	1.0	1.0	1.0	1.0	1.0	1.0
0.7177531165255262	0.6067074135952332	0.5289362726272605	1.0	0.0	1.0	1.0	0.0	1.0	1.0	0.0	0.0
0.7003991505555097	0.8960568186241779	0.2955776871822811	1.0	1.0	1.0	1.0	1.0	1.0	1.0	1.0	1.0
0.7372365345808315	0.929744392247634	0.3823369573681911	1.0	1.0	1.0	1.0	1.0	1.0	1.0	1.0	1.0
0.7057521122007253	0.8953176498561356	0.3882347892900104	1.0	1.0	1.0	1.0	1.0	1.0	1.0	1.0	1.0
0.6779996799436668	0.8785208658543581	0.40157130806054164	1.0	1.0	1.0	1.0	1.0	1.0	1.0	1.0	1.0
0.6235193313065105	0.8972575226358497	0.47381999115967893	1.0	1.0	1.0	1.0	1.0	1.0	1.0	1.0	1.0
0.7176543608856594	0.9107792662894402	0.36962105408225654	1.0	1.0	1.0	1.0	1.0	1.0	1.0	1.0	1.0
0.7393942918704624	0.8912989410936304	0.2613196283069928	1.0	1.0	1.0	1.0	1.0	1.0	1.0	1.0	1.0
0.703545205201837	0.9562741408484928	0.34545754335834833	1.0	1.0	1.0	1.0	1.0	1.0	1.0	1.0	1.0
0.6918508346790829	0.8820612902323829	0.3768308884981128	1.0	1.0	1.0	1.0	1.0	1.0	1.0	1.0	1.0
0.7234781383427323	0.7896740813963066	0.42487256029301324	1.0	1.0	1.0	1.0	1.0	1.0	1.0	1.0	1.0
0.7369379324252565	0.8889125882890998	0.4187415698045319	1.0	1.0	1.0	1.0	1.0	1.0	1.0	1.0	1.0
0.6728106579312678	0.8135836569398657	0.47986426458091985	1.0	1.0	1.0	1.0	0.0	1.0	1.0	0.0	0.0
0.7476797405372029	0.9025551330731572	0.40872924640247466	1.0	1.0	1.0	1.0	1.0	1.0	1.0	1.0	1.0
0.900597384271453	0.9876655726761867	0.27102959822082956	1.0	1.0	1.0	1.0	1.0	1.0	1.0	0.0	1.0
0.626348025081392	0.9599674346944591	0.34996973731781245	1.0	0.0	1.0	1.0	0.0	1.0	1.0	0.0	1.0
0.700818738196453	0.8425493575091395	0.3663101477540969	1.0	1.0	1.0	1.0	1.0	1.0	1.0	1.0	1.0
0.661649813321158	0.7728711514139656	0.40438995743570266	1.0	0.0	1.0	1.0	0.0	1.0	0.0	0.0	0.0
0.6205343839410098	0.9424432086964957	0.3023459597883627	1.0	1.0	1.0	1.0	1.0	1.0	1.0	1.0	1.0
0.5957350822463126	0.9517841783652662	0.22791581495894292	1.0	1.0	1.0	1.0	1.0	1.0	1.0	1.0	1.0
0.7427079260887507	0.9805012548500676	0.12017978911640154	1.0	1.0	1.0	1.0	1.0	1.0	1.0	1.0	1.0
1.6383983171649574	0.9983061519582455	0.1166844604786646	1.0	0.0	1.0	1.0	0.0	1.0	1.0	0.0	1.0
0.6883201940124467	0.9158543123020237	0.3458080036465174	1.0	1.0	1.0	1.0	1.0	1.0	1.0	1.0	1.0
0.7076974088731376	0.7689622031210448	0.6880647614178806	0.0	0.0	0.0	0.0	0.0	0.0	0.0	0.0	0.0
0.8235033464946361	0.9985571617263284	0.14835173891644657	1.0	1.0	1.0	1.0	1.0	1.0	1.0	1.0	1.0
0.7044748967761549	0.9987443302484599	0.08331229680457435	1.0	1.0	1.0	1.0	1.0	1.0	1.0	1.0	0.0
0.5113251003744863	0.9264421970166671	0.3745631567879793	1.0	1.0	1.0	0.0	1.0	1.0	0.0	1.0	1.0
0.49590620344595926	0.9989431878103323	0.12716850476272223	1.0	1.0	1.0	1.0	0.0	1.0	1.0	0.0	1.0
0.7659780826191782	0.8643607202542867	0.4536425066154983	1.0	1.0	1.0	1.0	1.0	1.0	1.0	1.0	1.0
0.656229593840556	0.6356520357799987	0.5756648328837044	1.0	1.0	1.0	1.0	1.0	1.0	1.0	0.0	1.0
0.6308478569692116	0.7831633149523824	0.5296097581617711	1.0	1.0	1.0	1.0	0.0	1.0	1.0	0.0	0.0
0.7712213737933014	0.961413834857529	0.3332324891052185	1.0	1.0	1.0	1.0	1.0	1.0	1.0	1.0	1.0
0.6912820964980786	0.975637779107879	0.25885240135289755	1.0	1.0	1.0	1.0	1.0	1.0	1.0	0.0	1.0
0.7165347240420321	0.5964786770461369	0.7311007613992183	1.0	0.0	1.0	1.0	0.0	1.0	1.0	0.0	0.0
0.6272126979647886	0.8713156590240686	0.4248680785814203	1.0	1.0	1.0	1.0	1.0	1.0	1.0	1.0	1.0
0.6229450202386368	0.9743799099452499	0.27455064377097704	1.0	0.0	1.0	1.0	0.0	1.0	1.0	0.0	1.0
0.7132240423453742	0.9692452481048054	0.24707368194362622	1.0	1.0	1.0	1.0	1.0	1.0	1.0	1.0	1.0
0.7855799480550059	0.7717938344506565	0.35241244502444224	0.0	1.0	1.0	0.0	1.0	1.0	0.0	1.0	1.0
0.8641679054846342	0.993341854118566	0.171573379199859	1.0	1.0	1.0	1.0	0.0	1.0	1.0	0.0	0.0
0.7521689743954443	0.9647168709923847	0.26135068896155333	1.0	1.0	1.0	1.0	1.0	1.0	1.0	0.0	1.0
0.6526766050909102	0.9386099172746165	0.3962070507065927	1.0	1.0	1.0	1.0	1.0	1.0	1.0	0.0	1.0
0.7225756115560104	0.875803401032272	0.4378896420443136	1.0	1.0	1.0	1.0	1.0	1.0	1.0	0.0	0.0
0.7041442449623153	0.9313302470218439	0.3195523959028876	1.0	1.0	1.0	1.0	1.0	1.0	1.0	1.0	1.0
0.9281078200484068	0.9980412169410228	0.13228168845964516	1.0	1.0	1.0	1.0	1.0	1.0	1.0	1.0	1.0
0.7294390327119218	0.9191456216912332	0.20777208630895888	1.0	1.0	1.0	1.0	1.0	1.0	1.0	1.0	1.0
0.7603346894447177	0.8804624210011229	0.4485940818121045	1.0	1.0	1.0	1.0	1.0	1.0	1.0	1.0	1.0
0.7323659221036282	0.8665692001243963	0.4528700635464578	1.0	1.0	1.0	1.0	1.0	1.0	1.0	1.0	1.0
0.9417004043655575	0.997260356291199	0.134398002181052	1.0	0.0	0.0	1.0	0.0	0.0	1.0	0.0	0.0
0.592420309396716	0.8290217598496694	0.42153619441023527	1.0	1.0	1.0	1.0	1.0	1.0	0.0	1.0	1.0
0.8205193421394478	0.9962401068871236	0.06820662426206915	1.0	0.0	0.0	1.0	0.0	0.0	1.0	0.0	0.0
0.7909654394627608	0.9211125690359335	0.27477837852332565	1.0	1.0	1.0	1.0	1.0	1.0	0.0	1.0	1.0
0.6223064179169506	0.9467077031961142	0.3475292176769698	1.0	1.0	1.0	1.0	1.0	1.0	1.0	1.0	1.0
0.6198405865065589	0.8567138130266295	0.4219274934944781	1.0	1.0	1.0	1.0	1.0	1.0	1.0	1.0	1.0
0.753783089499633	0.9209162964881757	0.37490284598840007	1.0	1.0	1.0	1.0	1.0	1.0	1.0	1.0	1.0
0.635803982766995	0.9032654355195986	0.3911737711660195	1.0	1.0	1.0	1.0	1.0	1.0	1.0	1.0	1.0
0.6429329535378673	0.9487794261457086	0.2637294526909315	1.0	1.0	1.0	1.0	1.0	1.0	1.0	1.0	1.0
0.6828461732406567	0.9018281516084447	0.32433810625464843	1.0	1.0	1.0	1.0	1.0	1.0	1.0	1.0	1.0
0.7917389719746482	0.9444896036271564	0.31570576416958696	1.0	1.0	1.0	1.0	1.0	1.0	1.0	1.0	1.0
0.8862376191688932	0.9733568670252346	0.19904059257873957	1.0	1.0	1.0	1.0	1.0	1.0	1.0	1.0	1.0
0.7856804657509957	0.945568424679374	0.3496657888781855	1.0	1.0	1.0	1.0	1.0	1.0	1.0	1.0	1.0
1.2583548275908485	0.9983351414835093	0.1390317733458155	1.0	1.0	1.0	1.0	1.0	1.0	1.0	0.0	1.0
0.710781070256933	0.9547312506447599	0.3043663887093081	1.0	1.0	1.0	1.0	1.0	1.0	1.0	1.0	1.0
0.7640783201169569	0.9979106543591191	0.10936378330707842	1.0	0.0	0.0	1.0	0.0	0.0	1.0	0.0	0.0
0.7162787962652404	0.9528558288288882	0.280378812632488	1.0	1.0	1.0	1.0	1.0	1.0	1.0	1.0	1.0
0.9138720160529868	0.9968969161412079	0.12598763719720033	1.0	1.0	1.0	1.0	0.0	0.0	1.0	0.0	0.0
0.7096652859733622	0.7382032117278429	0.6463279359369231	1.0	0.0	0.0	1.0	0.0	0.0	1.0	0.0	0.0
0.6319991044382705	0.8756195732751243	0.5121311015481895	1.0	1.0	0.0	1.0	1.0	0.0	1.0	0.0	0.0
0.8703801565021542	0.9988639262833209	0.11104596144568012	1.0	1.0	1.0	1.0	1.0	1.0	1.0	1.0	1.0
0.643486425466586	0.8628625823587022	0.526711240560354	1.0	1.0	1.0	1.0	1.0	1.0	1.0	1.0	0.0
0.709456699053588	0.6944973012414676	0.555833032921898	1.0	1.0	1.0	1.0	1.0	1.0	1.0	1.0	1.0
0.6597641803309003	0.9936156459826357	0.20264357459472804	1.0	0.0	1.0	1.0	0.0	1.0	1.0	0.0	1.0
0.6733654940799024	0.8857177898413005	0.34531987892320715	1.0	1.0	1.0	1.0	1.0	1.0	1.0	1.0	1.0
0.659242553402912	0.918564356359542	0.37260908315922553	1.0	1.0	1.0	1.0	1.0	1.0	1.0	1.0	1.0
0.6782774819993388	0.974214988872664	0.2453753218519519	1.0	1.0	1.0	1.0	1.0	1.0	1.0	1.0	1.0
0.7939309927151416	0.940692274304096	0.32239723150503186	1.0	1.0	1.0	1.0	1.0	1.0	1.0	1.0	1.0
0.787903255874517	0.9096658703750873	0.47217127239147233	1.0	1.0	1.0	1.0	1.0	1.0	1.0	1.0	1.0
0.7845338412359087	0.9574580029295557	0.2390583024094623	1.0	1.0	1.0	1.0	1.0	1.0	1.0	1.0	1.0
0.7592622758260179	0.99717629727024	0.25300338518264376	1.0	0.0	1.0	1.0	0.0	1.0	1.0	0.0	1.0
0.6736900021023461	0.8855043583973913	0.4452051833851907	1.0	1.0	1.0	1.0	1.0	1.0	1.0	1.0	1.0
0.741474461503896	0.9137769858753152	0.32798416664275754	1.0	1.0	1.0	1.0	1.0	1.0	1.0	1.0	1.0
0.8674223179014445	0.9028768661895146	0.31880880070052897	1.0	1.0	1.0	1.0	1.0	1.0	1.0	1.0	1.0
1.6267294860183936	0.9985320093894199	0.9064196969465116	0.0	0.0	1.0	0.0	0.0	1.0	0.0	0.0	1.0
0.7776955458667085	0.9042089898483358	0.40141120465859836	1.0	1.0	1.0	1.0	1.0	1.0	1.0	1.0	1.0
0.7382071949729899	0.8733951788043236	0.402488196720484	1.0	1.0	1.0	1.0	1.0	1.0	0.0	1.0	1.0
0.6489468348494377	0.8682793126877949	0.49693947707515074	1.0	1.0	1.0	1.0	1.0	1.0	1.0	1.0	0.0
0.690799519649804	0.852623747505236	0.5786305148178903	1.0	1.0	1.0	1.0	1.0	0.0	1.0	1.0	0.0
0.7620604062289212	0.7724552389550657	0.5224187286227541	1.0	1.0	1.0	0.0	1.0	1.0	0.0	1.0	1.0
0.7260164198949848	0.9387717248288655	0.33697128295639267	1.0	1.0	1.0	1.0	1.0	1.0	1.0	1.0	1.0
0.3446880798782223	0.998364307086548	0.2070839150947361	1.0	0.0	1.0	1.0	0.0	1.0	1.0	0.0	1.0
0.7216726373094626	0.8671597592234118	0.4141705135807624	1.0	1.0	1.0	1.0	1.0	1.0	1.0	1.0	1.0
0.6838980980644235	0.8276597802600165	0.4779934013446953	1.0	1.0	1.0	1.0	1.0	1.0	1.0	1.0	1.0
0.5707294121805738	0.9162227902314354	0.2996086620594692	1.0	1.0	1.0	1.0	1.0	1.0	1.0	1.0	1.0
0.6769193196173532	0.7083354721633561	0.6648306053263766	1.0	0.0	0.0	1.0	0.0	0.0	0.0	0.0	0.0
0.7159216458484874	0.9326374187450435	0.4376285362974825	1.0	1.0	1.0	1.0	1.0	1.0	1.0	1.0	1.0
0.7006011759018539	0.8691266488431079	0.45473347582823287	1.0	1.0	1.0	1.0	1.0	1.0	1.0	1.0	1.0
1.0838398483211507	0.9984730889827763	0.13296172166453507	1.0	0.0	1.0	1.0	0.0	0.0	1.0	0.0	0.0
0.6611617505335813	0.7898879587460443	0.4900574742940497	1.0	1.0	1.0	1.0	1.0	1.0	1.0	0.0	1.0
0.6952275756644807	0.9732383219413021	0.17399455964109856	1.0	1.0	1.0	1.0	1.0	1.0	1.0	0.0	0.0
0.8147603849318968	0.9984624550349037	0.13641658648258875	1.0	0.0	1.0	1.0	0.0	1.0	1.0	0.0	0.0
0.7918275805470637	0.7008569383971297	0.5490584617220055	1.0	1.0	1.0	0.0	0.0	1.0	0.0	0.0	1.0
0.7879301504726198	0.9214604976960071	0.4078029283299692	1.0	1.0	1.0	1.0	1.0	1.0	0.0	1.0	1.0
0.9371205406632581	0.9985134660949406	0.12261234414982207	1.0	0.0	0.0	1.0	0.0	0.0	1.0	0.0	0.0
0.6197773208198649	0.7683020047430765	0.662795378590622	1.0	0.0	0.0	1.0	0.0	0.0	0.0	0.0	0.0
0.7386415803793882	0.8977147616745377	0.3602575554425799	1.0	1.0	1.0	1.0	1.0	1.0	1.0	1.0	1.0
0.618289861183195	0.9207312126197666	0.31396723650943253	1.0	1.0	1.0	1.0	1.0	1.0	1.0	1.0	1.0
0.5988438638210406	0.9290895077875266	0.36924417849734914	1.0	1.0	1.0	1.0	1.0	1.0	1.0	1.0	1.0
0.6997469612758072	0.9472508151013943	0.3290621319971434	1.0	1.0	1.0	1.0	1.0	1.0	1.0	1.0	1.0
0.7615808968841344	0.9467693695879972	0.3155204934494162	1.0	1.0	1.0	1.0	1.0	1.0	1.0	1.0	1.0
0.7199509371668305	0.868466779126026	0.5181605461403612	1.0	1.0	1.0	1.0	1.0	1.0	1.0	1.0	1.0
1.1513647307053654	0.9987627908391593	0.11944881178719477	1.0	1.0	1.0	1.0	1.0	1.0	0.0	0.0	0.0
