0.629647646140539	0.9660139546667562	0.26384810583107476	1.0	1.0	1.0	1.0	1.0	1.0	1.0	1.0	1.0
0.7470104740159661	0.8178951395677613	0.5130985585266519	1.0	1.0	1.0	1.0	1.0	1.0	1.0	0.0	0.0
0.594636174404708	0.997977551515775	0.1384667888305805	1.0	1.0	1.0	1.0	1.0	1.0	1.0	1.0	1.0
0.6358099359619195	0.8413383708876351	0.345120331348196	1.0	1.0	1.0	1.0	1.0	1.0	1.0	1.0	1.0
0.664689277864232	0.7206408379403503	0.7039153670511994	1.0	0.0	0.0	1.0	0.0	0.0	1.0	0.0	0.0
0.6403411082427719	0.9663661159637628	0.23569226616854344	1.0	1.0	1.0	1.0	1.0	1.0	1.0	1.0	1.0
0.6343325976672802	0.9206505722191414	0.42489185844132954	1.0	1.0	1.0	1.0	1.0	1.0	1.0	1.0	1.0
0.5813304344461561	0.7931619104783584	0.6496266009705188	1.0	1.0	0.0	1.0	0.0	0.0	0.0	0.0	0.0
0.7607460245337031	0.9412652719359477	0.34459884340241925	1.0	1.0	1.0	1.0	1.0	1.0	1.0	1.0	1.0
0.6282814399591425	0.9929961226600664	0.14357467654845837	1.0	1.0	1.0	1.0	1.0	1.0	1.0	1.0	1.0
0.7052436283397723	0.930481332577992	0.3662430807645294	1.0	1.0	1.0	1.0	1.0	1.0	1.0	1.0	1.0
0.7593821871131883	0.9456237695115359	0.23858388432991878	1.0	1.0	1.0	1.0	1.0	1.0	1.0	1.0	1.0
0.7152076776699187	0.9328871699354384	0.31258284740466025	1.0	1.0	1.0	1.0	1.0	1.0	1.0	1.0	1.0
0.7459566007222436	0.9165039083254386	0.39961801073851533	1.0	1.0	1.0	1.0	1.0	1.0	1.0	1.0	1.0
0.7495672148731607	0.9032598402460178	0.4106372049422932	1.0	1.0	1.0	1.0	1.0	1.0	1.0	1.0	1.0
0.5904128458328377	0.9773058886400565	0.263896198435243	1.0	1.0	1.0	1.0	1.0	1.0	1.0	1.0	1.0
0.7013112840390002	0.8193564590963884	0.4367190198514307	1.0	1.0	1.0	1.0	1.0	1.0	1.0	1.0	1.0
0.6870464877241855	0.8002721376586349	0.4986269847256929	1.0	1.0	1.0	1.0	1.0	1.0	1.0	1.0	1.0
0.7160957902382926	0.8899375906929429	0.4067599840986444	1.0	1.0	1.0	1.0	1.0	1.0	1.0	1.0	1.0
0.7441606173292317	0.97239531421469	0.2640966868583441	1.0	1.0	1.0	1.0	1.0	1.0	1.0	1.0	1.0
0.6924619209397783	0.9560287937757408	0.3001800099315396	1.0	1.0	1.0	1.0	1.0	1.0	1.0	1.0	1.0
0.7620370819336386	0.9482817188923433	0.3022054486868632	1.0	1.0	1.0	1.0	1.0	1.0	1.0	1.0	1.0
0.669671090143741	0.7900564020334288	0.5594183441709091	1.0	1.0	1.0	1.0	1.0	1.0	1.0	0.0	0.0
0.4637467781406241	0.9952708742314454	0.190960197497441	1.0	1.0	1.0	1.0	1.0	1.0	1.0	1.0	1.0
0.684224846510527	0.8170815856803454	0.5253168193121194	1.0	1.0	1.0	1.0	1.0	1.0	1.0	1.0	1.0
0.6464702712655647	0.9191363874237862	0.40635920440185636	1.0	1.0	1.0	1.0	1.0	1.0	1.0	1.0	1.0
0.6154988500525816	0.9289978689889634	0.3745047932290865	1.0	1.0	1.0	1.0	1.0	1.0	1.0	1.0	1.0
0.7001566698379134	0.925328961782689	0.27827885927426804	1.0	1.0	1.0	1.0	1.0	1.0	1.0	1.0	1.0
0.7039205368411017	0.8625822107210364	0.36168356083710423	1.0	1.0	1.0	1.0	1.0	1.0	1.0	1.0	1.0
0.6098964515270722	0.9874016391238217	0.13254073224652604	1.0	1.0	1.0	1.0	1.0	1.0	1.0	1.0	1.0
0.6877143485262345	0.9664424131096865	0.31094438873369923	1.0	1.0	1.0	1.0	1.0	1.0	1.0	1.0	1.0
0.7413863724853342	0.9482331924334815	0.27773034155230136	1.0	1.0	1.0	1.0	1.0	1.0	1.0	1.0	1.0
0.407094234651188	0.9986141683839775	0.1533394251371392	1.0	1.0	1.0	1.0	1.0	1.0	1.0	1.0	1.0
0.7246657063360709	0.8935017425553554	0.4381179478074809	1.0	1.0	1.0	1.0	1.0	1.0	1.0	1.0	1.0
0.7575421803418556	0.9869743709578451	0.16651567660109493	1.0	1.0	1.0	1.0	1.0	1.0	1.0	1.0	1.0
0.8089869912042464	0.9855496924960863	0.13956088603574235	1.0	1.0	1.0	1.0	1.0	1.0	1.0	1.0	1.0
0.6397490328626388	0.9591196170114126	0.29402627992758174	1.0	1.0	1.0	1.0	1.0	1.0	1.0	1.0	1.0
0.7788493687332451	0.998005183787715	0.09550092985540591	1.0	1.0	1.0	1.0	1.0	1.0	1.0	1.0	0.0
0.6666845622906861	0.9298399275483815	0.38093836927719815	1.0	1.0	1.0	1.0	1.0	1.0	1.0	1.0	1.0
0.671201369927436	0.929332974499514	0.33996963269393055	1.0	1.0	1.0	1.0	1.0	1.0	1.0	1.0	1.0
0.7288258773686689	0.8417479100366633	0.5489407605628037	1.0	1.0	1.0	1.0	1.0	1.0	1.0	1.0	0.0
0.5344791262456282	0.9954268496718596	0.15573997736334624	1.0	1.0	1.0	1.0	1.0	1.0	1.0	1.0	1.0
0.6712324500383041	0.9612089096975741	0.3090868342821272	1.0	1.0	1.0	1.0	1.0	1.0	1.0	1.0	1.0
0.734721667372049	0.8218225447244824	0.578981438799999	1.0	1.0	1.0	1.0	1.0	1.0	1.0	1.0	0.0
0.6966356257317049	0.8936339023823561	0.4063951054265963	1.0	1.0	1.0	1.0	1.0	1.0	1.0	1.0	1.0
0.608970004923479	0.9871359659527537	0.22741774508642099	1.0	1.0	1.0	1.0	1.0	1.0	1.0	1.0	1.0
0.6792678809097772	0.7861208575950887	0.49731734787783577	1.0	1.0	1.0	1.0	1.0	1.0	1.0	0.0	1.0
0.7091788351455103	0.9929075278659983	0.10647009984724362	1.0	1.0	1.0	1.0	1.0	1.0	1.0	1.0	1.0
0.7145709058750949	0.8312197977215898	0.5346085215139978	1.0	1.0	1.0	1.0	1.0	1.0	1.0	1.0	1.0
0.701173850119829	0.9931149538580313	0.12939081953444556	1.0	1.0	1.0	1.0	1.0	1.0	1.0	1.0	1.0
0.7746924081992222	0.920670717978946	0.30106814214137134	1.0	1.0	1.0	1.0	1.0	1.0	1.0	1.0	1.0
0.5412743669227167	0.9922451454522607	0.12773616568968185	1.0	1.0	1.0	1.0	1.0	1.0	1.0	1.0	1.0
0.67820388055874	0.8259597092490709	0.4696126689081608	1.0	1.0	1.0	1.0	1.0	1.0	1.0	1.0	1.0
0.7782609364857481	0.9285184034046129	0.30957232385210426	1.0	1.0	1.0	1.0	1.0	1.0	1.0	1.0	1.0
0.7519956579943018	0.9274552848567734	0.2890017490160546	1.0	1.0	1.0	1.0	1.0	1.0	1.0	1.0	1.0
0.6266528205997302	0.8799804654756423	0.4312882968370769	1.0	1.0	1.0	1.0	1.0	1.0	1.0	1.0	1.0
0.5671424700153408	0.9038031070077817	0.3854389054082771	1.0	1.0	1.0	1.0	1.0	1.0	1.0	1.0	1.0
0.6933495841975279	0.9108539353614578	0.39855027615505806	1.0	1.0	1.0	1.0	1.0	1.0	1.0	1.0	1.0
0.8351275529287399	0.896678221111774	0.34911631199844134	1.0	1.0	1.0	0.0	1.0	1.0	0.0	1.0	1.0
0.7580254956030504	0.9428280754917842	0.3250294167120619	1.0	1.0	1.0	1.0	1.0	1.0	1.0	1.0	1.0
0.6430871290928765	0.888085152363499	0.3417263689861229	1.0	1.0	1.0	1.0	1.0	1.0	1.0	1.0	1.0
0.5453208716363814	0.9921804884429738	0.17848231738817977	1.0	1.0	1.0	1.0	1.0	1.0	1.0	1.0	1.0
0.6618834620086145	0.9903824207840626	0.10764649002633131	1.0	1.0	1.0	1.0	1.0	1.0	1.0	1.0	0.0
0.6091633960132129	0.892127732296601	0.3799178368998206	1.0	1.0	1.0	1.0	1.0	1.0	1.0	1.0	1.0
0.6519134101006322	0.9710297512071848	0.18240871999129762	1.0	1.0	1.0	1.0	1.0	1.0	1.0	1.0	0.0
0.6391313586362528	0.9137683637211917	0.326183055757303	1.0	1.0	1.0	1.0	1.0	1.0	1.0	1.0	1.0
0.66707233407343	0.8623526122611017	0.45834705311296053	1.0	1.0	1.0	1.0	1.0	1.0	1.0	1.0	1.0
0.6122057478460591	0.8367193438065131	0.3695775825134808	1.0	1.0	1.0	1.0	1.0	1.0	1.0	1.0	1.0
0.6533256206504239	0.7927045720847331	0.555088270550242	1.0	1.0	1.0	1.0	1.0	1.0	1.0	0.0	0.0
0.6095711219574731	0.7877541914393583	0.6182054578169432	1.0	1.0	1.0	1.0	0.0	0.0	1.0	0.0	0.0
0.4041510452902267	0.9963392458379419	0.16554903431784276	1.0	1.0	1.0	1.0	1.0	1.0	1.0	1.0	1.0
0.6173505303812066	0.9183677427412741	0.3783438904989724	1.0	1.0	1.0	1.0	1.0	1.0	1.0	1.0	1.0
0.7551049619731739	0.9832731386939952	0.14611929003261254	1.0	1.0	1.0	1.0	1.0	1.0	1.0	1.0	0.0
0.7429134827178786	0.8429579647681711	0.38683224902361707	1.0	1.0	1.0	1.0	1.0	1.0	1.0	1.0	1.0
0.7402675649659958	0.882500790068497	0.4909724681547665	1.0	1.0	1.0	1.0	1.0	1.0	1.0	1.0	0.0
0.7309554765018523	0.8431661350026649	0.46240385771944037	1.0	1.0	1.0	1.0	1.0	1.0	1.0	1.0	1.0
0.6463451047910129	0.9576310333571709	0.27539117311285566	1.0	1.0	1.0	1.0	1.0	1.0	1.0	1.0	1.0
0.5909605004815185	0.9844866856894767	0.1252486961456238	1.0	1.0	0.0	1.0	0.0	0.0	1.0	0.0	0.0
0.6926782803085023	0.9140278196004235	0.3153043075136468	1.0	1.0	1.0	1.0	1.0	1.0	1.0	1.0	1.0
0.6974539297870681	0.9721437554551471	0.24635925308573564	1.0	1.0	1.0	1.0	1.0	1.0	1.0	1.0	1.0
0.7208202866745945	0.8423815350591216	0.49112387410038433	1.0	1.0	1.0	1.0	1.0	1.0	1.0	1.0	1.0
0.7171367405932101	0.9945137137590472	0.12143932121953344	1.0	1.0	1.0	1.0	1.0	1.0	1.0	1.0	1.0
0.6737889291686909	0.9792298951605279	0.2527774537605557	1.0	1.0	1.0	1.0	1.0	1.0	1.0	1.0	1.0
0.5882000038299328	0.9310026586783472	0.37922175196104385	1.0	1.0	1.0	1.0	1.0	1.0	1.0	1.0	1.0
0.5385068359868739	0.9871343448511809	0.2805575666883854	1.0	1.0	1.0	1.0	1.0	1.0	1.0	1.0	1.0
0.6640925166170165	0.8360588327696166	0.5316977203565852	1.0	1.0	1.0	1.0	1.0	1.0	1.0	1.0	1.0
0.6516957750507504	0.9790783357971692	0.1667028728420025	1.0	1.0	1.0	1.0	1.0	1.0	1.0	1.0	1.0
0.6832692663760568	0.9193903371135227	0.4563740974646272	1.0	1.0	1.0	1.0	1.0	1.0	1.0	1.0	1.0
0.7459127096884689	0.8490199393731434	0.48371214752391567	1.0	1.0	1.0	1.0	1.0	1.0	1.0	1.0	1.0
0.6532961873889294	0.9804326310069428	0.23243894591532116	1.0	1.0	1.0	1.0	1.0	1.0	1.0	1.0	1.0
0.6839712235947967	0.9723792086744789	0.24450809697716583	1.0	1.0	1.0	1.0	1.0	1.0	1.0	1.0	1.0
0.6953110241886635	0.9597016982045335	0.2518225699971451	1.0	1.0	1.0	1.0	1.0	1.0	1.0	1.0	1.0
0.6997031310790542	0.9307036088614131	0.37871258446592515	1.0	1.0	1.0	1.0	1.0	1.0	1.0	1.0	1.0
0.6051130896008983	0.8371369401383228	0.40760683808550624	1.0	1.0	1.0	1.0	1.0	1.0	0.0	1.0	1.0
0.6980032108244498	0.9058061077516708	0.4899528297762485	1.0	1.0	1.0	1.0	1.0	1.0	1.0	1.0	1.0
0.6405401593417861	0.9098135375982366	0.4255590451933723	1.0	1.0	1.0	1.0	1.0	1.0	1.0	1.0	1.0
0.7063191015422808	0.6200834240210262	0.44428812367569337	1.0	1.0	1.0	1.0	0.0	1.0	1.0	0.0	1.0
0.7722873055876673	0.9635033134445407	0.19873349689365766	1.0	1.0	1.0	1.0	1.0	1.0	1.0	1.0	1.0
0.7098775958709582	0.9269698818840647	0.38821997047928636	1.0	1.0	1.0	1.0	1.0	1.0	1.0	1.0	1.0
0.7773404673848058	0.8816219606324966	0.45084822339784286	1.0	1.0	1.0	1.0	1.0	1.0	1.0	1.0	1.0
0.7586691899195029	0.8631287164798782	0.4765120080271499	1.0	1.0	1.0	1.0	1.0	1.0	1.0	1.0	1.0
0.6790595571806111	0.9425070918486395	0.33572550543962176	1.0	1.0	1.0	1.0	1.0	1.0	1.0	1.0	1.0
0.8172746234599871	0.8732616042094751	0.5142175546994224	1.0	1.0	1.0	0.0	1.0	1.0	0.0	1.0	0.0
0.6014410305721154	0.9844976522732882	0.2514058711847402	1.0	1.0	1.0	1.0	1.0	1.0	1.0	1.0	1.0
0.5990582971139607	0.925408683784914	0.37637862974022085	1.0	1.0	1.0	1.0	1.0	1.0	1.0	1.0	1.0
0.5990606765225487	0.8539401195937221	0.46251549505751316	1.0	1.0	1.0	1.0	1.0	1.0	1.0	1.0	1.0
0.648714678154779	0.8463859131452532	0.4630155683921369	1.0	1.0	1.0	1.0	1.0	1.0	1.0	1.0	1.0
0.6216343020668341	0.9524406476185533	0.34971443872289576	1.0	1.0	1.0	1.0	1.0	1.0	1.0	1.0	1.0
0.722644761669012	0.9000313005349455	0.4119474010900665	1.0	1.0	1.0	1.0	1.0	1.0	1.0	1.0	1.0
0.6832704910241302	0.7630713054951725	0.6379335580999403	1.0	0.0	1.0	1.0	0.0	0.0	1.0	0.0	0.0
0.69664200140304	0.9902312344443369	0.2080246446018938	1.0	1.0	1.0	1.0	1.0	1.0	1.0	1.0	1.0
0.6465877120936063	0.8112591170710446	0.5091079788865249	1.0	1.0	1.0	1.0	1.0	1.0	1.0	0.0	1.0
0.5582954765057195	0.9985012486793318	0.12180758614822994	1.0	1.0	1.0	1.0	1.0	1.0	1.0	1.0	1.0
0.7255121366778146	0.7778562644561626	0.6221059289018794	1.0	1.0	1.0	1.0	1.0	1.0	1.0	0.0	0.0
0.5766866623941322	0.9943074690772506	0.1691913207857064	1.0	1.0	1.0	1.0	1.0	1.0	1.0	1.0	1.0
0.6264457269176464	0.9531542766821199	0.28531469405271953	1.0	1.0	1.0	1.0	1.0	1.0	1.0	1.0	1.0
0.5545337980308369	0.9961424504277694	0.14038425045364256	1.0	1.0	1.0	1.0	1.0	1.0	1.0	1.0	1.0
0.6708954936690368	0.8779860347126165	0.4522476879423182	1.0	1.0	1.0	1.0	1.0	1.0	1.0	1.0	1.0
0.6190145095945988	0.9552666463728663	0.31151168736741947	1.0	1.0	1.0	1.0	1.0	1.0	1.0	1.0	1.0
0.5864301097757254	0.978706064669805	0.22115142158973097	1.0	1.0	1.0	1.0	1.0	1.0	1.0	1.0	1.0
0.7241465111221044	0.8447308437739307	0.5150742552048676	1.0	1.0	1.0	1.0	1.0	1.0	1.0	1.0	1.0
0.608343661168241	0.8851958277515841	0.46114734216407116	1.0	1.0	1.0	1.0	1.0	1.0	1.0	1.0	1.0
0.7574838514847568	0.8791559312680982	0.42688129101152766	1.0	1.0	1.0	1.0	1.0	1.0	1.0	1.0	1.0
0.6489436972560124	0.8181014195821202	0.4698298794946125	1.0	1.0	1.0	1.0	1.0	1.0	1.0	1.0	1.0
0.8424709630555771	0.7902726666793113	0.4451810212899953	0.0	1.0	1.0	0.0	1.0	1.0	0.0	1.0	1.0
0.7043713430358325	0.9453574220042086	0.30414633018321424	1.0	1.0	1.0	1.0	1.0	1.0	1.0	1.0	1.0
0.6849334244430977	0.9904935376779365	0.20152589196256906	1.0	1.0	1.0	1.0	1.0	1.0	1.0	1.0	1.0
0.7229358969539137	0.8822711300729305	0.4308535188549641	1.0	1.0	1.0	1.0	1.0	1.0	1.0	1.0	1.0
0.8276007628588383	0.6837127775420292	0.4810455678346999	0.0	1.0	1.0	0.0	0.0	1.0	0.0	0.0	1.0
0.7247133449951147	0.8749975218919313	0.5059204440226843	1.0	1.0	1.0	1.0	1.0	1.0	1.0	1.0	1.0
0.472767297337363	0.997740242032465	0.167876591018605	1.0	1.0	1.0	1.0	1.0	1.0	1.0	1.0	1.0
0.6614512910409279	0.8951781664683538	0.3397831009480962	1.0	1.0	1.0	1.0	1.0	1.0	1.0	1.0	1.0
0.7445796494188568	0.7101754449580534	0.7017099144554473	1.0	0.0	0.0	1.0	0.0	0.0	1.0	0.0	0.0
0.6139944680698194	0.9287085431972403	0.4140776642538144	1.0	1.0	1.0	1.0	1.0	1.0	1.0	1.0	1.0
0.6321224882233671	0.9872636731803077	0.21399202734283612	1.0	1.0	1.0	1.0	1.0	1.0	1.0	1.0	1.0
0.7135817021996107	0.9036371162270853	0.26714605282025283	1.0	1.0	1.0	1.0	1.0	1.0	1.0	1.0	1.0
0.565814687583663	0.9414978108113436	0.33611046964641167	1.0	1.0	1.0	1.0	1.0	1.0	1.0	1.0	1.0
0.6863020990759506	0.9037031090502687	0.34756607621034913	1.0	1.0	1.0	1.0	1.0	1.0	1.0	1.0	1.0
0.7506208302442762	0.8608417528445202	0.471861376729543	1.0	1.0	1.0	1.0	1.0	1.0	1.0	1.0	1.0
0.6471350215291161	0.9277840138584191	0.35496263160901964	1.0	1.0	1.0	1.0	1.0	1.0	1.0	1.0	1.0
0.6920306867020556	0.9550962492427618	0.25411424055007964	1.0	1.0	1.0	1.0	1.0	1.0	1.0	1.0	1.0
0.5999884058640959	0.7567548543114738	0.49313307550461916	1.0	1.0	1.0	1.0	1.0	1.0	0.0	1.0	1.0
0.6794251443065268	0.9027044752482384	0.3714752973508269	1.0	1.0	1.0	1.0	1.0	1.0	1.0	1.0	1.0
0.7449757308565513	0.8827126233642696	0.4318166902487276	1.0	1.0	1.0	1.0	1.0	1.0	1.0	1.0	1.0
0.7081766711191024	0.7837113291145311	0.5718825265100222	1.0	1.0	1.0	1.0	1.0	1.0	1.0	0.0	0.0
0.6675110780348736	0.8752518859398569	0.36134086426119166	1.0	1.0	1.0	1.0	1.0	1.0	1.0	1.0	1.0
0.5955212058866178	0.9965998523407912	0.1463803972428882	1.0	1.0	1.0	1.0	1.0	1.0	1.0	1.0	1.0
0.6298782610963043	0.8782650885094606	0.44969658639067694	1.0	1.0	1.0	1.0	1.0	1.0	1.0	1.0	1.0
0.7023542619044608	0.9589305205532763	0.34038189229685856	1.0	1.0	1.0	1.0	1.0	1.0	1.0	1.0	1.0
0.6877921038184182	0.8753442721556778	0.43193238419277935	1.0	1.0	1.0	1.0	1.0	1.0	1.0	1.0	1.0
0.6271493198644508	0.9942503517335638	0.11271506390363313	1.0	1.0	1.0	1.0	1.0	1.0	1.0	1.0	1.0
0.7181520939995621	0.924357151301542	0.31112748646857125	1.0	1.0	1.0	1.0	1.0	1.0	1.0	1.0	1.0
0.6476283294877997	0.9871716794931416	0.20356195490386975	1.0	1.0	1.0	1.0	1.0	1.0	1.0	0.0	1.0
0.6448045173241307	0.8220608706399691	0.36636305081069753	1.0	1.0	1.0	1.0	1.0	1.0	1.0	1.0	1.0
0.6473650167839329	0.9973969446490751	0.15182249803335773	1.0	1.0	1.0	1.0	1.0	1.0	1.0	1.0	1.0
0.6298850828613023	0.9978735141945335	0.09736920408371723	1.0	1.0	1.0	1.0	1.0	1.0	1.0	1.0	1.0
0.6991298778528089	0.8302872775947135	0.5396801445706702	1.0	1.0	1.0	1.0	1.0	1.0	1.0	1.0	0.0
0.6842134675657465	0.9051250653245296	0.40049101734505	1.0	1.0	1.0	1.0	1.0	1.0	1.0	1.0	1.0
0.7546134278921683	0.94095149303866	0.3353764817313883	1.0	1.0	1.0	1.0	1.0	1.0	1.0	1.0	1.0
0.5813688169130312	0.8696025811188101	0.5084897643436789	1.0	1.0	1.0	1.0	1.0	1.0	1.0	1.0	1.0
0.6206814615708315	0.8708245082235142	0.48522425081498116	1.0	1.0	1.0	1.0	1.0	1.0	1.0	1.0	1.0
0.6191480524239009	0.8343704834007732	0.5008347382517585	1.0	1.0	1.0	1.0	1.0	1.0	1.0	1.0	1.0
0.6242776201895002	0.8430831094833806	0.4956893986320803	1.0	1.0	1.0	1.0	1.0	1.0	1.0	1.0	1.0
0.8364541480418586	0.8778639921378943	0.4832973591852058	1.0	1.0	1.0	0.0	1.0	1.0	0.0	1.0	1.0
0.6191334829456371	0.8729802566729928	0.4750725279253233	1.0	1.0	1.0	1.0	1.0	1.0	1.0	1.0	1.0
0.5604239792576794	0.9711884039639379	0.28721285982186884	1.0	1.0	1.0	1.0	1.0	1.0	1.0	1.0	1.0
0.6861949609805473	0.797601909262734	0.584120778462366	1.0	1.0	1.0	1.0	0.0	0.0	1.0	0.0	0.0
0.6456564771551087	0.8618524673161191	0.42059540824398	1.0	1.0	1.0	1.0	1.0	1.0	1.0	1.0	1.0
0.7165060984199232	0.9236774724863371	0.4168314632015337	1.0	1.0	1.0	1.0	1.0	1.0	1.0	1.0	1.0
0.6652503389750578	0.8749822466957171	0.4229765683486863	1.0	1.0	1.0	1.0	1.0	1.0	1.0	1.0	1.0
0.7191968465223921	0.813862968308622	0.3901814731519822	1.0	1.0	1.0	1.0	1.0	1.0	1.0	1.0	1.0
0.7594634001018469	0.9401458504575533	0.33148933581915874	1.0	1.0	1.0	1.0	1.0	1.0	1.0	1.0	1.0
0.6702106033556786	0.8481621006202341	0.42675518410253205	1.0	1.0	1.0	1.0	1.0	1.0	1.0	1.0	1.0
0.6554438806101027	0.7357213680613269	0.534647902621869	1.0	1.0	1.0	1.0	1.0	1.0	1.0	1.0	1.0
0.694721426793427	0.8279955201376854	0.5034117368120488	1.0	1.0	1.0	1.0	1.0	1.0	1.0	0.0	1.0
0.6367892004286961	0.7457955030834413	0.4169303737474568	1.0	1.0	1.0	1.0	1.0	1.0	1.0	1.0	1.0
0.7998440184814104	0.6868125838549589	0.47455398785683334	0.0	1.0	1.0	0.0	0.0	1.0	0.0	0.0	1.0
0.6546127081335938	0.8234234816998705	0.5709450082686169	1.0	1.0	1.0	1.0	1.0	0.0	1.0	0.0	0.0
0.6058855972474194	0.8151075184643742	0.5495160950415011	1.0	1.0	1.0	1.0	1.0	1.0	1.0	1.0	0.0
0.7049908264594632	0.7051922441701007	0.5689254920808169	1.0	1.0	1.0	1.0	0.0	1.0	1.0	0.0	0.0
0.7028628050832377	0.7876793493053311	0.3478597167578107	1.0	1.0	1.0	1.0	1.0	1.0	1.0	1.0	1.0
0.5752261013965306	0.9982137885577672	0.12205772184914397	1.0	1.0	1.0	1.0	1.0	1.0	1.0	1.0	0.0
0.5725697052059563	0.8422378722179731	0.5177972356079074	1.0	1.0	1.0	1.0	1.0	1.0	0.0	1.0	1.0
0.6431017232105856	0.8243702017130266	0.5544327697907762	1.0	1.0	1.0	1.0	1.0	1.0	1.0	1.0	0.0
0.6374608738556331	0.9937248019993454	0.15990690448035277	1.0	1.0	1.0	1.0	1.0	1.0	1.0	1.0	1.0
0.6437050526783431	0.9460581853084268	0.2363087912973522	1.0	1.0	1.0	1.0	1.0	1.0	1.0	1.0	1.0
0.66849295463814	0.8861213206031717	0.20918437561561137	1.0	1.0	1.0	1.0	1.0	1.0	1.0	1.0	1.0
0.6888762815444683	0.6816245130917521	0.5148904511840082	1.0	1.0	1.0	1.0	1.0	1.0	1.0	0.0	1.0
0.709917983078635	0.8726158894047488	0.37396481970329004	1.0	1.0	1.0	1.0	1.0	1.0	1.0	1.0	1.0
0.6114906107882012	0.9674301162768367	0.3029881807087489	1.0	1.0	1.0	1.0	1.0	1.0	1.0	1.0	1.0
0.7210849943690782	0.9634629725175009	0.2703835456646523	1.0	1.0	1.0	1.0	1.0	1.0	1.0	1.0	1.0
0.6997520866678304	0.80694825337403	0.4822424257339037	1.0	1.0	1.0	1.0	1.0	1.0	1.0	0.0	1.0
0.7341992764951093	0.9167377639248754	0.365023494939316	1.0	1.0	1.0	1.0	1.0	1.0	1.0	1.0	1.0
0.6257265973966878	0.9557436323673939	0.3107128606643813	1.0	1.0	1.0	1.0	1.0	1.0	1.0	1.0	1.0
0.6892494314656928	0.8893696226681297	0.32524124312860847	1.0	1.0	1.0	1.0	1.0	1.0	1.0	1.0	1.0
0.6014970917190252	0.8623190554218294	0.44295933887133765	1.0	1.0	1.0	1.0	1.0	1.0	1.0	1.0	1.0
0.7689743416807573	0.9725416365565792	0.2391555451035352	1.0	1.0	1.0	1.0	1.0	1.0	1.0	1.0	1.0
0.5855251500200264	0.9945006419191545	0.20675107619496663	1.0	1.0	1.0	1.0	1.0	1.0	1.0	1.0	1.0
0.7212672878578024	0.9462861181661125	0.32883963101066116	1.0	1.0	1.0	1.0	1.0	1.0	1.0	1.0	1.0
0.6380811662560417	0.8417487231053253	0.553784822809581	1.0	1.0	1.0	1.0	1.0	1.0	1.0	1.0	0.0
0.6820607116665718	0.8436624260479303	0.5535595607740308	1.0	1.0	1.0	1.0	1.0	0.0	1.0	0.0	0.0
0.626907593734061	0.9941326814379035	0.13395690537024282	1.0	1.0	1.0	1.0	1.0	1.0	1.0	1.0	0.0
0.6956523685711828	0.8911597292011672	0.45458795753751646	1.0	1.0	1.0	1.0	1.0	1.0	1.0	1.0	1.0
0.6372558272730323	0.9066847357159311	0.4287297676506315	1.0	1.0	1.0	1.0	1.0	1.0	1.0	1.0	1.0
0.7446340429003522	0.9747064119528149	0.17143225210227894	1.0	1.0	1.0	1.0	1.0	1.0	1.0	1.0	1.0
0.6799709119441005	0.8689787140224117	0.32852259711341547	1.0	1.0	1.0	1.0	1.0	1.0	1.0	1.0	1.0
0.7186347246517574	0.9355539703581672	0.23416294226882503	1.0	1.0	1.0	1.0	1.0	1.0	1.0	1.0	1.0
0.586013798084036	0.8539905296600145	0.4676434086148788	1.0	1.0	1.0	1.0	1.0	1.0	1.0	1.0	1.0
0.7319444009805016	0.9269082051209516	0.2535428378926802	1.0	1.0	1.0	1.0	1.0	1.0	1.0	1.0	1.0
0.5390876973623415	0.9838676766713522	0.24805556576081178	1.0	1.0	1.0	1.0	1.0	1.0	1.0	1.0	1.0
0.6778664110448238	0.9338652729474602	0.32251258738318866	1.0	1.0	1.0	1.0	1.0	1.0	1.0	1.0	1.0
0.47778112247316523	0.9977418433564464	0.1631551802473746	1.0	1.0	1.0	1.0	1.0	1.0	1.0	1.0	1.0
0.6932197216628126	0.899066283866167	0.41820233216809194	1.0	1.0	1.0	1.0	1.0	1.0	1.0	1.0	1.0
0.5960381449211409	0.9695364401748444	0.27475622519423587	1.0	1.0	1.0	1.0	1.0	1.0	1.0	1.0	1.0
0.5837780430407676	0.9849174590196983	0.10506674105938775	1.0	1.0	1.0	1.0	1.0	1.0	1.0	1.0	1.0
0.6546551975531388	0.9141722480650478	0.346805128850652	1.0	1.0	1.0	1.0	1.0	1.0	1.0	1.0	1.0
0.7519890094733295	0.9092520396314892	0.4313508129337493	1.0	1.0	1.0	1.0	1.0	1.0	1.0	1.0	1.0
0.6009375790914858	0.9055324150922629	0.38205982803051053	1.0	1.0	1.0	1.0	1.0	1.0	1.0	1.0	1.0
0.7008892098147224	0.9417403560041903	0.3375045575692797	1.0	1.0	1.0	1.0	1.0	1.0	1.0	1.0	1.0
0.6034750741761167	0.8914544667773371	0.42772959034132646	1.0	1.0	1.0	1.0	1.0	1.0	1.0	1.0	1.0
0.6850362799555	0.8623400969376112	0.5751959692854218	1.0	1.0	1.0	1.0	1.0	0.0	1.0	1.0	0.0
0.7814282005544068	0.9566730837256596	0.24049822290906853	1.0	1.0	1.0	1.0	1.0	1.0	1.0	1.0	1.0
0.7186718078145043	0.8994229563880874	0.40610464400390595	1.0	1.0	1.0	1.0	1.0	1.0	1.0	1.0	1.0
0.6906394073702825	0.9193602339989568	0.3796018840001665	1.0	1.0	1.0	1.0	1.0	1.0	1.0	1.0	1.0
0.6342237657888731	0.860639439441688	0.4311550042461076	1.0	1.0	1.0	1.0	1.0	1.0	1.0	1.0	1.0
0.7042358947442479	0.9481380082461016	0.34154336934870805	1.0	1.0	1.0	1.0	1.0	1.0	1.0	1.0	1.0
0.6803683083862897	0.9646662937608468	0.3029284501696226	1.0	1.0	1.0	1.0	1.0	1.0	1.0	1.0	1.0
0.7126481009723328	0.9419078802450594	0.3035782777307422	1.0	1.0	1.0	1.0	1.0	1.0	1.0	1.0	1.0
0.7106263969067529	0.9287573872014001	0.3382777669053213	1.0	1.0	1.0	1.0	1.0	1.0	1.0	1.0	1.0
0.6199787545004847	0.8688016196443687	0.42454011077387005	1.0	1.0	1.0	1.0	1.0	1.0	1.0	1.0	1.0
0.6998962287692703	0.8731803145243664	0.42030234204620864	1.0	1.0	1.0	1.0	1.0	1.0	1.0	1.0	1.0
0.5502059765147084	0.86220541323125	0.43175442385210216	1.0	1.0	1.0	1.0	1.0	1.0	1.0	1.0	1.0
0.6271425884761199	0.9207994266532682	0.47551545797620054	1.0	1.0	1.0	1.0	1.0	1.0	1.0	1.0	1.0
0.6866573653408693	0.7539804169131671	0.52095404504679	1.0	1.0	1.0	1.0	0.0	1.0	1.0	0.0	1.0
0.8102070747947344	0.9505008194703758	0.20458536579958744	1.0	1.0	1.0	1.0	1.0	1.0	1.0	1.0	1.0
0.7678560033192238	0.9575084032511534	0.2512317696473231	1.0	1.0	1.0	1.0	1.0	1.0	1.0	1.0	1.0
0.6834148689609153	0.888118041057842	0.4244207111924115	1.0	1.0	1.0	1.0	1.0	1.0	1.0	1.0	1.0
0.7370990133343132	0.9413208669719064	0.2754208535503491	1.0	1.0	1.0	1.0	1.0	1.0	1.0	1.0	1.0
0.6767164903775724	0.8702725635669603	0.43414981577291345	1.0	1.0	1.0	1.0	1.0	1.0	1.0	1.0	1.0
0.6985757806638885	0.9900623986925647	0.16999191256656015	1.0	1.0	1.0	1.0	1.0	1.0	1.0	1.0	1.0
0.6205560127712618	0.8038292388072514	0.4676564807799737	1.0	1.0	1.0	1.0	1.0	1.0	1.0	1.0	1.0
0.7112351236326016	0.7221022648269897	0.5724751349980571	1.0	1.0	1.0	1.0	0.0	0.0	1.0	0.0	0.0
0.7702391817383231	0.8973549699998179	0.45308682177247267	1.0	1.0	1.0	1.0	1.0	1.0	1.0	1.0	1.0
0.7026583967753028	0.777446983328511	0.369040959894641	1.0	1.0	1.0	1.0	1.0	1.0	1.0	1.0	1.0
0.750480643377383	0.8222099576250006	0.40663811921493315	1.0	1.0	1.0	1.0	1.0	1.0	1.0	1.0	1.0
0.6870600354767079	0.9417019112799603	0.2952354563487801	1.0	1.0	1.0	1.0	1.0	1.0	1.0	1.0	1.0
0.7272027157910017	0.8799355031343645	0.35450594857475887	1.0	1.0	1.0	1.0	1.0	1.0	1.0	1.0	1.0
0.6936742430735797	0.8717460599154306	0.4932195446644736	1.0	1.0	1.0	1.0	1.0	1.0	1.0	1.0	1.0
0.7378227229748261	0.8866758575439612	0.3676690798464344	1.0	1.0	1.0	1.0	1.0	1.0	1.0	1.0	1.0
0.7053922297537925	0.9762557084379538	0.22351031632082144	1.0	1.0	1.0	1.0	1.0	1.0	1.0	1.0	1.0
0.7054744245986371	0.8269526409732667	0.5941829745464288	1.0	1.0	1.0	1.0	0.0	0.0	1.0	0.0	0.0
0.683634833033604	0.8781073221044099	0.4289086146731832	1.0	1.0	1.0	1.0	1.0	1.0	1.0	1.0	1.0
0.6680581914348658	0.8574993927359224	0.5461981316429195	1.0	1.0	1.0	1.0	1.0	1.0	1.0	1.0	0.0
0.6274832420229004	0.9409413606845154	0.363043603441041	1.0	1.0	1.0	1.0	1.0	1.0	1.0	1.0	1.0
0.6252598070575044	0.8390452117299585	0.413082183874353	1.0	1.0	1.0	1.0	1.0	1.0	1.0	1.0	1.0
0.7324413929454158	0.8861544310296013	0.41742747776659983	1.0	1.0	1.0	1.0	1.0	1.0	1.0	1.0	1.0
0.7352792705529828	0.9485342691881459	0.30500228631725596	1.0	1.0	1.0	1.0	1.0	1.0	1.0	1.0	1.0
0.7660778710779134	0.8989286171538691	0.37330558155247207	1.0	1.0	1.0	1.0	1.0	1.0	1.0	1.0	1.0
0.6941499698619015	0.7909946753688777	0.6093524863947741	1.0	1.0	1.0	1.0	1.0	1.0	1.0	1.0	1.0
0.4289329052180872	0.9983087308763491	0.1443186387322554	1.0	1.0	1.0	1.0	1.0	1.0	1.0	0.0	1.0
0.7204457664660474	0.8918886253192451	0.43460571768433043	1.0	1.0	1.0	1.0	1.0	1.0	1.0	1.0	1.0
0.822853753845221	0.802548520412653	0.5366380046387106	0.0	1.0	1.0	0.0	1.0	1.0	0.0	0.0	0.0
0.5495485147355684	0.9988060643382044	0.13344734074707035	1.0	1.0	1.0	1.0	1.0	1.0	1.0	1.0	1.0
0.6548488863203419	0.9240397871955068	0.39411884228931204	1.0	1.0	1.0	1.0	1.0	1.0	1.0	1.0	1.0
0.8348131056850578	0.7673951969637272	0.5149829943184097	0.0	1.0	1.0	0.0	1.0	1.0	0.0	0.0	1.0
0.6169597736621673	0.8907645167700364	0.37361103467797796	1.0	1.0	1.0	1.0	1.0	1.0	1.0	1.0	1.0
0.704185269725122	0.892723694696903	0.3893984860212128	1.0	1.0	1.0	1.0	1.0	1.0	1.0	1.0	1.0
0.6418252885212031	0.9288172311897871	0.33979912034442294	1.0	1.0	1.0	1.0	1.0	1.0	1.0	1.0	1.0
0.6365762316231893	0.9553629413483818	0.20295584821158427	1.0	1.0	1.0	1.0	1.0	1.0	1.0	1.0	1.0
0.7304158002882564	0.973712661002684	0.2935404087959878	1.0	1.0	1.0	1.0	1.0	1.0	1.0	1.0	1.0
0.5607350657545542	0.9400047505817897	0.3296043754906584	1.0	1.0	1.0	1.0	1.0	1.0	1.0	1.0	1.0
0.6638142632725219	0.8902216122294487	0.32783118028382335	1.0	1.0	1.0	1.0	1.0	1.0	1.0	1.0	1.0
0.6638267408940749	0.9047908898125633	0.39234221230634525	1.0	1.0	1.0	1.0	1.0	1.0	1.0	1.0	1.0
0.6432284337823854	0.8813581314157625	0.4938870757017189	1.0	1.0	1.0	1.0	1.0	1.0	1.0	1.0	1.0
0.6686483496191125	0.9009180781101965	0.3453542556562915	1.0	1.0	1.0	1.0	1.0	1.0	1.0	1.0	1.0
0.7437467029347272	0.8276337568053649	0.45275235616934373	1.0	1.0	1.0	1.0	1.0	1.0	1.0	1.0	1.0
0.8481249243472144	0.9453231665573708	0.30179122357376925	1.0	1.0	1.0	1.0	1.0	1.0	1.0	1.0	1.0
0.5549296417159256	0.9295475153838401	0.33706636435835013	1.0	1.0	1.0	1.0	1.0	1.0	1.0	1.0	1.0
0.5925717258823986	0.6610019381981709	0.7000284288895209	1.0	0.0	1.0	0.0	0.0	0.0	0.0	0.0	0.0
0.6301768358311266	0.9360290017315426	0.3774334186683099	1.0	1.0	1.0	1.0	1.0	1.0	1.0	1.0	1.0
0.6410086176511192	0.7856029305826042	0.600496801198513	1.0	1.0	1.0	1.0	0.0	0.0	1.0	0.0	0.0
0.6662996426363547	0.9708981379877571	0.2242556667301069	1.0	1.0	1.0	1.0	1.0	1.0	1.0	1.0	1.0
0.6780696421392419	0.9157878107036889	0.35762590928972837	1.0	1.0	1.0	1.0	1.0	1.0	1.0	1.0	1.0
0.6487690795348298	0.9974339598380243	0.13112089513951	1.0	1.0	1.0	1.0	1.0	1.0	1.0	1.0	1.0
0.5814663133442748	0.9844194895821434	0.23848939193756005	1.0	1.0	1.0	1.0	1.0	1.0	1.0	1.0	1.0
0.6387707972210174	0.9094870314292832	0.41972796165540166	1.0	1.0	1.0	1.0	1.0	1.0	1.0	1.0	1.0
0.7182399453722976	0.9116145643797087	0.4453557031279102	1.0	1.0	1.0	1.0	1.0	1.0	1.0	1.0	1.0
0.62943219369323	0.8889491729559832	0.4152065198032958	1.0	1.0	1.0	1.0	1.0	1.0	1.0	1.0	1.0
0.7085621598332174	0.8204570823991557	0.3146387514016108	1.0	1.0	1.0	1.0	1.0	1.0	1.0	1.0	1.0
0.5494753058214369	0.9893032250911558	0.13766328579031015	1.0	1.0	1.0	1.0	1.0	1.0	1.0	1.0	0.0
0.661558157353799	0.9408452625481453	0.3242342075350549	1.0	1.0	1.0	1.0	1.0	1.0	1.0	1.0	1.0
0.802517246254319	0.9951561061115595	0.10577696621575833	1.0	1.0	1.0	1.0	1.0	1.0	1.0	1.0	1.0
0.4415017699976266	0.9976236701707331	0.16264616423268544	1.0	1.0	1.0	1.0	0.0	1.0	1.0	0.0	1.0
0.6942620657086415	0.9015850975847051	0.4546819735425576	1.0	1.0	1.0	1.0	1.0	1.0	1.0	1.0	1.0
0.7197223842710425	0.8637097982014776	0.3845709991995609	1.0	1.0	1.0	1.0	1.0	1.0	1.0	1.0	1.0
0.6741434511392874	0.9216788928329144	0.2680428221795025	1.0	1.0	1.0	1.0	1.0	1.0	1.0	1.0	1.0
0.6781492503111749	0.8781451792690799	0.4644588042454764	1.0	1.0	1.0	1.0	1.0	1.0	1.0	1.0	1.0
0.7000337912480942	0.9019522319292839	0.2965332657386184	1.0	1.0	1.0	1.0	1.0	1.0	1.0	1.0	1.0
0.695040991299916	0.9067323606106262	0.415180147675214	1.0	1.0	1.0	1.0	1.0	1.0	1.0	1.0	1.0
0.5918559722935086	0.9616622037355199	0.28960682045676056	1.0	1.0	1.0	1.0	1.0	1.0	1.0	1.0	1.0
0.7595316341316357	0.9359200632216575	0.33766850044761654	1.0	1.0	1.0	1.0	1.0	1.0	1.0	1.0	1.0
0.6372995900189123	0.863914276153737	0.4635779358436955	1.0	1.0	1.0	1.0	1.0	1.0	1.0	1.0	1.0
0.7919416673989857	0.8806711284903302	0.2816503020806946	1.0	1.0	1.0	0.0	1.0	1.0	0.0	1.0	1.0
0.7310070392106108	0.8737799145147735	0.4304782535347507	1.0	1.0	1.0	1.0	1.0	1.0	1.0	1.0	1.0
0.6894643487759157	0.8976329457578902	0.43135952033038943	1.0	1.0	1.0	1.0	1.0	1.0	1.0	1.0	1.0
0.7372056834831378	0.752225006582556	0.601755389345513	1.0	1.0	1.0	1.0	0.0	0.0	1.0	0.0	0.0
0.788236836182934	0.8754492855444898	0.37344670295337745	1.0	1.0	1.0	1.0	1.0	1.0	0.0	1.0	1.0
0.6595075594263339	0.9845313041085375	0.14730366861742475	1.0	1.0	1.0	1.0	1.0	1.0	1.0	1.0	1.0
0.644056764757134	0.99218229442856	0.16222909439407024	1.0	1.0	1.0	1.0	1.0	1.0	1.0	1.0	1.0
0.6120935812538724	0.9810143174672169	0.13421001830730778	1.0	1.0	1.0	1.0	1.0	1.0	1.0	1.0	0.0
0.5058553883063313	0.9986923999331287	0.18371908335072304	1.0	1.0	1.0	1.0	1.0	1.0	1.0	0.0	1.0
0.7825994256739254	0.9150808103505578	0.19538168160703717	1.0	1.0	1.0	1.0	1.0	1.0	0.0	1.0	1.0
0.7030739773499493	0.9287954723219851	0.34421623623426756	1.0	1.0	1.0	1.0	1.0	1.0	1.0	1.0	1.0
0.6527467796188176	0.8812663791618703	0.46160432094795095	1.0	1.0	1.0	1.0	1.0	1.0	1.0	1.0	1.0
0.8325659884715303	0.8308588689422702	0.3904414779316618	1.0	1.0	1.0	0.0	1.0	1.0	0.0	1.0	1.0
0.6573474814952829	0.9368412438209245	0.383329228589176	1.0	1.0	1.0	1.0	1.0	1.0	1.0	1.0	1.0
0.6851677542130584	0.9603455000420161	0.3057770655479851	1.0	1.0	1.0	1.0	1.0	1.0	1.0	1.0	1.0
0.7561435688395822	0.9209780654327854	0.2802790348980369	1.0	1.0	1.0	1.0	1.0	1.0	1.0	1.0	1.0
0.7123347848599573	0.9278381097919577	0.3697842698274902	1.0	1.0	1.0	1.0	1.0	1.0	1.0	1.0	1.0
0.6668522740871171	0.7974284014288285	0.48527200644388907	1.0	1.0	1.0	1.0	1.0	1.0	1.0	0.0	1.0
0.7170425964931343	0.8560457227988151	0.48386877657488453	1.0	1.0	1.0	1.0	1.0	1.0	1.0	1.0	1.0
0.6941308229543821	0.9264716661870805	0.35429743143752906	1.0	1.0	1.0	1.0	1.0	1.0	1.0	1.0	1.0
0.6849536170400481	0.996898292238601	0.12946840743655713	1.0	1.0	1.0	1.0	1.0	1.0	1.0	1.0	1.0
0.6857614015094542	0.9626047752073701	0.3035297595489029	1.0	1.0	1.0	1.0	1.0	1.0	1.0	1.0	1.0
0.6850352656808585	0.8621866035550703	0.48625157416102094	1.0	1.0	1.0	1.0	1.0	1.0	1.0	1.0	1.0
0.726061207894267	0.8073720117676286	0.366078968235133	1.0	1.0	1.0	1.0	1.0	1.0	1.0	1.0	1.0
0.7448070021325787	0.7833313481983504	0.5527528724460659	1.0	1.0	1.0	1.0	1.0	1.0	1.0	0.0	1.0
0.5426597324983384	0.9947869764678265	0.1654332952421338	1.0	1.0	1.0	1.0	1.0	1.0	1.0	1.0	1.0
0.611651748423899	0.9756290234797105	0.270130755827864	1.0	1.0	1.0	1.0	1.0	1.0	1.0	1.0	1.0
0.6217154821972455	0.9656863846456474	0.21121113370057826	1.0	1.0	1.0	1.0	1.0	1.0	1.0	1.0	1.0
0.7207646233167774	0.8883302808333557	0.38801815127281203	1.0	1.0	1.0	1.0	1.0	1.0	1.0	1.0	1.0
0.7614355883367976	0.928864737517847	0.3257767643343554	1.0	1.0	1.0	1.0	1.0	1.0	1.0	1.0	1.0
0.6073553994725387	0.8833320186458445	0.39899730572735814	1.0	1.0	1.0	1.0	1.0	1.0	1.0	1.0	1.0
0.7090861156430167	0.8852972928835658	0.3937225013122758	1.0	1.0	1.0	1.0	1.0	1.0	1.0	1.0	1.0
0.6636104774559952	0.9501804419099154	0.3023392903609356	1.0	1.0	1.0	1.0	1.0	1.0	1.0	1.0	1.0
0.6931075892002564	0.9409795707720165	0.35227451432910545	1.0	1.0	1.0	1.0	1.0	1.0	1.0	1.0	1.0
0.704537686389681	0.9872593640283617	0.20467917405769967	1.0	1.0	1.0	1.0	1.0	1.0	1.0	1.0	1.0
0.7380614553326479	0.9396136113415487	0.31624178745644055	1.0	1.0	1.0	1.0	1.0	1.0	1.0	1.0	1.0
0.6690864504941915	0.9180383827677356	0.42816620803965894	1.0	1.0	1.0	1.0	1.0	1.0	1.0	1.0	1.0
0.6194289800941625	0.9873824929497684	0.15505032849074232	1.0	1.0	1.0	1.0	1.0	1.0	1.0	1.0	1.0
0.6299317573703317	0.9570573385837453	0.2647114509081014	1.0	1.0	1.0	1.0	1.0	1.0	1.0	1.0	1.0
0.5937996879131092	0.822055446152522	0.6106997215408683	1.0	1.0	1.0	1.0	1.0	0.0	0.0	0.0	0.0
0.7029067661279431	0.919751557740775	0.22017426998813455	1.0	1.0	1.0	1.0	1.0	1.0	1.0	1.0	1.0
0.7152680163205942	0.9176992854965755	0.39303410739045896	1.0	1.0	1.0	1.0	1.0	1.0	1.0	1.0	1.0
0.596190554837488	0.9885987861890136	0.21913831585611385	1.0	1.0	1.0	1.0	1.0	1.0	1.0	1.0	1.0
0.6027298031522906	0.895014663812771	0.4310663836025211	1.0	1.0	1.0	1.0	1.0	1.0	1.0	1.0	1.0
0.7166177588340576	0.9886631077088682	0.16878250699382571	1.0	1.0	1.0	1.0	1.0	1.0	1.0	1.0	1.0
0.6713855951123238	0.9905915561394097	0.16768358863694602	1.0	1.0	1.0	1.0	1.0	1.0	1.0	1.0	1.0
0.4498983786347648	0.997017052411866	0.15923746049068258	1.0	1.0	1.0	1.0	1.0	1.0	1.0	1.0	1.0
0.6576710439265328	0.8893995880228098	0.4912705249383113	1.0	1.0	1.0	1.0	1.0	1.0	1.0	1.0	1.0
0.6478378317374558	0.6706975959058652	0.5914623048757104	1.0	1.0	1.0	1.0	0.0	1.0	1.0	0.0	0.0
0.518423361655011	0.8373377330632409	0.5322898341717286	0.0	1.0	1.0	0.0	1.0	1.0	0.0	1.0	0.0
0.6266333816364565	0.9585280989550066	0.2728743373820242	1.0	1.0	1.0	1.0	1.0	1.0	1.0	1.0	1.0
0.5838010194692889	0.6991970446871518	0.7119423762372462	1.0	0.0	0.0	0.0	0.0	0.0	0.0	0.0	0.0
0.7763528246775023	0.883640276660857	0.4346632202733447	1.0	1.0	1.0	1.0	1.0	1.0	1.0	1.0	1.0
0.6826901743797529	0.9302595704768344	0.4162176340697693	1.0	1.0	1.0	1.0	1.0	1.0	1.0	1.0	1.0
0.6001593430217227	0.9140054443516595	0.37585998999907533	1.0	1.0	1.0	1.0	1.0	1.0	1.0	1.0	1.0
0.7640552182792355	0.9486730087037116	0.33331609313826843	1.0	1.0	1.0	1.0	1.0	1.0	1.0	1.0	1.0
0.7302799471591246	0.9309850113614977	0.35937039763089706	1.0	1.0	1.0	1.0	1.0	1.0	1.0	1.0	1.0
0.6755076927139297	0.8853768936249042	0.40648810579605904	1.0	1.0	1.0	1.0	1.0	1.0	1.0	1.0	1.0
0.8209586706147728	0.9299764375517944	0.3680774844175429	1.0	1.0	1.0	1.0	1.0	1.0	1.0	1.0	1.0
0.6105720864164178	0.9750132450307484	0.286927182937494	1.0	1.0	1.0	1.0	1.0	1.0	1.0	1.0	1.0
0.8174313886306798	0.8857873377906648	0.32418707069127217	1.0	1.0	1.0	1.0	1.0	1.0	0.0	1.0	1.0
0.6771614361308936	0.9940556313644732	0.0992905138253593	1.0	1.0	1.0	1.0	1.0	1.0	1.0	1.0	0.0
0.6413790633058425	0.9057366536820114	0.5002493103299538	1.0	1.0	1.0	1.0	1.0	1.0	1.0	1.0	1.0
0.6438889452006773	0.9305805769874171	0.38777959411508856	1.0	1.0	1.0	1.0	1.0	1.0	1.0	1.0	1.0
0.6614110651937052	0.953711342419368	0.16848635323306604	1.0	1.0	1.0	1.0	1.0	1.0	1.0	1.0	1.0
0.6827872697047249	0.977409589655323	0.1741165905445505	1.0	1.0	1.0	1.0	1.0	1.0	1.0	1.0	1.0
0.7114846445105084	0.873939693000198	0.28931603048933574	1.0	1.0	1.0	1.0	1.0	1.0	1.0	1.0	1.0
0.6943089584128861	0.9491796435751705	0.3385556527720506	1.0	1.0	1.0	1.0	1.0	1.0	1.0	1.0	1.0
0.667783630818898	0.9378931277215833	0.278588042350063	1.0	1.0	1.0	1.0	1.0	1.0	1.0	1.0	1.0
0.5722603663286755	0.8251161106930509	0.5762476390253871	1.0	1.0	1.0	1.0	1.0	0.0	0.0	1.0	0.0
0.7361622375573748	0.914697689476548	0.3053026272906686	1.0	1.0	1.0	1.0	1.0	1.0	1.0	1.0	1.0
0.662567495010093	0.9063555248663063	0.5229243445760532	1.0	1.0	1.0	1.0	1.0	1.0	1.0	1.0	0.0
0.6576901752550517	0.9185534148885027	0.3194751647175619	1.0	1.0	1.0	1.0	1.0	1.0	1.0	1.0	1.0
0.6947794820920307	0.8844970963371864	0.4421783379576247	1.0	1.0	1.0	1.0	1.0	1.0	1.0	1.0	1.0
0.6558223741523361	0.8731880140228842	0.3803160553418997	1.0	1.0	1.0	1.0	1.0	1.0	1.0	1.0	1.0
0.7247436454868027	0.9788250286971789	0.1646768777116069	1.0	1.0	1.0	1.0	1.0	1.0	1.0	1.0	1.0
0.6634527186794871	0.8837033153098297	0.4473287408831007	1.0	1.0	1.0	1.0	1.0	1.0	1.0	1.0	1.0
0.7047627263191789	0.8031884141969767	0.5191948842351034	1.0	1.0	1.0	1.0	1.0	1.0	1.0	0.0	1.0
0.7353961391034214	0.8667810776967201	0.5051357848418214	1.0	1.0	1.0	1.0	1.0	1.0	1.0	1.0	1.0
0.5166464235400461	0.9971828258976475	0.15774644787826003	1.0	1.0	1.0	1.0	1.0	1.0	1.0	1.0	1.0
0.7701444471748534	0.7610947251784449	0.6322576486547123	1.0	1.0	1.0	1.0	0.0	0.0	0.0	0.0	0.0
0.6718716036719581	0.7564123413395297	0.509673442348092	1.0	1.0	1.0	1.0	1.0	1.0	1.0	0.0	1.0
0.6687683505482912	0.9001288972087688	0.4427102240705451	1.0	1.0	1.0	1.0	1.0	1.0	1.0	1.0	1.0
0.6202056861211974	0.99640198522449	0.1796169224005877	1.0	1.0	1.0	1.0	1.0	1.0	1.0	1.0	1.0
0.705355665646137	0.8453137207286676	0.36049184019074965	1.0	1.0	1.0	1.0	1.0	1.0	1.0	1.0	1.0
0.6743009258808912	0.9304266322715163	0.27208448834744325	1.0	1.0	1.0	1.0	1.0	1.0	1.0	1.0	1.0
0.5167985415547368	0.9943543987651536	0.1807558990610499	1.0	1.0	1.0	1.0	1.0	1.0	1.0	1.0	1.0
0.5874908399298778	0.9930743100816981	0.11759752392229848	1.0	1.0	1.0	1.0	1.0	1.0	1.0	0.0	0.0
0.7540682659155176	0.7993448620306257	0.34377165701246354	1.0	1.0	1.0	1.0	1.0	1.0	1.0	1.0	1.0
0.7315132421029356	0.8213793400755858	0.47032852898295285	1.0	1.0	1.0	1.0	1.0	1.0	1.0	1.0	1.0
0.506128147062496	0.9986394572241241	0.1340006109350565	1.0	1.0	1.0	1.0	1.0	1.0	1.0	1.0	1.0
0.6988011164836511	0.842894336019397	0.42293516358084043	1.0	1.0	1.0	1.0	1.0	1.0	1.0	1.0	1.0
0.5441863827524125	0.9986851996195999	0.15484437196890688	1.0	1.0	1.0	1.0	1.0	1.0	1.0	1.0	1.0
0.6006039733200507	0.8514188958691274	0.5119656648380152	1.0	1.0	1.0	1.0	1.0	1.0	1.0	1.0	1.0
0.7299066707534078	0.8334865758906655	0.4047795866192063	1.0	1.0	1.0	1.0	1.0	1.0	1.0	1.0	1.0
0.6599246528134052	0.9868400930525202	0.18053715200393788	1.0	1.0	1.0	1.0	1.0	1.0	1.0	1.0	1.0
0.7468804828520501	0.9128027541824666	0.4190859652581941	1.0	1.0	1.0	1.0	1.0	1.0	1.0	1.0	1.0
0.6038713135900096	0.9144147346270155	0.2779658511372237	1.0	1.0	1.0	1.0	1.0	1.0	1.0	1.0	1.0
0.6677270952470101	0.9457383706693292	0.3016447857669701	1.0	1.0	1.0	1.0	1.0	1.0	1.0	1.0	1.0
0.7400131065062499	0.8634600985005219	0.28955793734721336	1.0	1.0	1.0	1.0	1.0	1.0	1.0	1.0	1.0
0.6178295709096753	0.8934312346354728	0.4149097496885747	1.0	1.0	1.0	1.0	1.0	1.0	1.0	1.0	1.0
0.6560942641854798	0.8464503760037462	0.5902005004292694	1.0	1.0	1.0	1.0	1.0	0.0	1.0	1.0	0.0
0.6838130186042175	0.9224880641827158	0.34523571006174564	1.0	1.0	1.0	1.0	1.0	1.0	1.0	1.0	1.0
0.5804460891592957	0.9140693315390526	0.4295869928684869	1.0	1.0	1.0	1.0	1.0	1.0	1.0	1.0	1.0
0.5863677064620341	0.8799479139202944	0.5765269530888152	1.0	1.0	1.0	1.0	1.0	1.0	1.0	1.0	0.0
0.6865185853121226	0.8863956060606776	0.3472819636114305	1.0	1.0	1.0	1.0	1.0	1.0	1.0	1.0	1.0
0.603124233249401	0.7582414111128513	0.6920422769632564	1.0	1.0	0.0	1.0	0.0	0.0	0.0	0.0	0.0
0.673873681060422	0.913509669168591	0.3396745450301968	1.0	1.0	1.0	1.0	1.0	1.0	1.0	1.0	1.0
0.700345465700271	0.7998556892497853	0.4388930719171241	1.0	1.0	1.0	1.0	1.0	1.0	1.0	1.0	1.0
0.7525650953077748	0.9793068745653251	0.15999039994844524	1.0	1.0	1.0	1.0	1.0	1.0	1.0	1.0	1.0
0.7334652818626437	0.9344602541715656	0.3616416367149989	1.0	1.0	1.0	1.0	1.0	1.0	1.0	1.0	1.0
0.7045160847723216	0.87277969447441	0.3210073610113376	1.0	1.0	1.0	1.0	1.0	1.0	1.0	1.0	1.0
0.6071267332778814	0.9909672213431968	0.18952989128517878	1.0	1.0	1.0	1.0	1.0	1.0	1.0	1.0	1.0
0.6010723753957429	0.8914915400735542	0.48089133964423914	1.0	1.0	1.0	1.0	1.0	1.0	1.0	1.0	1.0
0.6159585336758888	0.9162453452914107	0.3079036706157442	1.0	1.0	1.0	1.0	1.0	1.0	1.0	1.0	1.0
0.7405400630222778	0.9898757583870971	0.19383417925044638	1.0	1.0	1.0	1.0	1.0	1.0	1.0	1.0	1.0
0.5665631037817844	0.9487882620834469	0.35939676011083443	1.0	1.0	1.0	1.0	1.0	1.0	1.0	1.0	1.0
0.7164096013411847	0.8791050045444536	0.36744098172498074	1.0	1.0	1.0	1.0	1.0	1.0	1.0	1.0	1.0
0.5980599785326137	0.894292057366914	0.24170674627382494	1.0	1.0	1.0	1.0	1.0	1.0	0.0	1.0	1.0
0.5479069140045398	0.9959304235041937	0.17052154521626	1.0	1.0	1.0	1.0	1.0	1.0	1.0	1.0	1.0
0.7686376355737248	0.8614269973280595	0.42736013938260203	1.0	1.0	1.0	1.0	1.0	1.0	1.0	1.0	1.0
0.796433612519571	0.9484637251358333	0.30654746921241743	1.0	1.0	1.0	1.0	1.0	1.0	1.0	1.0	1.0
0.783194465468547	0.9025636964694213	0.4414690542002071	1.0	1.0	1.0	1.0	1.0	1.0	1.0	1.0	1.0
0.6770741342504065	0.9685567571179139	0.23867591715712752	1.0	1.0	1.0	1.0	1.0	1.0	1.0	1.0	1.0
0.7600960416098712	0.8669146454692224	0.3932443075209464	1.0	1.0	1.0	1.0	1.0	1.0	1.0	1.0	1.0
0.6840163228618753	0.8664286664458405	0.43414624009629055	1.0	1.0	1.0	1.0	1.0	1.0	1.0	1.0	1.0
0.6408433112539587	0.8617598268641474	0.3841677737683175	1.0	1.0	1.0	1.0	1.0	1.0	1.0	1.0	1.0
0.610642865230653	0.7895279753563021	0.47184781253568125	1.0	1.0	1.0	1.0	1.0	1.0	1.0	0.0	1.0
0.6947031124207275	0.8905272520312248	0.5117735559337543	1.0	1.0	1.0	1.0	1.0	1.0	1.0	1.0	1.0
0.641497995825417	0.9988375893132796	0.15829895921730688	1.0	1.0	1.0	1.0	1.0	1.0	1.0	1.0	1.0
0.7117906915608916	0.9204208109675872	0.3482778852374293	1.0	1.0	1.0	1.0	1.0	1.0	1.0	1.0	1.0
0.6443479117798375	0.793253033736012	0.5759152686209974	1.0	1.0	1.0	1.0	1.0	1.0	1.0	0.0	0.0
0.7374710614747177	0.8254295273283383	0.5515407422496222	1.0	1.0	1.0	1.0	1.0	1.0	1.0	0.0	0.0
0.6330046803446161	0.8947643000189436	0.3944877851387167	1.0	1.0	1.0	1.0	1.0	1.0	1.0	1.0	1.0
0.741418440315254	0.9903759128154572	0.1540445108552175	1.0	1.0	1.0	1.0	1.0	1.0	1.0	1.0	1.0
0.7419955181113541	0.9067526462249355	0.40363742408027414	1.0	1.0	1.0	1.0	1.0	1.0	1.0	1.0	1.0
0.6745485288267989	0.9387397136395327	0.2894976364658373	1.0	1.0	1.0	1.0	1.0	1.0	1.0	1.0	1.0
0.7042456034157903	0.757176440711625	0.6093212542983975	1.0	1.0	1.0	1.0	0.0	0.0	1.0	0.0	0.0
0.6722305578266468	0.9848340519650596	0.15510941520558563	1.0	1.0	1.0	1.0	1.0	1.0	1.0	1.0	1.0
0.8297840974835633	0.914349045514266	0.32165331698007166	1.0	1.0	1.0	0.0	1.0	1.0	0.0	1.0	1.0
0.6004503158769177	0.9971808671970029	0.14907223123924962	1.0	1.0	1.0	1.0	1.0	1.0	1.0	1.0	1.0
0.6752565897617842	0.9282791997073521	0.2998518665192743	1.0	1.0	1.0	1.0	1.0	1.0	1.0	1.0	1.0
0.45581239345376806	0.9987274009480895	0.12041585406666044	1.0	1.0	1.0	1.0	1.0	1.0	1.0	1.0	1.0
0.6941777249372915	0.9024258982035231	0.38470119502642236	1.0	1.0	1.0	1.0	1.0	1.0	1.0	1.0	1.0
0.733772443602921	0.9207022685265807	0.3689807638046915	1.0	1.0	1.0	1.0	1.0	1.0	1.0	1.0	1.0
0.6172299720094546	0.8987325634578782	0.33621078191606535	1.0	1.0	1.0	1.0	1.0	1.0	1.0	1.0	1.0
0.6730636174795313	0.8944639229864775	0.28697663149006447	1.0	1.0	1.0	1.0	1.0	1.0	1.0	1.0	1.0
0.7468016296473278	0.8509414014081358	0.5327940303052797	1.0	1.0	1.0	1.0	1.0	1.0	1.0	1.0	0.0
0.8293671049434868	0.8022328396946321	0.5011515140301429	0.0	1.0	1.0	0.0	1.0	1.0	0.0	1.0	1.0
0.7608221778177966	0.9506225958777662	0.2789930761628224	1.0	1.0	1.0	1.0	1.0	1.0	1.0	1.0	1.0
0.6960210298557441	0.7808911546893484	0.5234469957942468	1.0	1.0	1.0	1.0	1.0	1.0	1.0	0.0	1.0
0.7732701636656868	0.8854829023603317	0.4153503660845187	1.0	1.0	1.0	1.0	1.0	1.0	1.0	1.0	1.0
0.723838614479433	0.9051177388646792	0.34615056242320574	1.0	1.0	1.0	1.0	1.0	1.0	1.0	1.0	1.0
0.6182458534980086	0.9237177174018815	0.35742812757497494	1.0	1.0	1.0	1.0	1.0	1.0	1.0	1.0	1.0
0.6505894561338528	0.8605952344014445	0.4283176188072496	1.0	1.0	1.0	1.0	1.0	1.0	1.0	1.0	1.0
0.7662486413670212	0.930121453593656	0.23553408200366407	1.0	1.0	1.0	1.0	1.0	1.0	1.0	1.0	1.0
0.62786867017091	0.9512304770639189	0.21417588594557246	1.0	1.0	1.0	1.0	1.0	1.0	1.0	1.0	1.0
0.6659799623409202	0.9121022661113202	0.37133877002100923	1.0	1.0	1.0	1.0	1.0	1.0	1.0	1.0	1.0
0.6444792338533788	0.8791625154630209	0.45125792840104606	1.0	1.0	1.0	1.0	1.0	1.0	1.0	1.0	1.0
0.7505648366563389	0.7810096298225565	0.4503951573696152	1.0	1.0	1.0	1.0	1.0	1.0	1.0	1.0	1.0
0.6926145635790203	0.5377984202035284	0.6279446662829113	1.0	0.0	1.0	1.0	0.0	0.0	1.0	0.0	0.0
0.7362457282671899	0.9238154474918548	0.33885111394718137	1.0	1.0	1.0	1.0	1.0	1.0	1.0	1.0	1.0
0.646719537997349	0.931681482532442	0.41977758741721105	1.0	1.0	1.0	1.0	1.0	1.0	1.0	1.0	1.0
0.6535538928012788	0.8934179781003874	0.4224158094398405	1.0	1.0	1.0	1.0	1.0	1.0	1.0	1.0	1.0
0.8656168143781866	0.9323155210844262	0.3772453897972525	1.0	1.0	1.0	1.0	1.0	1.0	1.0	1.0	1.0
0.7791704333414587	0.9004734804136149	0.2937805894967961	1.0	1.0	1.0	1.0	1.0	1.0	0.0	1.0	1.0
0.5384692754785227	0.9989663897488529	0.1271185486559587	1.0	1.0	1.0	1.0	1.0	1.0	1.0	1.0	1.0
0.6755917770337081	0.8677502723839906	0.4366986740111245	1.0	1.0	1.0	1.0	1.0	1.0	1.0	1.0	1.0
0.8263396005941203	0.8007286015157034	0.40575898084217593	1.0	1.0	1.0	0.0	1.0	1.0	0.0	1.0	1.0
0.6317215843725802	0.8865135751244667	0.33574438476294505	1.0	1.0	1.0	1.0	1.0	1.0	1.0	1.0	1.0
0.6971559515787875	0.9442329295892352	0.25998842146645046	1.0	1.0	1.0	1.0	1.0	1.0	1.0	1.0	1.0
0.6409427308979221	0.9689335311421328	0.28361610363044065	1.0	1.0	1.0	1.0	1.0	1.0	1.0	1.0	1.0
0.7899600710133418	0.8995000937786483	0.5115690941315734	1.0	1.0	1.0	1.0	1.0	1.0	1.0	1.0	0.0
0.6972963229680682	0.9489109342356933	0.27816412813464336	1.0	1.0	1.0	1.0	1.0	1.0	1.0	1.0	1.0
0.6051007430897553	0.8056471315342209	0.6413970841418627	1.0	1.0	0.0	1.0	0.0	0.0	1.0	0.0	0.0
0.6555601700176173	0.9285193141973339	0.28642990760004544	1.0	1.0	1.0	1.0	1.0	1.0	1.0	1.0	1.0
0.6823774226600243	0.8902639102851672	0.40293305121201406	1.0	1.0	1.0	1.0	1.0	1.0	1.0	1.0	1.0
0.653931313600188	0.9911441928725345	0.14364401005593672	1.0	1.0	1.0	1.0	1.0	1.0	1.0	1.0	1.0
0.6898435038318885	0.9221893394495413	0.4468735736056428	1.0	1.0	1.0	1.0	1.0	1.0	1.0	1.0	1.0
0.657723996502753	0.9923441514084478	0.15516344912032998	1.0	1.0	1.0	1.0	1.0	1.0	1.0	1.0	1.0
0.8239355087918441	0.8791960901331167	0.38543523111121414	1.0	1.0	1.0	1.0	1.0	1.0	0.0	1.0	1.0
0.6491363324441981	0.9382592712631053	0.3955678231128956	1.0	1.0	1.0	1.0	1.0	1.0	1.0	1.0	1.0
0.7505974700049997	0.8887350009102506	0.4093959716606083	1.0	1.0	1.0	1.0	1.0	1.0	1.0	1.0	1.0
0.6500673337230329	0.8678550973841814	0.4372298181626661	1.0	1.0	1.0	1.0	1.0	1.0	1.0	1.0	1.0
0.6270241358679672	0.9946121762756797	0.18472392752412592	1.0	1.0	1.0	1.0	1.0	1.0	1.0	1.0	1.0
0.6557163156213776	0.9883922385090964	0.18442160075326564	1.0	1.0	1.0	1.0	1.0	1.0	1.0	1.0	1.0
0.6166488434738494	0.9895139433421682	0.1937746786449894	1.0	1.0	1.0	1.0	1.0	1.0	1.0	1.0	1.0
0.7389217418635916	0.868971005610765	0.33699403227485886	1.0	1.0	1.0	1.0	1.0	1.0	1.0	1.0	1.0
0.8236094687901688	0.8506847472068817	0.3287254636755949	0.0	1.0	1.0	0.0	1.0	1.0	0.0	1.0	1.0
0.6578873894921927	0.9175500784865993	0.40528323182727233	1.0	1.0	1.0	1.0	1.0	1.0	1.0	1.0	1.0
0.6766784760542499	0.9841793490664623	0.14025967709969342	1.0	1.0	1.0	1.0	1.0	1.0	1.0	1.0	0.0
0.6016366607730346	0.9235600966368434	0.3139838932918581	1.0	1.0	1.0	1.0	1.0	1.0	1.0	1.0	1.0
0.5640250688005408	0.8251872360921578	0.6472696125276565	1.0	1.0	0.0	1.0	1.0	0.0	0.0	0.0	0.0
0.6949873331492752	0.8779605862855496	0.29689211756234235	1.0	1.0	1.0	1.0	1.0	1.0	1.0	1.0	1.0
0.6136834512504191	0.9402414205921822	0.3569758662269205	1.0	1.0	1.0	1.0	1.0	1.0	1.0	1.0	1.0
0.5990997658998191	0.8683529039959432	0.5267669586198747	1.0	1.0	1.0	1.0	1.0	1.0	1.0	1.0	1.0
0.73629503842546	0.9921154701826294	0.16811690712192143	1.0	1.0	1.0	1.0	1.0	1.0	1.0	1.0	1.0
0.6727777634853382	0.8922730139694239	0.49220807553066187	1.0	1.0	1.0	1.0	1.0	1.0	1.0	1.0	1.0
