0.6473444340613306	0.9353371830929967	0.3598960951055147	1.0	1.0	1.0	1.0	1.0	1.0	1.0	1.0	1.0
0.7538763373063095	0.8037170921282795	0.5270262397579458	1.0	1.0	1.0	1.0	1.0	1.0	1.0	0.0	0.0
0.5886643114840553	0.9520457057520806	0.2919258110664775	1.0	1.0	1.0	1.0	1.0	1.0	1.0	1.0	1.0
0.6466661221682051	0.8134999955515988	0.36023994169353457	1.0	1.0	1.0	1.0	1.0	1.0	1.0	1.0	1.0
0.6511140464305603	0.7035037716485251	0.7046549458838104	1.0	0.0	0.0	1.0	0.0	0.0	1.0	0.0	0.0
0.6117213142676589	0.9252899519357534	0.3251059834008893	1.0	1.0	1.0	1.0	1.0	1.0	1.0	1.0	1.0
0.6440284393479275	0.9195142135036597	0.40176827511844526	1.0	1.0	1.0	1.0	1.0	1.0	1.0	1.0	1.0
0.56955168048163	0.8084747107369216	0.6351828269883959	1.0	1.0	0.0	1.0	0.0	0.0	0.0	0.0	0.0
0.7632084150449377	0.9377508444045108	0.35919728419897917	1.0	1.0	1.0	1.0	1.0	1.0	1.0	1.0	1.0
0.6199537540547341	0.9641596307873321	0.23237842977792572	1.0	1.0	1.0	1.0	1.0	1.0	1.0	1.0	1.0
0.7168762803250656	0.9526295481144537	0.29548843949339565	1.0	1.0	1.0	1.0	1.0	1.0	1.0	1.0	1.0
0.77424545060852	0.9387056927546823	0.24959501759556643	1.0	1.0	1.0	1.0	1.0	1.0	1.0	1.0	1.0
0.7411809660265906	0.9194856516243596	0.34725144064348784	1.0	1.0	1.0	1.0	1.0	1.0	1.0	1.0	1.0
0.761922218222403	0.9051825756321651	0.3894044247273746	1.0	1.0	1.0	1.0	1.0	1.0	1.0	1.0	1.0
0.758314419459348	0.8927849349378005	0.430594749824836	1.0	1.0	1.0	1.0	1.0	1.0	1.0	1.0	1.0
0.6469937538781817	0.945695153547129	0.3033092050115227	1.0	1.0	1.0	1.0	1.0	1.0	1.0	1.0	1.0
0.7081726176293145	0.8525453229175926	0.4100288137357589	1.0	1.0	1.0	1.0	1.0	1.0	1.0	1.0	1.0
0.6828614416864407	0.8031343806619594	0.4926993984328521	1.0	1.0	1.0	1.0	1.0	1.0	1.0	1.0	1.0
0.7181647416594382	0.8641258504370556	0.46356663455494457	1.0	1.0	1.0	1.0	1.0	1.0	1.0	1.0	1.0
0.7107683411978389	0.9642683858742649	0.29000480007873924	1.0	1.0	1.0	1.0	1.0	1.0	1.0	1.0	1.0
0.6997426646295679	0.9280147143843773	0.3692208889077303	1.0	1.0	1.0	1.0	1.0	1.0	1.0	1.0	1.0
0.7778807267399837	0.9381071875226393	0.3425329034758204	1.0	1.0	1.0	1.0	1.0	1.0	1.0	1.0	1.0
0.6490858051846197	0.7952182139638667	0.5701088267886735	1.0	1.0	1.0	1.0	1.0	1.0	1.0	0.0	0.0
0.6525737895414768	0.9521558752314331	0.267436452014777	1.0	1.0	1.0	1.0	1.0	1.0	1.0	1.0	1.0
0.6531365242167756	0.8068691230486306	0.5857220463075434	1.0	1.0	1.0	1.0	1.0	1.0	1.0	0.0	0.0
0.6157958224014737	0.930355346017248	0.3991942286332235	1.0	1.0	1.0	1.0	1.0	1.0	1.0	1.0	1.0
0.6023065204829363	0.9088581786736761	0.45024198523863307	1.0	1.0	1.0	1.0	1.0	1.0	1.0	1.0	1.0
0.7047325680591453	0.9255751519093413	0.27650110537099126	1.0	1.0	1.0	1.0	1.0	1.0	1.0	1.0	1.0
0.6977401537866914	0.8637052871468285	0.35977895821595435	1.0	1.0	1.0	1.0	1.0	1.0	1.0	1.0	1.0
0.6318891499147259	0.9431510149078338	0.2409194194275695	1.0	1.0	1.0	1.0	1.0	1.0	1.0	1.0	1.0
0.6853102724337672	0.9458038908376183	0.35631034438824905	1.0	1.0	1.0	1.0	1.0	1.0	1.0	1.0	1.0
0.7711497232227338	0.9369418081981606	0.27485832568775304	1.0	1.0	1.0	1.0	1.0	1.0	1.0	1.0	1.0
0.5410774466940541	0.9642592934198357	0.27990984877795805	1.0	1.0	1.0	1.0	1.0	1.0	1.0	1.0	1.0
0.6870732610815721	0.8760263763586923	0.5019985380717277	1.0	1.0	1.0	1.0	1.0	1.0	1.0	1.0	1.0
0.8207575433486501	0.9763571500541498	0.20560602569198608	1.0	1.0	1.0	1.0	1.0	1.0	1.0	1.0	1.0
0.776375966291367	0.9606011680451065	0.25575987759403307	1.0	1.0	1.0	1.0	1.0	1.0	1.0	1.0	1.0
0.6703045007146274	0.9583123584297789	0.2963118646708158	1.0	1.0	1.0	1.0	1.0	1.0	1.0	1.0	1.0
0.7263112127425198	0.9658478014904998	0.1639153086226238	1.0	1.0	1.0	1.0	1.0	1.0	1.0	1.0	1.0
0.6774672431532351	0.9166604573617043	0.3976504716159578	1.0	1.0	1.0	1.0	1.0	1.0	1.0	1.0	1.0
0.684757584687271	0.9268064109844506	0.3473185724416893	1.0	1.0	1.0	1.0	1.0	1.0	1.0	1.0	1.0
0.739610914557988	0.8178953285086501	0.5887381362637611	1.0	1.0	1.0	1.0	1.0	0.0	1.0	1.0	0.0
0.6516928878584224	0.95777380010649	0.2978330020542905	1.0	1.0	1.0	1.0	1.0	1.0	1.0	1.0	1.0
0.6748644971430242	0.9354862939646221	0.3912313849238511	1.0	1.0	1.0	1.0	1.0	1.0	1.0	1.0	1.0
0.732315532848023	0.8301122637727948	0.5711138382570922	1.0	1.0	1.0	1.0	1.0	0.0	1.0	1.0	0.0
0.7007475185203543	0.8760906617670179	0.426860764432665	1.0	1.0	1.0	1.0	1.0	1.0	1.0	1.0	1.0
0.6120367787562897	0.9621275223249246	0.2819368063531433	1.0	1.0	1.0	1.0	1.0	1.0	1.0	1.0	1.0
0.6829350441129073	0.7287488798332435	0.5275160365448698	1.0	1.0	1.0	1.0	1.0	1.0	1.0	0.0	1.0
0.7238323726541837	0.939746721454524	0.23498101176643676	1.0	1.0	1.0	1.0	1.0	1.0	1.0	1.0	1.0
0.7196189021127208	0.8551752804058231	0.4813477906746053	1.0	1.0	1.0	1.0	1.0	1.0	1.0	1.0	0.0
0.6794802263706597	0.9547844642281703	0.25946730835760845	1.0	1.0	1.0	1.0	1.0	1.0	1.0	1.0	1.0
0.7985237842489251	0.9144768940259739	0.30956177479311425	1.0	1.0	1.0	1.0	1.0	1.0	1.0	1.0	1.0
0.5592703578012367	0.9578749039383258	0.24421163136052979	1.0	1.0	1.0	1.0	1.0	1.0	1.0	1.0	1.0
0.6866687989302269	0.8086163407554053	0.49673922398282466	1.0	1.0	1.0	1.0	1.0	1.0	1.0	1.0	1.0
0.7763989471321885	0.9241103211312878	0.3563206003770762	1.0	1.0	1.0	1.0	1.0	1.0	1.0	1.0	1.0
0.7072079007283263	0.9408610644800351	0.2614619858886502	1.0	1.0	1.0	1.0	1.0	1.0	1.0	1.0	1.0
0.6569200791436952	0.8877733801279478	0.41037767430258765	1.0	1.0	1.0	1.0	1.0	1.0	1.0	1.0	1.0
0.5583960166590388	0.9230143206875772	0.329692985819292	1.0	1.0	1.0	0.0	1.0	1.0	0.0	1.0	1.0
0.6901292012889749	0.8838508464374984	0.4588732093331764	1.0	1.0	1.0	1.0	1.0	1.0	1.0	1.0	1.0
0.8061027452206373	0.9210475191080272	0.3250256763374443	1.0	1.0	1.0	1.0	1.0	1.0	0.0	1.0	1.0
0.7682944107942954	0.9370893080674616	0.36335509325282167	1.0	1.0	1.0	1.0	1.0	1.0	1.0	1.0	1.0
0.6527747378618491	0.8883784832882446	0.3259656697388545	1.0	1.0	1.0	1.0	1.0	1.0	1.0	1.0	1.0
0.5636286399804062	0.9587912179355176	0.26789170332331147	1.0	1.0	1.0	1.0	1.0	1.0	1.0	1.0	1.0
0.638051310223714	0.9653707826189173	0.19199618459473888	1.0	1.0	1.0	1.0	1.0	1.0	1.0	1.0	0.0
0.5999844371383394	0.9136336103935613	0.3384531552739851	1.0	1.0	1.0	1.0	1.0	1.0	1.0	1.0	1.0
0.6837898314484185	0.9417547945273029	0.2742215878690116	1.0	1.0	1.0	1.0	1.0	1.0	1.0	1.0	1.0
0.6135169115684682	0.9163814855752307	0.3464848055212032	1.0	1.0	1.0	1.0	1.0	1.0	1.0	1.0	1.0
0.6734247774152035	0.8641508325671959	0.4319758761116138	1.0	1.0	1.0	1.0	1.0	1.0	1.0	1.0	1.0
0.6047020627962246	0.7630688827990223	0.44427744937884395	1.0	1.0	1.0	1.0	1.0	1.0	0.0	1.0	1.0
0.6460922798749003	0.8228927278159407	0.522407859111105	1.0	1.0	1.0	1.0	1.0	1.0	1.0	0.0	0.0
0.607054459653638	0.7822119377475548	0.5975214752181882	1.0	1.0	0.0	1.0	0.0	0.0	1.0	0.0	0.0
0.5436618291723488	0.9399270068764205	0.32373046753407725	1.0	1.0	1.0	1.0	1.0	1.0	1.0	1.0	1.0
0.629938971940606	0.9185732114229871	0.3809651163284787	1.0	1.0	1.0	1.0	1.0	1.0	1.0	1.0	1.0
0.6983004787936404	0.9638141165728591	0.22803246450021508	1.0	1.0	1.0	1.0	1.0	1.0	1.0	1.0	1.0
0.7347748928006185	0.8470488273018386	0.40013549579572605	1.0	1.0	1.0	1.0	1.0	1.0	1.0	1.0	1.0
0.7410175376441279	0.8618756350676198	0.5338351751398269	1.0	1.0	1.0	1.0	1.0	1.0	1.0	1.0	0.0
0.7336841435108468	0.7983733402342752	0.4939895845844714	1.0	1.0	1.0	1.0	1.0	1.0	1.0	1.0	1.0
0.6170204463434414	0.939431720420876	0.3233003768562561	1.0	1.0	1.0	1.0	1.0	1.0	1.0	1.0	1.0
0.6075485631969118	0.9782717832922678	0.14148380048171882	1.0	1.0	1.0	1.0	1.0	1.0	1.0	0.0	0.0
0.7108679078906361	0.8682552990799788	0.3748753510437824	1.0	1.0	1.0	1.0	1.0	1.0	1.0	1.0	1.0
0.7188954543090622	0.9446944202838865	0.27671714321178187	1.0	1.0	1.0	1.0	1.0	1.0	1.0	1.0	1.0
0.7114926540677988	0.8647039798562614	0.47758270076362297	1.0	1.0	1.0	1.0	1.0	1.0	1.0	1.0	1.0
0.6741063706181102	0.9711962698285921	0.21243291464853672	1.0	1.0	1.0	1.0	1.0	1.0	1.0	1.0	1.0
0.726870640344609	0.9627403755416103	0.2952077855435034	1.0	1.0	1.0	1.0	1.0	1.0	1.0	1.0	1.0
0.5767770443571391	0.932821135298968	0.38948207968337273	1.0	1.0	1.0	1.0	1.0	1.0	1.0	1.0	1.0
0.562901456702157	0.9641310316012686	0.36102989927329926	1.0	1.0	1.0	1.0	1.0	1.0	1.0	1.0	1.0
0.6866998742465236	0.8674657301621923	0.48130301085583815	1.0	1.0	1.0	1.0	1.0	1.0	1.0	1.0	0.0
0.6412696094276956	0.9115475801529656	0.3147565115968803	1.0	1.0	1.0	1.0	1.0	1.0	1.0	1.0	1.0
0.6480749365645164	0.9053194335231901	0.5027808596819591	1.0	1.0	1.0	1.0	1.0	1.0	1.0	1.0	1.0
0.7392373413219849	0.8585482108334384	0.4589112122850726	1.0	1.0	1.0	1.0	1.0	1.0	1.0	1.0	1.0
0.6650262916468157	0.9410283906704356	0.34820989650307377	1.0	1.0	1.0	1.0	1.0	1.0	1.0	1.0	1.0
0.7120543743177252	0.932357378330381	0.3176236358510536	1.0	1.0	1.0	1.0	1.0	1.0	1.0	1.0	1.0
0.6775592098581062	0.9422761505289616	0.2945458044614175	1.0	1.0	1.0	1.0	1.0	1.0	1.0	1.0	1.0
0.6809773519919763	0.9407831888513734	0.36172406595135015	1.0	1.0	1.0	1.0	1.0	1.0	1.0	1.0	1.0
0.596810999994883	0.7831947018491512	0.46361044704357574	1.0	1.0	1.0	0.0	1.0	1.0	0.0	1.0	1.0
0.7284166865774124	0.8856227398825515	0.5197859481005254	1.0	1.0	1.0	1.0	1.0	1.0	1.0	1.0	0.0
0.6326335149498731	0.8823023396339655	0.48005529652128415	1.0	1.0	1.0	1.0	1.0	1.0	1.0	1.0	1.0
0.7130103373985771	0.6102072562437117	0.43958969922352903	1.0	1.0	1.0	1.0	0.0	1.0	1.0	0.0	1.0
0.7159758298192458	0.9760534095985378	0.18304689463972604	1.0	1.0	1.0	1.0	1.0	1.0	1.0	1.0	1.0
0.6893498585736546	0.9250514728268702	0.40740931256334995	1.0	1.0	1.0	1.0	1.0	1.0	1.0	1.0	1.0
0.7809290160757403	0.8808146061724567	0.4437454187955225	1.0	1.0	1.0	1.0	1.0	1.0	1.0	1.0	1.0
0.7220641850358442	0.8561599515547704	0.49921519142124493	1.0	1.0	1.0	1.0	1.0	1.0	1.0	1.0	1.0
0.6519435767444063	0.9466998262574187	0.33652367843544223	1.0	1.0	1.0	1.0	1.0	1.0	1.0	1.0	1.0
0.843560805073866	0.8710458166539049	0.4919902066118659	1.0	1.0	1.0	0.0	1.0	1.0	0.0	1.0	0.0
0.6743919940719114	0.9298440841745309	0.37555854950399065	1.0	1.0	1.0	1.0	1.0	1.0	1.0	1.0	1.0
0.5868531586712562	0.9181496253512413	0.389304008416635	1.0	1.0	1.0	1.0	1.0	1.0	1.0	1.0	1.0
0.5949947282848632	0.85342653315366	0.4346453336315911	1.0	1.0	1.0	1.0	1.0	1.0	1.0	1.0	1.0
0.636710677563902	0.8725020607065203	0.4461005357702246	1.0	1.0	1.0	1.0	1.0	1.0	1.0	1.0	1.0
0.6140631530703315	0.9240793433592152	0.4033897040948007	1.0	1.0	1.0	1.0	1.0	1.0	1.0	1.0	1.0
0.7227206804120853	0.9038025051612015	0.3847044807988732	1.0	1.0	1.0	1.0	1.0	1.0	1.0	1.0	1.0
0.6855728211853337	0.7264102652171297	0.6867877298435765	1.0	1.0	0.0	1.0	0.0	0.0	1.0	0.0	0.0
0.751781189173671	0.9714048373388823	0.23692509639451628	1.0	1.0	1.0	1.0	1.0	1.0	1.0	1.0	1.0
0.6312649338687779	0.8255547600629931	0.4897925330704679	1.0	1.0	1.0	1.0	1.0	1.0	1.0	0.0	1.0
0.686246600528952	0.9602109700446407	0.24166876698129328	1.0	1.0	1.0	1.0	1.0	1.0	1.0	1.0	1.0
0.7182437052654375	0.7828291118141858	0.6079143133373969	1.0	1.0	1.0	1.0	1.0	0.0	1.0	0.0	0.0
0.6509790301547616	0.9659022712053855	0.2814984939854995	1.0	1.0	1.0	1.0	1.0	1.0	1.0	1.0	1.0
0.6445866169908144	0.9449080971326084	0.30571355952607854	1.0	1.0	1.0	1.0	1.0	1.0	1.0	1.0	1.0
0.5930760184669879	0.9830473021812699	0.21950815613459362	1.0	1.0	1.0	1.0	1.0	1.0	1.0	1.0	1.0
0.6655001557064752	0.8687520780182089	0.46818026797307355	1.0	1.0	1.0	1.0	1.0	1.0	1.0	1.0	1.0
0.6428725785897939	0.944476181318694	0.3266426123111858	1.0	1.0	1.0	1.0	1.0	1.0	1.0	1.0	1.0
0.567445587391289	0.9543627764710703	0.28916988998007703	1.0	1.0	1.0	1.0	1.0	1.0	1.0	1.0	1.0
0.7173247729135515	0.8567830322051354	0.5150580357471807	1.0	1.0	1.0	1.0	1.0	1.0	1.0	1.0	0.0
0.6064498871195436	0.8724247452702206	0.4887229661377207	1.0	1.0	1.0	1.0	1.0	1.0	1.0	1.0	1.0
0.7550622421714535	0.8866313608028925	0.42024752931816844	1.0	1.0	1.0	1.0	1.0	1.0	1.0	1.0	1.0
0.6352569011306095	0.7991409818740962	0.5202276861528911	1.0	1.0	1.0	1.0	1.0	1.0	1.0	0.0	1.0
0.8467235063012664	0.8020535028718274	0.44878906161253534	0.0	1.0	1.0	0.0	1.0	1.0	0.0	1.0	1.0
0.7192562790593606	0.9300775490642514	0.32910854160318287	1.0	1.0	1.0	1.0	1.0	1.0	1.0	1.0	1.0
0.7333635791941329	0.9643782348855533	0.2838613788040985	1.0	1.0	1.0	1.0	1.0	1.0	1.0	1.0	1.0
0.7110508967917318	0.8935805671670981	0.4315944779857828	1.0	1.0	1.0	1.0	1.0	1.0	1.0	1.0	1.0
0.8145438191840954	0.6887061751053793	0.4884009845210077	0.0	1.0	1.0	0.0	0.0	1.0	0.0	0.0	1.0
0.723347544909824	0.8479012058503151	0.5797587456383394	1.0	1.0	1.0	1.0	1.0	1.0	1.0	1.0	1.0
0.6491822147676499	0.9620748661784396	0.28382480360141105	1.0	1.0	1.0	1.0	1.0	1.0	1.0	1.0	1.0
0.6372166762281097	0.8688700621719908	0.3875437309924308	1.0	1.0	1.0	1.0	1.0	1.0	1.0	1.0	1.0
0.7216804751843136	0.7281964445242333	0.6883461618030531	1.0	0.0	0.0	1.0	0.0	0.0	1.0	0.0	0.0
0.6205003186141138	0.9095372918377366	0.4540546681947727	1.0	1.0	1.0	1.0	1.0	1.0	1.0	1.0	1.0
0.7306832899484391	0.9613849610091612	0.2623444152939827	1.0	1.0	1.0	1.0	1.0	1.0	1.0	1.0	1.0
0.7346183068857898	0.9097484824151238	0.24844126621294627	1.0	1.0	1.0	1.0	1.0	1.0	1.0	1.0	1.0
0.5761563497557317	0.952498901316619	0.3153782461760701	1.0	1.0	1.0	1.0	1.0	1.0	1.0	1.0	1.0
0.683212899738249	0.9129140515564127	0.329198066323938	1.0	1.0	1.0	1.0	1.0	1.0	1.0	1.0	1.0
0.7444891542774809	0.835593184558326	0.5302996553803485	1.0	1.0	1.0	1.0	1.0	1.0	1.0	1.0	1.0
0.6434362768126584	0.910195032715031	0.39263870909453635	1.0	1.0	1.0	1.0	1.0	1.0	1.0	1.0	1.0
0.6663903563020583	0.9557724414160951	0.2803214836643085	1.0	1.0	1.0	1.0	1.0	1.0	1.0	1.0	1.0
0.5951609712955693	0.733300656551054	0.524171451085471	1.0	1.0	1.0	1.0	1.0	1.0	0.0	0.0	1.0
0.6574651157690524	0.875126354851639	0.4267745746526833	1.0	1.0	1.0	1.0	1.0	1.0	1.0	1.0	1.0
0.7467154896580024	0.8778841650183447	0.4742489949857502	1.0	1.0	1.0	1.0	1.0	1.0	1.0	1.0	1.0
0.7091947571454774	0.7899233490100975	0.577895641820007	1.0	1.0	1.0	1.0	0.0	0.0	1.0	0.0	0.0
0.6802019310792363	0.8690964907149213	0.38824163378853527	1.0	1.0	1.0	1.0	1.0	1.0	1.0	1.0	1.0
0.657086081751124	0.9634079106282536	0.2548577021933852	1.0	1.0	1.0	1.0	1.0	1.0	1.0	1.0	1.0
0.6269945319650416	0.8478377252662761	0.49737199706345836	1.0	1.0	1.0	1.0	1.0	1.0	1.0	1.0	1.0
0.6859696559014126	0.9382464481541393	0.34665010636516375	1.0	1.0	1.0	1.0	1.0	1.0	1.0	1.0	1.0
0.7093544710981861	0.8849060707751001	0.4168161229969384	1.0	1.0	1.0	1.0	1.0	1.0	1.0	1.0	1.0
0.6649234316623054	0.9712323752598768	0.2111640272922231	1.0	1.0	1.0	1.0	1.0	1.0	1.0	1.0	1.0
0.7116056684098659	0.9199231513506851	0.3594057731559268	1.0	1.0	1.0	1.0	1.0	1.0	1.0	1.0	1.0
0.6256868745307738	0.9584990462073036	0.30688969224187923	1.0	1.0	1.0	1.0	1.0	1.0	1.0	1.0	1.0
0.650466343023859	0.7240897254929938	0.4646323454969251	1.0	1.0	1.0	1.0	1.0	1.0	1.0	0.0	1.0
0.730385231658971	0.9505866203969066	0.3243728259174546	1.0	1.0	1.0	1.0	1.0	1.0	1.0	1.0	1.0
0.7321577597833346	0.9454915377717378	0.24546533992080594	1.0	1.0	1.0	1.0	1.0	1.0	1.0	1.0	1.0
0.6736970433260997	0.8280625968516946	0.5782541024895522	1.0	1.0	1.0	1.0	1.0	1.0	1.0	1.0	0.0
0.692110907114413	0.9054567777219285	0.41285574496638927	1.0	1.0	1.0	1.0	1.0	1.0	1.0	1.0	1.0
0.7428656321344207	0.9572889040471095	0.2987809723716696	1.0	1.0	1.0	1.0	1.0	1.0	1.0	1.0	1.0
0.5528266057580999	0.8604467068261923	0.5063732524546382	1.0	1.0	1.0	1.0	1.0	1.0	0.0	1.0	0.0
0.5976934896439167	0.8214881410282326	0.5447952991564244	1.0	1.0	1.0	1.0	1.0	1.0	1.0	1.0	1.0
0.623393401018222	0.8493673850549505	0.47709728952847136	1.0	1.0	1.0	1.0	1.0	1.0	1.0	1.0	1.0
0.6000948042312098	0.8495949345629222	0.5017211502331698	1.0	1.0	1.0	1.0	1.0	1.0	1.0	1.0	1.0
0.8223680442912651	0.910463045414426	0.42505292995865085	1.0	1.0	1.0	1.0	1.0	1.0	0.0	1.0	1.0
0.6294634184627984	0.880462469175175	0.4642834098724099	1.0	1.0	1.0	1.0	1.0	1.0	1.0	1.0	1.0
0.6597986198945167	0.960893151012185	0.29728821016725065	1.0	1.0	1.0	1.0	1.0	1.0	1.0	1.0	1.0
0.691440969430526	0.81019881562377	0.5799410942103779	1.0	1.0	1.0	1.0	0.0	0.0	1.0	0.0	0.0
0.6554216623020878	0.8700274571062868	0.4173324389433646	1.0	1.0	1.0	1.0	1.0	1.0	1.0	1.0	1.0
0.7184295156638696	0.9239220878545871	0.4285102282198477	1.0	1.0	1.0	1.0	1.0	1.0	1.0	1.0	1.0
0.6796630618767012	0.8685905796159263	0.4411024083060479	1.0	1.0	1.0	1.0	1.0	1.0	1.0	1.0	1.0
0.7302738349093304	0.7704682695352886	0.442362028319316	1.0	1.0	1.0	1.0	1.0	1.0	1.0	1.0	1.0
0.7710248136012952	0.9268957056599556	0.3675466392591855	1.0	1.0	1.0	1.0	1.0	1.0	1.0	1.0	1.0
0.6689329900641601	0.8364707276644745	0.4463393431473556	1.0	1.0	1.0	1.0	1.0	1.0	1.0	1.0	1.0
0.6590494245966725	0.6970168504533025	0.5541345584023881	1.0	1.0	1.0	1.0	0.0	1.0	1.0	0.0	1.0
0.7063036803528191	0.8461930793042027	0.46897552577391005	1.0	1.0	1.0	1.0	1.0	1.0	1.0	1.0	1.0
0.6366172428540866	0.6867905850026762	0.4442948648512716	1.0	1.0	1.0	1.0	1.0	1.0	1.0	0.0	1.0
0.8125648777669874	0.6517304848030693	0.5162490530848036	0.0	0.0	1.0	0.0	0.0	1.0	0.0	0.0	1.0
0.6555345482803742	0.8273948650578969	0.5837474609474843	1.0	1.0	1.0	1.0	1.0	0.0	1.0	0.0	0.0
0.6052305966101863	0.8219607243175555	0.5413756588525204	1.0	1.0	1.0	1.0	1.0	1.0	1.0	0.0	0.0
0.7097552888961262	0.708980150755496	0.5779301999645192	1.0	1.0	1.0	1.0	0.0	1.0	1.0	0.0	0.0
0.7048702838584514	0.7940113595716805	0.3452549011427579	1.0	1.0	1.0	1.0	1.0	1.0	1.0	1.0	1.0
0.6245059634945044	0.9683061159036624	0.2064973202420764	1.0	1.0	1.0	1.0	1.0	1.0	1.0	1.0	0.0
0.5782052702275321	0.8163492742247074	0.5339029274420748	1.0	1.0	1.0	1.0	1.0	1.0	0.0	1.0	0.0
0.6440762840003098	0.8292230933883955	0.5761524212257526	1.0	1.0	1.0	1.0	1.0	0.0	1.0	0.0	0.0
0.6480129306164852	0.965677491955332	0.2647163816511269	1.0	1.0	1.0	1.0	1.0	1.0	1.0	1.0	1.0
0.6170904502687129	0.9429590133945224	0.26372338283860375	1.0	1.0	1.0	1.0	1.0	1.0	1.0	1.0	1.0
0.6576390161251504	0.8737063466483419	0.20317803187591174	1.0	1.0	1.0	1.0	1.0	1.0	1.0	1.0	1.0
0.6948517552921434	0.7517819769600045	0.4527701098542607	1.0	1.0	1.0	1.0	0.0	1.0	1.0	0.0	1.0
0.6933142146136253	0.8991077168028723	0.33539947115514646	1.0	1.0	1.0	1.0	1.0	1.0	1.0	1.0	1.0
0.6141305356296474	0.9527745977456984	0.3052945187570369	1.0	1.0	1.0	1.0	1.0	1.0	1.0	1.0	1.0
0.6658159772363919	0.9313110831820455	0.3162769517656335	1.0	1.0	1.0	1.0	1.0	1.0	1.0	1.0	1.0
0.6962545545892658	0.7553686184434628	0.5760463933940302	1.0	1.0	1.0	1.0	1.0	1.0	1.0	0.0	1.0
0.734383972261628	0.9150095399403516	0.38627203486297856	1.0	1.0	1.0	1.0	1.0	1.0	1.0	1.0	1.0
0.5845502938809879	0.919777359379729	0.3855709103629804	1.0	1.0	1.0	1.0	1.0	1.0	1.0	1.0	1.0
0.6782079006804441	0.9036489220409883	0.31758643893221267	1.0	1.0	1.0	1.0	1.0	1.0	1.0	1.0	1.0
0.6300833276654964	0.8566408518967449	0.4274083712031683	1.0	1.0	1.0	1.0	1.0	1.0	1.0	1.0	1.0
0.7656786484847085	0.9610724024709812	0.2538636075851388	1.0	1.0	1.0	1.0	1.0	1.0	1.0	1.0	1.0
0.6524193480687994	0.9564845097293729	0.31831067640111027	1.0	1.0	1.0	1.0	1.0	1.0	1.0	1.0	1.0
0.73049599361758	0.9394300436699482	0.32449047325288066	1.0	1.0	1.0	1.0	1.0	1.0	1.0	1.0	1.0
0.6448078882255034	0.8280138886380667	0.6123684555073327	1.0	1.0	1.0	1.0	1.0	0.0	1.0	1.0	0.0
0.6819337432235036	0.829162968589943	0.5754542025303183	1.0	1.0	1.0	1.0	1.0	0.0	1.0	0.0	0.0
0.7043708889022189	0.9537711635584738	0.24486423712066996	1.0	1.0	1.0	1.0	1.0	1.0	1.0	1.0	1.0
0.6918712783965518	0.883627840679131	0.48397012934025535	1.0	1.0	1.0	1.0	1.0	1.0	1.0	1.0	1.0
0.6332272143699823	0.9003316090420869	0.42981714457902004	1.0	1.0	1.0	1.0	1.0	1.0	1.0	1.0	1.0
0.7453568709197365	0.9297780955193494	0.27484680776848697	1.0	1.0	1.0	1.0	1.0	1.0	1.0	1.0	1.0
0.6767722457228763	0.8737767406308291	0.33363253267622595	1.0	1.0	1.0	1.0	1.0	1.0	1.0	1.0	1.0
0.7113818636114041	0.9392754050657636	0.23817800506992579	1.0	1.0	1.0	1.0	1.0	1.0	1.0	1.0	1.0
0.6059484670805975	0.8615310978200014	0.4466501718969741	1.0	1.0	1.0	1.0	1.0	1.0	0.0	1.0	1.0
0.7354318694629367	0.8888947612498129	0.30713642985483874	1.0	1.0	1.0	1.0	1.0	1.0	1.0	1.0	1.0
0.5260774759065898	0.9652149736621702	0.29889938978549896	1.0	1.0	1.0	1.0	1.0	1.0	1.0	1.0	1.0
0.680893992753387	0.9239024643545628	0.3428230860741217	1.0	1.0	1.0	1.0	1.0	1.0	1.0	1.0	1.0
0.7163603965514997	0.9609705055396639	0.2833463013538251	1.0	1.0	1.0	1.0	1.0	1.0	1.0	1.0	1.0
0.6822581114999138	0.9112244510959163	0.40391210643667474	1.0	1.0	1.0	1.0	1.0	1.0	1.0	1.0	1.0
0.6169885646746011	0.9452076528426077	0.35276522599304233	1.0	1.0	1.0	1.0	1.0	1.0	1.0	1.0	1.0
0.5854815094111505	0.9331055022614303	0.20595464449933004	1.0	1.0	1.0	1.0	1.0	1.0	1.0	1.0	1.0
0.637580116968781	0.8996584197392811	0.36854287065675345	1.0	1.0	1.0	1.0	1.0	1.0	1.0	1.0	1.0
0.7729222480479672	0.9313841983578675	0.39546944714225885	1.0	1.0	1.0	1.0	1.0	1.0	1.0	1.0	1.0
0.5963667023895484	0.9091701185762174	0.3676947205975631	1.0	1.0	1.0	1.0	1.0	1.0	1.0	1.0	1.0
0.7079435302451231	0.9472565722898251	0.34276284565826765	1.0	1.0	1.0	1.0	1.0	1.0	1.0	1.0	1.0
0.5789522945256441	0.8876221290768233	0.4438432799183708	1.0	1.0	1.0	1.0	1.0	1.0	1.0	1.0	1.0
0.6495079206434842	0.8419874723819321	0.6047191541662681	1.0	1.0	1.0	1.0	1.0	0.0	1.0	1.0	0.0
0.7740842203153288	0.9464603407427381	0.263980365882682	1.0	1.0	1.0	1.0	1.0	1.0	1.0	1.0	1.0
0.7044983418496099	0.876247610114658	0.4502996060913482	1.0	1.0	1.0	1.0	1.0	1.0	1.0	1.0	1.0
0.7367639277503053	0.9106483039758182	0.3843042849033717	1.0	1.0	1.0	1.0	1.0	1.0	1.0	1.0	1.0
0.6372742837583255	0.8435095468691537	0.4590640420977914	1.0	1.0	1.0	1.0	1.0	1.0	1.0	1.0	1.0
0.6561224256078212	0.9381209096531442	0.36608950192322887	1.0	1.0	1.0	1.0	1.0	1.0	1.0	1.0	1.0
0.725394092126401	0.940639739816264	0.32329053367304	1.0	1.0	1.0	1.0	1.0	1.0	1.0	1.0	1.0
0.6829820848024646	0.951844571037335	0.28782712991765164	1.0	1.0	1.0	1.0	1.0	1.0	1.0	1.0	1.0
0.744629264090756	0.8977833419944299	0.37730033909666105	1.0	1.0	1.0	1.0	1.0	1.0	1.0	1.0	1.0
0.5891775571450902	0.8855937068547	0.40553530335163124	1.0	1.0	1.0	1.0	1.0	1.0	1.0	1.0	1.0
0.6693952722142723	0.8593294349762857	0.44755299804897924	1.0	1.0	1.0	1.0	1.0	1.0	1.0	1.0	1.0
0.5393894491152237	0.8648863494063117	0.45701318040416805	1.0	1.0	1.0	0.0	1.0	1.0	0.0	1.0	1.0
0.6069350654352623	0.9301118877033657	0.44465746709741194	1.0	1.0	1.0	1.0	1.0	1.0	1.0	1.0	1.0
0.6725005567945783	0.7538428334210596	0.5306763907884164	1.0	1.0	1.0	1.0	0.0	1.0	1.0	0.0	0.0
0.7793665697842391	0.9535787788829915	0.21189070325243686	1.0	1.0	1.0	1.0	1.0	1.0	1.0	1.0	1.0
0.7216038117557059	0.9408410754714525	0.2984476894437243	1.0	1.0	1.0	1.0	1.0	1.0	1.0	1.0	1.0
0.6799719312689171	0.8389198849351223	0.475830317052844	1.0	1.0	1.0	1.0	1.0	1.0	1.0	1.0	1.0
0.7258831083807012	0.9275209695401448	0.29660930812826153	1.0	1.0	1.0	1.0	1.0	1.0	1.0	1.0	1.0
0.6661124863326676	0.8686737757811772	0.445554666969412	1.0	1.0	1.0	1.0	1.0	1.0	1.0	1.0	1.0
0.7570215698140605	0.9437056549262061	0.29501991730628907	1.0	1.0	1.0	1.0	1.0	1.0	1.0	1.0	1.0
0.6263365797056494	0.7863274857984689	0.4921130496320228	1.0	1.0	1.0	1.0	1.0	1.0	1.0	0.0	1.0
0.71612972750293	0.7384639051354044	0.5905032451216881	1.0	1.0	1.0	1.0	0.0	0.0	1.0	0.0	0.0
0.7757370874774885	0.9006690828574443	0.44147730555949577	1.0	1.0	1.0	1.0	1.0	1.0	1.0	1.0	1.0
0.693753707919928	0.77564402804592	0.3694716925683956	1.0	1.0	1.0	1.0	1.0	1.0	1.0	1.0	1.0
0.7560540976145415	0.7835835643798077	0.4630659116960092	1.0	1.0	1.0	1.0	1.0	1.0	1.0	1.0	1.0
0.6751651274019755	0.9337604642056297	0.31096535789545654	1.0	1.0	1.0	1.0	1.0	1.0	1.0	1.0	1.0
0.7454844818892822	0.9030748559347663	0.3390146562399207	1.0	1.0	1.0	1.0	1.0	1.0	1.0	1.0	1.0
0.6962755603739282	0.857327882307772	0.5071218336150193	1.0	1.0	1.0	1.0	1.0	1.0	1.0	1.0	1.0
0.7202515429471733	0.8685760493601747	0.39750128603607204	1.0	1.0	1.0	1.0	1.0	1.0	1.0	1.0	1.0
0.7208231648627974	0.9545638722027693	0.29400169981240565	1.0	1.0	1.0	1.0	1.0	1.0	1.0	1.0	1.0
0.6936425533403929	0.7834463366030457	0.6439613628614764	1.0	1.0	0.0	1.0	0.0	0.0	1.0	0.0	0.0
0.70857152905106	0.8479982324395375	0.48440126634174285	1.0	1.0	1.0	1.0	1.0	1.0	1.0	1.0	1.0
0.7024980265026197	0.8621382032449776	0.5560729983812587	1.0	1.0	1.0	1.0	1.0	0.0	1.0	1.0	0.0
0.6277999372969871	0.9385817294754752	0.35791952655827036	1.0	1.0	1.0	1.0	1.0	1.0	1.0	1.0	1.0
0.6154961510161404	0.8108521933535637	0.4563369153150209	1.0	1.0	1.0	1.0	1.0	1.0	1.0	1.0	1.0
0.6999272067208464	0.9018714546447428	0.413353063231304	1.0	1.0	1.0	1.0	1.0	1.0	1.0	1.0	1.0
0.7449490513087231	0.9358910455363133	0.3280706625413344	1.0	1.0	1.0	1.0	1.0	1.0	1.0	1.0	1.0
0.7553563164299111	0.8822430739082262	0.40695782206359987	1.0	1.0	1.0	1.0	1.0	1.0	1.0	1.0	1.0
0.7092593663380934	0.7891178921865342	0.6105336937561233	1.0	1.0	1.0	1.0	0.0	0.0	1.0	0.0	0.0
0.6606011530949314	0.956684220735044	0.25993067290590527	1.0	1.0	1.0	1.0	1.0	1.0	1.0	1.0	1.0
0.7179778739768732	0.9029224255200835	0.43113166530178154	1.0	1.0	1.0	1.0	1.0	1.0	1.0	1.0	1.0
0.8547081640765165	0.8319714348942375	0.4850484830703817	1.0	1.0	1.0	0.0	0.0	1.0	0.0	0.0	0.0
0.7319683850187395	0.939101806315426	0.30732700830627374	1.0	1.0	1.0	1.0	1.0	1.0	1.0	1.0	1.0
0.6555250174969168	0.9103851790403827	0.396382681881658	1.0	1.0	1.0	1.0	1.0	1.0	1.0	1.0	1.0
0.8111663578340551	0.7440691197250114	0.5377775252711445	0.0	1.0	1.0	0.0	1.0	1.0	0.0	0.0	1.0
0.6235450389774843	0.883346622928701	0.37782461167146025	1.0	1.0	1.0	1.0	1.0	1.0	1.0	1.0	1.0
0.6926605618282824	0.8747355145292852	0.4138721512444573	1.0	1.0	1.0	1.0	1.0	1.0	1.0	1.0	1.0
0.6293931692972887	0.9006709704035372	0.3838640674636803	1.0	1.0	1.0	1.0	1.0	1.0	1.0	1.0	1.0
0.6420049177721147	0.8978368196157249	0.301317810803129	1.0	1.0	1.0	1.0	1.0	1.0	1.0	1.0	1.0
0.7320704391723433	0.9616097892860938	0.27703321642367595	1.0	1.0	1.0	1.0	1.0	1.0	1.0	1.0	1.0
0.5372158268703998	0.9394823105413191	0.3496099900816817	1.0	1.0	1.0	1.0	1.0	1.0	1.0	1.0	1.0
0.6617062141846957	0.8764647633502191	0.32508587628723	1.0	1.0	1.0	1.0	1.0	1.0	1.0	1.0	1.0
0.6377820121372253	0.8992055239467697	0.4348704958070635	1.0	1.0	1.0	1.0	1.0	1.0	1.0	1.0	1.0
0.625222471240584	0.9021562369502621	0.4555173559733349	1.0	1.0	1.0	1.0	1.0	1.0	1.0	1.0	1.0
0.6736912885948656	0.8525282022729166	0.42714653365252203	1.0	1.0	1.0	1.0	1.0	1.0	1.0	1.0	1.0
0.7531258935846494	0.8600883625982259	0.42251211622779933	1.0	1.0	1.0	1.0	1.0	1.0	1.0	1.0	1.0
0.8642336832188149	0.9466531885417476	0.3036237329874252	1.0	1.0	1.0	1.0	1.0	1.0	0.0	1.0	1.0
0.5651595602460247	0.9164529952343478	0.37008806506695474	1.0	1.0	1.0	1.0	1.0	1.0	1.0	1.0	1.0
0.5957982661528359	0.661871194089733	0.7138590118657563	1.0	0.0	0.0	0.0	0.0	0.0	0.0	0.0	0.0
0.5939153759127326	0.9514736281724556	0.33027088010648115	1.0	1.0	1.0	1.0	1.0	1.0	1.0	1.0	1.0
0.6416394643834953	0.804011407913488	0.560370934382594	1.0	1.0	1.0	1.0	0.0	0.0	1.0	0.0	0.0
0.6506531582799487	0.9459919394751222	0.2979510673028228	1.0	1.0	1.0	1.0	1.0	1.0	1.0	1.0	1.0
0.6885865025463083	0.9030820802887606	0.393111398342879	1.0	1.0	1.0	1.0	1.0	1.0	1.0	1.0	1.0
0.893014111100152	0.9591293873382156	0.24935878450720875	1.0	1.0	1.0	1.0	1.0	1.0	1.0	1.0	1.0
0.677837803479731	0.9573320156116388	0.29358667990988174	1.0	1.0	1.0	1.0	1.0	1.0	1.0	1.0	1.0
0.6292539450263379	0.9080254831585837	0.42626195822276564	1.0	1.0	1.0	1.0	1.0	1.0	1.0	1.0	1.0
0.6665017029864397	0.8941019236715556	0.47441806214010745	1.0	1.0	1.0	1.0	1.0	1.0	1.0	1.0	1.0
0.6040275869317301	0.8877915363332152	0.417153812944761	1.0	1.0	1.0	1.0	1.0	1.0	1.0	1.0	1.0
0.7003392378513188	0.8002136906480017	0.32712145032648543	1.0	1.0	1.0	1.0	1.0	1.0	1.0	1.0	1.0
0.5920398827573015	0.9586367750719754	0.24420853396862957	1.0	1.0	1.0	1.0	1.0	1.0	1.0	1.0	1.0
0.6405832999613035	0.9089656585204061	0.375833623389614	1.0	1.0	1.0	1.0	1.0	1.0	1.0	1.0	1.0
0.8010788078873085	0.914375042223448	0.2715740313143082	1.0	1.0	1.0	1.0	1.0	1.0	0.0	1.0	1.0
0.5541726302982591	0.9736351369658819	0.25310830071891627	1.0	1.0	1.0	1.0	1.0	1.0	1.0	1.0	1.0
0.701315308329702	0.8836946836851342	0.5273048290409822	1.0	1.0	1.0	1.0	1.0	1.0	1.0	1.0	1.0
0.6843227450718029	0.8448634895979389	0.41438703871839844	1.0	1.0	1.0	1.0	1.0	1.0	1.0	1.0	1.0
0.6819310580157808	0.8862381072315448	0.3210221815494903	1.0	1.0	1.0	1.0	1.0	1.0	1.0	1.0	1.0
0.6709139402284439	0.8584129667367311	0.4613776129562571	1.0	1.0	1.0	1.0	1.0	1.0	1.0	1.0	1.0
0.6761051599592598	0.8898769167044812	0.3265456238531745	1.0	1.0	1.0	1.0	1.0	1.0	1.0	1.0	1.0
0.6527401538467703	0.8940169641059845	0.47940687275047306	1.0	1.0	1.0	1.0	1.0	1.0	1.0	1.0	1.0
0.6136804580429125	0.93837153493404	0.3794562797629806	1.0	1.0	1.0	1.0	1.0	1.0	1.0	1.0	1.0
0.7884515769720516	0.9392812581006127	0.34852466032043605	1.0	1.0	1.0	1.0	1.0	1.0	1.0	1.0	1.0
0.6412179798366497	0.8592413055317529	0.46054264100895875	1.0	1.0	1.0	1.0	1.0	1.0	1.0	1.0	1.0
0.7746577393019142	0.9083316701238154	0.26849936360639703	1.0	1.0	1.0	0.0	1.0	1.0	0.0	1.0	1.0
0.7034508048071201	0.8839819059818381	0.41740363579424306	1.0	1.0	1.0	1.0	1.0	1.0	1.0	1.0	1.0
0.665147856898563	0.8882835964605705	0.4734955719277499	1.0	1.0	1.0	1.0	1.0	1.0	1.0	1.0	1.0
0.7177242111261272	0.7639317643759201	0.6003872806220947	1.0	1.0	1.0	1.0	0.0	0.0	1.0	0.0	0.0
0.7547672121964148	0.8662512529608223	0.3853973638858129	1.0	1.0	1.0	1.0	1.0	1.0	0.0	1.0	1.0
0.6865280506843972	0.9141079274448469	0.2824902636757293	1.0	1.0	1.0	1.0	1.0	1.0	1.0	1.0	1.0
0.6675230038337445	0.9639631831889988	0.2597403657270596	1.0	1.0	1.0	1.0	1.0	1.0	1.0	1.0	1.0
0.5504408803325038	0.9727441159414789	0.1871280005365734	1.0	1.0	1.0	1.0	1.0	1.0	1.0	1.0	1.0
0.6375763307906207	0.9708160377400729	0.2473993285525732	1.0	1.0	1.0	1.0	1.0	1.0	1.0	1.0	1.0
0.7664369436291816	0.8396474362513533	0.26372749411613994	1.0	1.0	1.0	0.0	1.0	1.0	0.0	1.0	1.0
0.6755666048888571	0.9331948633156104	0.342606341113388	1.0	1.0	1.0	1.0	1.0	1.0	1.0	1.0	1.0
0.64362956146208	0.8804964829345256	0.4847787439964437	1.0	1.0	1.0	1.0	1.0	1.0	1.0	1.0	1.0
0.8418562804027147	0.7838703314394779	0.4131553948552463	0.0	1.0	1.0	0.0	1.0	1.0	0.0	1.0	1.0
0.6581212322030879	0.9335465907372655	0.36738551482131115	1.0	1.0	1.0	1.0	1.0	1.0	1.0	1.0	1.0
0.6785972858114051	0.9642675674714246	0.2881225516970043	1.0	1.0	1.0	1.0	1.0	1.0	1.0	1.0	1.0
0.7805184024958598	0.8824718657948832	0.34979529445654656	1.0	1.0	1.0	1.0	1.0	1.0	1.0	1.0	1.0
0.7478284775253394	0.9117487781234395	0.4028257025224037	1.0	1.0	1.0	1.0	1.0	1.0	1.0	1.0	1.0
0.6486716871676219	0.760474334382779	0.5692574417946678	1.0	1.0	1.0	1.0	1.0	1.0	1.0	0.0	1.0
0.7047185868517106	0.8561350418047903	0.49013422188344363	1.0	1.0	1.0	1.0	1.0	1.0	1.0	1.0	1.0
0.6987183771115607	0.9270222926571284	0.3423511491013499	1.0	1.0	1.0	1.0	1.0	1.0	1.0	1.0	1.0
0.6322689055786775	0.961306620937909	0.25054603536760234	1.0	1.0	1.0	1.0	1.0	1.0	1.0	1.0	1.0
0.7108592185169849	0.9464704789798492	0.3083599717307208	1.0	1.0	1.0	1.0	1.0	1.0	1.0	1.0	1.0
0.6919176175764752	0.8688648511232319	0.45424617385003435	1.0	1.0	1.0	1.0	1.0	1.0	1.0	1.0	1.0
0.7156433848326293	0.7797739057526859	0.39273548164117145	1.0	1.0	1.0	1.0	1.0	1.0	1.0	1.0	1.0
0.7413115937470532	0.7960154508585189	0.5621298340198223	1.0	1.0	1.0	1.0	1.0	1.0	1.0	0.0	0.0
0.6359538058357685	0.9477258249940037	0.3148685171129402	1.0	1.0	1.0	1.0	1.0	1.0	1.0	1.0	1.0
0.6550058346299696	0.9336296424235044	0.3791075217124834	1.0	1.0	1.0	1.0	1.0	1.0	1.0	1.0	1.0
0.5300639382745062	0.9696369584535258	0.24006374275785122	1.0	1.0	1.0	1.0	1.0	1.0	1.0	1.0	1.0
0.7099639637931549	0.8588289157065255	0.45116285857036026	1.0	1.0	1.0	1.0	1.0	1.0	1.0	1.0	1.0
0.7502699577761893	0.8932449061053505	0.364441459336938	1.0	1.0	1.0	1.0	1.0	1.0	1.0	1.0	1.0
0.5880645169515862	0.906941703685087	0.3519494757677448	1.0	1.0	1.0	1.0	1.0	1.0	1.0	1.0	1.0
0.709368065965283	0.87614679450709	0.40729850123564293	1.0	1.0	1.0	1.0	1.0	1.0	1.0	1.0	1.0
0.6437968005093845	0.9172950754207652	0.35122895058441395	1.0	1.0	1.0	1.0	1.0	1.0	1.0	1.0	1.0
0.6789316120236	0.9241418967181004	0.3987770708648115	1.0	1.0	1.0	1.0	1.0	1.0	1.0	1.0	1.0
0.6869232086156535	0.9530008958776075	0.2985128742748722	1.0	1.0	1.0	1.0	1.0	1.0	1.0	1.0	1.0
0.7483334126014616	0.9322197836262273	0.3077215991653774	1.0	1.0	1.0	1.0	1.0	1.0	1.0	1.0	1.0
0.6587892037853647	0.9267035221323033	0.4171898898896734	1.0	1.0	1.0	1.0	1.0	1.0	1.0	1.0	1.0
0.6316977819843937	0.9504972624125461	0.23797393961288524	1.0	1.0	1.0	1.0	1.0	1.0	1.0	1.0	1.0
0.6570802146356642	0.9367549469331741	0.3004955160241593	1.0	1.0	1.0	1.0	1.0	1.0	1.0	1.0	1.0
0.5660434927017276	0.8277082488141365	0.6058869256632785	1.0	1.0	0.0	1.0	1.0	0.0	0.0	0.0	0.0
0.680832003752774	0.8829053196322632	0.25967223023490554	1.0	1.0	1.0	1.0	1.0	1.0	1.0	1.0	1.0
0.6965210677246512	0.8957537742607187	0.4546700336225935	1.0	1.0	1.0	1.0	1.0	1.0	1.0	1.0	1.0
0.6349627888351058	0.9328098431343136	0.34112600119917474	1.0	1.0	1.0	1.0	1.0	1.0	1.0	1.0	1.0
0.596528161598348	0.8872756363695287	0.44011636857656816	1.0	1.0	1.0	1.0	1.0	1.0	1.0	1.0	1.0
0.7228090409873548	0.9558229980704464	0.27985474684486683	1.0	1.0	1.0	1.0	1.0	1.0	1.0	1.0	1.0
0.7009239924878854	0.9673266164507941	0.24487481293636934	1.0	1.0	1.0	1.0	1.0	1.0	1.0	1.0	1.0
0.5503316411638932	0.9713540552345967	0.25846219201707776	1.0	1.0	1.0	1.0	1.0	1.0	1.0	1.0	1.0
0.6875315039465747	0.891793970079684	0.48204061875763576	1.0	1.0	1.0	1.0	1.0	1.0	1.0	1.0	1.0
0.6405694730797492	0.6382076916519235	0.6305676957439028	1.0	1.0	1.0	1.0	0.0	1.0	1.0	0.0	0.0
0.4971389569168432	0.8440530303972916	0.5196990762882114	0.0	1.0	1.0	0.0	1.0	1.0	0.0	1.0	0.0
0.6043474477936952	0.9525795547553279	0.28495190650594143	1.0	1.0	1.0	1.0	1.0	1.0	1.0	1.0	1.0
0.5703384690318591	0.6722015582428131	0.7640414888070335	1.0	0.0	0.0	0.0	0.0	0.0	0.0	0.0	0.0
0.7210490291293075	0.8740540781231766	0.4673266090521086	1.0	1.0	1.0	1.0	1.0	1.0	1.0	1.0	1.0
0.7166269252906712	0.9021986754420754	0.48682429019651463	1.0	1.0	1.0	1.0	1.0	1.0	1.0	1.0	1.0
0.6066730609996602	0.9309413056755301	0.3461206085950076	1.0	1.0	1.0	1.0	1.0	1.0	1.0	1.0	1.0
0.8123756064511702	0.9337154600527627	0.3804218807798867	1.0	1.0	1.0	1.0	1.0	1.0	1.0	1.0	1.0
0.730438044163615	0.9271940024727973	0.39014024374047906	1.0	1.0	1.0	1.0	1.0	1.0	1.0	1.0	1.0
0.657165984072637	0.8847052417862393	0.42130925398895386	1.0	1.0	1.0	1.0	1.0	1.0	1.0	1.0	1.0
0.7867493874545427	0.9522050190781476	0.32599437515535507	1.0	1.0	1.0	1.0	1.0	1.0	1.0	1.0	1.0
0.6176276205545521	0.9491149695038503	0.3427822921016641	1.0	1.0	1.0	1.0	1.0	1.0	1.0	1.0	1.0
0.8199128244286662	0.8471106538235628	0.4003844442026948	1.0	1.0	1.0	0.0	1.0	1.0	0.0	1.0	1.0
0.6796498346834551	0.9646897086160436	0.17678856010729588	1.0	1.0	1.0	1.0	1.0	1.0	1.0	1.0	1.0
0.6005145393130874	0.9030617777238775	0.4673817984604787	1.0	1.0	1.0	1.0	1.0	1.0	1.0	1.0	1.0
0.6791316573296585	0.9238629161301175	0.39162361453182887	1.0	1.0	1.0	1.0	1.0	1.0	1.0	1.0	1.0
0.6496446295705298	0.8973876339370465	0.2532738283562688	1.0	1.0	1.0	1.0	1.0	1.0	1.0	1.0	1.0
0.6693524223591762	0.964686263369798	0.21134311052041868	1.0	1.0	1.0	1.0	1.0	1.0	1.0	1.0	1.0
0.7049347511572728	0.8576643697997527	0.30906389178852434	1.0	1.0	1.0	1.0	1.0	1.0	1.0	1.0	1.0
0.7340157068547201	0.9232626963606977	0.39186357503302777	1.0	1.0	1.0	1.0	1.0	1.0	1.0	1.0	1.0
0.6776495461767055	0.9093838702395685	0.3129785105492537	1.0	1.0	1.0	1.0	1.0	1.0	1.0	1.0	1.0
0.558878254292158	0.7926627330614576	0.6420796924801108	1.0	1.0	1.0	1.0	1.0	0.0	0.0	1.0	0.0
0.7370814422928935	0.860614112779315	0.38478810503396366	1.0	1.0	1.0	1.0	1.0	1.0	1.0	1.0	1.0
0.6289388374640115	0.8849839579335853	0.5850853955985956	1.0	1.0	1.0	1.0	1.0	1.0	1.0	1.0	0.0
0.6463680560025069	0.9150756257741472	0.327499365735502	1.0	1.0	1.0	1.0	1.0	1.0	1.0	1.0	1.0
0.6937413354646669	0.879615714347976	0.46967323659238713	1.0	1.0	1.0	1.0	1.0	1.0	1.0	1.0	1.0
0.6365123994574746	0.8467008479809282	0.4254786332132623	1.0	1.0	1.0	1.0	1.0	1.0	1.0	1.0	1.0
0.6780282324343031	0.9656480046344276	0.2586126054966083	1.0	1.0	1.0	1.0	1.0	1.0	1.0	1.0	1.0
0.6396030486620399	0.8810727345895093	0.44247908634696054	1.0	1.0	1.0	1.0	1.0	1.0	1.0	1.0	1.0
0.7205386690543918	0.8063084303570338	0.5064653104288002	1.0	1.0	1.0	1.0	0.0	1.0	1.0	0.0	0.0
0.6958154647960416	0.8648833958389807	0.5237353413111505	1.0	1.0	1.0	1.0	1.0	1.0	1.0	1.0	1.0
0.6423383827120708	0.9682307720944888	0.25009338678931065	1.0	1.0	1.0	1.0	1.0	1.0	1.0	1.0	1.0
0.7451752428681135	0.7939944707845008	0.6102683387171178	1.0	1.0	0.0	1.0	0.0	0.0	1.0	0.0	0.0
0.6655041947218806	0.7372469542269529	0.5317279873804803	1.0	1.0	1.0	1.0	1.0	1.0	1.0	0.0	1.0
0.6571851331970617	0.8977366981702376	0.4270259687188189	1.0	1.0	1.0	1.0	1.0	1.0	1.0	1.0	1.0
0.6530642461283482	0.9622973592381866	0.29517011762045287	1.0	1.0	1.0	1.0	1.0	1.0	1.0	1.0	1.0
0.6980817618320468	0.8278177457826693	0.37340803869206685	1.0	1.0	1.0	1.0	1.0	1.0	1.0	1.0	1.0
0.6609846680851086	0.9133816128759511	0.3195669392247677	1.0	1.0	1.0	1.0	1.0	1.0	1.0	1.0	1.0
0.6977769451195247	0.9768786353838674	0.2417424161772932	1.0	1.0	1.0	1.0	1.0	1.0	1.0	1.0	1.0
0.6109354547269267	0.9725284726622347	0.19569008992897088	1.0	1.0	1.0	1.0	1.0	1.0	1.0	1.0	1.0
0.7551912951047415	0.8475313588325223	0.2768096338993475	1.0	1.0	1.0	1.0	1.0	1.0	1.0	1.0	1.0
0.730762969905939	0.8515021699601283	0.4700635678218078	1.0	1.0	1.0	1.0	1.0	1.0	1.0	1.0	1.0
0.6013067778088196	0.9602571861215674	0.29135030016594443	1.0	1.0	1.0	1.0	1.0	1.0	1.0	1.0	1.0
0.6884445538591382	0.8196552125599795	0.46903147745148277	1.0	1.0	1.0	1.0	1.0	1.0	1.0	1.0	1.0
0.6804439127475371	0.9435851321287186	0.31123575579044754	1.0	1.0	1.0	1.0	1.0	1.0	1.0	1.0	1.0
0.6089970255701681	0.8246975343170431	0.530440507271811	1.0	1.0	1.0	1.0	1.0	1.0	1.0	1.0	1.0
0.7287220017045668	0.7928909129652448	0.46274143128161416	1.0	1.0	1.0	1.0	1.0	1.0	1.0	1.0	1.0
0.7210617800922989	0.9483160828907466	0.26226007223154224	1.0	1.0	1.0	1.0	1.0	1.0	1.0	1.0	1.0
0.7714548462503852	0.8966598037683771	0.4345496128890833	1.0	1.0	1.0	1.0	1.0	1.0	1.0	1.0	1.0
0.5983014338817196	0.8799274846574409	0.3354040684615891	1.0	1.0	1.0	1.0	1.0	1.0	1.0	1.0	1.0
0.6663324128579529	0.9345377398217235	0.3181110935128445	1.0	1.0	1.0	1.0	1.0	1.0	1.0	1.0	1.0
0.7277731332088798	0.8801586010295183	0.28510491790291903	1.0	1.0	1.0	1.0	1.0	1.0	1.0	1.0	1.0
0.5971684146492623	0.8878453680063756	0.43126697226866767	1.0	1.0	1.0	1.0	1.0	1.0	1.0	1.0	1.0
0.6492603155188643	0.8238863489344904	0.6329833280757458	1.0	1.0	1.0	1.0	1.0	0.0	1.0	1.0	0.0
0.6634018702534832	0.9215210732031499	0.36132234005857133	1.0	1.0	1.0	1.0	1.0	1.0	1.0	1.0	1.0
0.5736976661763786	0.9211247034619203	0.42862880782763313	1.0	1.0	1.0	1.0	1.0	1.0	1.0	1.0	1.0
0.5671673396121595	0.8568527027808328	0.5993667367659161	1.0	1.0	1.0	1.0	1.0	0.0	1.0	1.0	0.0
0.6905977380701591	0.8817371179724669	0.36505701419386866	1.0	1.0	1.0	1.0	1.0	1.0	1.0	1.0	1.0
0.588096134931962	0.7249731058821326	0.7496732817730658	1.0	0.0	0.0	1.0	0.0	0.0	1.0	0.0	0.0
0.6693075452685243	0.9073980988732084	0.371856087815748	1.0	1.0	1.0	1.0	1.0	1.0	1.0	1.0	1.0
0.7051961746762165	0.7770377655028695	0.47196239320371386	1.0	1.0	1.0	1.0	1.0	1.0	1.0	1.0	1.0
0.7360835201564031	0.9459000917536879	0.2758264028348552	1.0	1.0	1.0	1.0	1.0	1.0	1.0	1.0	1.0
0.7021376736563346	0.9351499158575883	0.36036513363413525	1.0	1.0	1.0	1.0	1.0	1.0	1.0	1.0	1.0
0.7156773310140907	0.8398474179705108	0.3584618784298874	1.0	1.0	1.0	1.0	1.0	1.0	1.0	1.0	1.0
0.6543936459004561	0.9477309871884053	0.3025041424393425	1.0	1.0	1.0	1.0	1.0	1.0	1.0	1.0	1.0
0.5751366368079854	0.8930689006189189	0.48861302858748434	1.0	1.0	1.0	1.0	1.0	1.0	1.0	1.0	1.0
0.6258424434373624	0.9388109017549336	0.2651303142728353	1.0	1.0	1.0	1.0	1.0	1.0	1.0	1.0	1.0
0.7598819275720189	0.9633137521340547	0.287587908616643	1.0	1.0	1.0	1.0	1.0	1.0	1.0	1.0	1.0
0.575680584267568	0.9355019542245037	0.3697735262321557	1.0	1.0	1.0	1.0	1.0	1.0	1.0	1.0	1.0
0.73582142813902	0.8778948885224412	0.36456468393398733	1.0	1.0	1.0	1.0	1.0	1.0	1.0	1.0	1.0
0.6015870110518953	0.8631674347965406	0.2393964697308353	1.0	1.0	1.0	0.0	1.0	1.0	0.0	1.0	1.0
0.7020435203714273	0.9719398856824162	0.2456278660783715	1.0	1.0	1.0	1.0	1.0	1.0	1.0	1.0	1.0
0.7521186545278132	0.8652720028650527	0.42939658270288306	1.0	1.0	1.0	1.0	1.0	1.0	1.0	1.0	1.0
0.7719462557508447	0.9305924966262291	0.3705377203510183	1.0	1.0	1.0	1.0	1.0	1.0	1.0	1.0	1.0
0.8143722763031962	0.9241997240558345	0.39250507468235085	1.0	1.0	1.0	1.0	1.0	1.0	1.0	1.0	1.0
0.6853729623122501	0.9463647945023351	0.3223284467795187	1.0	1.0	1.0	1.0	1.0	1.0	1.0	1.0	1.0
0.7468727817575198	0.8404485240202733	0.44355890566200595	1.0	1.0	1.0	1.0	1.0	1.0	1.0	1.0	1.0
0.6766108952870403	0.892791496993675	0.4070039889463634	1.0	1.0	1.0	1.0	1.0	1.0	1.0	1.0	1.0
0.6238023441087175	0.8853673588939499	0.35555016181721943	1.0	1.0	1.0	1.0	1.0	1.0	1.0	1.0	1.0
0.6102707024624537	0.7861028643129071	0.4650099856113921	1.0	1.0	1.0	1.0	1.0	1.0	1.0	0.0	1.0
0.6745609663244345	0.8995846426833183	0.4896731599305242	1.0	1.0	1.0	1.0	1.0	1.0	1.0	1.0	0.0
0.7453484896571992	0.956454667208645	0.27379776572682474	1.0	1.0	1.0	1.0	1.0	1.0	1.0	1.0	1.0
0.7061898424312699	0.908828402258175	0.38086527554842375	1.0	1.0	1.0	1.0	1.0	1.0	1.0	1.0	1.0
0.641520371266862	0.7850041724856465	0.5846534039180491	1.0	1.0	1.0	1.0	1.0	0.0	1.0	0.0	0.0
0.7269407100499434	0.7993912338655746	0.5733634087625878	1.0	1.0	1.0	1.0	1.0	0.0	1.0	0.0	0.0
0.635213445824853	0.8842084119242875	0.40326654120822036	1.0	1.0	1.0	1.0	1.0	1.0	1.0	1.0	1.0
0.765530946083658	0.956136234425548	0.26843038440524586	1.0	1.0	1.0	1.0	1.0	1.0	1.0	1.0	1.0
0.7069317949363108	0.885601975010163	0.4598944349544582	1.0	1.0	1.0	1.0	1.0	1.0	1.0	1.0	1.0
0.6710486075031717	0.9218761396697359	0.30869056433437	1.0	1.0	1.0	1.0	1.0	1.0	1.0	1.0	1.0
0.7045922225823199	0.7463218502124621	0.6105010793334439	1.0	1.0	1.0	1.0	0.0	0.0	1.0	0.0	0.0
0.6859150809456063	0.9223411923090578	0.2896426248544355	1.0	1.0	1.0	1.0	1.0	1.0	1.0	1.0	1.0
0.8265149474866529	0.9070820574677008	0.33180485766502743	1.0	1.0	1.0	0.0	1.0	1.0	0.0	1.0	1.0
0.7821161667410745	0.9614381971262367	0.2999323310086065	1.0	1.0	1.0	1.0	1.0	1.0	1.0	1.0	1.0
0.6827460864047777	0.9112575162164575	0.3334457869107857	1.0	1.0	1.0	1.0	1.0	1.0	1.0	1.0	1.0
0.6590214811164216	0.9499474616154023	0.28547346143900554	1.0	1.0	1.0	1.0	1.0	1.0	1.0	1.0	1.0
0.6748010626231405	0.9207033738011338	0.3530468929086824	1.0	1.0	1.0	1.0	1.0	1.0	1.0	1.0	1.0
0.743865291645633	0.9206343528057408	0.34139653534135794	1.0	1.0	1.0	1.0	1.0	1.0	1.0	1.0	1.0
0.6111374153377523	0.8668826726821047	0.40600380098127675	1.0	1.0	1.0	1.0	1.0	1.0	1.0	1.0	1.0
0.6582324472078671	0.8709744141007026	0.3143897180973384	1.0	1.0	1.0	1.0	1.0	1.0	1.0	1.0	1.0
0.7457858534566213	0.8649461903327915	0.5091704547951891	1.0	1.0	1.0	1.0	1.0	1.0	1.0	1.0	0.0
0.7930721612676451	0.8135136242625786	0.5006182470154003	0.0	1.0	1.0	0.0	1.0	1.0	0.0	1.0	1.0
0.7554241437690355	0.9575981020605793	0.2505571727391304	1.0	1.0	1.0	1.0	1.0	1.0	1.0	1.0	1.0
0.6907145300637927	0.8052964492348527	0.5005497331293816	1.0	1.0	1.0	1.0	0.0	1.0	1.0	0.0	0.0
0.7338925979408127	0.8944536965805615	0.3948405537649733	1.0	1.0	1.0	1.0	1.0	1.0	1.0	1.0	1.0
0.7036120630454681	0.8589868349837805	0.4378175564302093	1.0	1.0	1.0	1.0	1.0	1.0	1.0	1.0	1.0
0.6238467394702126	0.9437260045781529	0.31405523631789334	1.0	1.0	1.0	1.0	1.0	1.0	1.0	1.0	1.0
0.6353709981936863	0.840343617577777	0.47121950363219894	1.0	1.0	1.0	1.0	1.0	1.0	1.0	1.0	1.0
0.7528617837969926	0.8960745245369823	0.31205087467525544	1.0	1.0	1.0	1.0	1.0	1.0	1.0	1.0	1.0
0.6148054216887938	0.9194676679855078	0.28065299394738136	1.0	1.0	1.0	1.0	1.0	1.0	1.0	1.0	1.0
0.705869510197507	0.9219384341503335	0.3611353105943	1.0	1.0	1.0	1.0	1.0	1.0	1.0	1.0	1.0
0.6659079730545971	0.863900395353754	0.477333021027006	1.0	1.0	1.0	1.0	1.0	1.0	1.0	1.0	1.0
0.754580505408915	0.82139132165195	0.41592195425404405	1.0	1.0	1.0	1.0	1.0	1.0	1.0	1.0	1.0
0.6804024346752726	0.5100003011276049	0.6457304717123218	1.0	0.0	1.0	1.0	0.0	0.0	1.0	0.0	0.0
0.7072095633126041	0.8964967323730237	0.3968635931362895	1.0	1.0	1.0	1.0	1.0	1.0	1.0	1.0	1.0
0.6563362735983896	0.9301548400558037	0.42296711019207506	1.0	1.0	1.0	1.0	1.0	1.0	1.0	1.0	1.0
0.6400706363373133	0.8986679906039388	0.41847561018932145	1.0	1.0	1.0	1.0	1.0	1.0	1.0	1.0	1.0
0.8836282700398346	0.9182192132036511	0.40805074510933526	1.0	1.0	1.0	1.0	1.0	1.0	0.0	1.0	1.0
0.7787542593471064	0.9150972399755992	0.2504215618591451	1.0	1.0	1.0	1.0	1.0	1.0	1.0	1.0	1.0
0.6496521403264172	0.9472355682064737	0.31428438516504936	1.0	1.0	1.0	1.0	1.0	1.0	1.0	1.0	1.0
0.6598987235669879	0.8709799432057371	0.4504525580710141	1.0	1.0	1.0	1.0	1.0	1.0	1.0	1.0	1.0
0.8166462621087761	0.7933437622886276	0.4471034271368837	0.0	1.0	1.0	0.0	1.0	1.0	0.0	1.0	1.0
0.6488140776753958	0.8635656908906852	0.34109907484886764	1.0	1.0	1.0	1.0	1.0	1.0	1.0	1.0	1.0
0.6796851730625353	0.9283056632151536	0.32042926077374834	1.0	1.0	1.0	1.0	1.0	1.0	1.0	1.0	1.0
0.6174288424739176	0.9526200487627821	0.317753538265237	1.0	1.0	1.0	1.0	1.0	1.0	1.0	1.0	1.0
0.7488286782581045	0.8900735135528379	0.549426807270872	1.0	1.0	1.0	1.0	1.0	1.0	1.0	1.0	0.0
0.6623845619010279	0.9573566698770736	0.2841919609639385	1.0	1.0	1.0	1.0	1.0	1.0	1.0	1.0	1.0
0.6161750547403032	0.7389952940904816	0.7424520061471119	1.0	1.0	0.0	1.0	0.0	0.0	1.0	0.0	0.0
0.6462341223784416	0.8853919931694576	0.33718565164053865	1.0	1.0	1.0	1.0	1.0	1.0	1.0	1.0	1.0
0.692228610802548	0.9051194616745192	0.3727971008464591	1.0	1.0	1.0	1.0	1.0	1.0	1.0	1.0	1.0
0.6596185871364618	0.9555123657220997	0.2588061491479066	1.0	1.0	1.0	1.0	1.0	1.0	1.0	1.0	1.0
0.6790925497811223	0.9165604177251794	0.4693507997886471	1.0	1.0	1.0	1.0	1.0	1.0	1.0	1.0	1.0
0.6844391941537621	0.9500885750516868	0.2956654557884967	1.0	1.0	1.0	1.0	1.0	1.0	1.0	1.0	1.0
0.8560919742475767	0.8830545728545098	0.3981193521642416	1.0	1.0	1.0	0.0	1.0	1.0	0.0	1.0	1.0
0.6255686480040995	0.9315195871288902	0.4210034984879599	1.0	1.0	1.0	1.0	1.0	1.0	1.0	1.0	1.0
0.771007662857656	0.8833397214125167	0.4245275945145984	1.0	1.0	1.0	1.0	1.0	1.0	1.0	1.0	1.0
0.649429488748485	0.8656309708829779	0.4568515932554252	1.0	1.0	1.0	1.0	1.0	1.0	1.0	1.0	1.0
0.6503426377789309	0.9527222136239455	0.3320130552668212	1.0	1.0	1.0	1.0	1.0	1.0	1.0	1.0	1.0
0.6935295903302904	0.9743952415132456	0.24111015496383653	1.0	1.0	1.0	1.0	1.0	1.0	1.0	1.0	1.0
0.7309177010059976	0.9562586514008228	0.2845046093973191	1.0	1.0	1.0	1.0	1.0	1.0	1.0	1.0	1.0
0.7506506556915977	0.8417702210235922	0.3532944409615006	1.0	1.0	1.0	1.0	1.0	1.0	1.0	1.0	1.0
0.8286954328337398	0.8193086522876825	0.3714974944173153	1.0	1.0	1.0	0.0	1.0	1.0	0.0	1.0	1.0
0.6409841033914205	0.905480177981564	0.42710181644140005	1.0	1.0	1.0	1.0	1.0	1.0	1.0	1.0	1.0
0.6146517764852295	0.959932552623681	0.23670380850282524	1.0	1.0	1.0	1.0	1.0	1.0	1.0	1.0	1.0
0.6116833154668049	0.8984408682124723	0.3496747562661824	1.0	1.0	1.0	1.0	1.0	1.0	1.0	1.0	1.0
0.5351163324502021	0.8192861773274885	0.6705840954498513	0.0	1.0	0.0	0.0	1.0	0.0	0.0	0.0	0.0
0.7033833796830842	0.8550067667909649	0.3367371415220282	1.0	1.0	1.0	1.0	1.0	1.0	1.0	1.0	1.0
0.6398127349955143	0.9395358525466259	0.3593229546662683	1.0	1.0	1.0	1.0	1.0	1.0	1.0	1.0	1.0
0.5974363354716191	0.8868120569599505	0.4636597362203806	1.0	1.0	1.0	1.0	1.0	1.0	1.0	1.0	1.0
0.7618814907891438	0.9674373044065354	0.24376975648131652	1.0	1.0	1.0	1.0	1.0	1.0	1.0	1.0	1.0
0.693206959171835	0.8511346827684555	0.5638696190952662	1.0	1.0	1.0	1.0	1.0	1.0	1.0	1.0	1.0
