1.3208969488204583	19.959806318251253	62.75980663063115	18.941735085850365
1.761207381793174	26.86212432060016	135.14020709333718	25.43283858135688
1.137399477391553	17.552080100244154	120.23964451250859	16.637855508738447
82.60986411536075	94.7125323417194	203.80034552493842	16.787221871713726
-1.8085848486085183	1.2905979928318128	12.23119445887066	3.0504209556831974
12.502683279410977	16.177015464442526	46.14394969848495	4.002119129188646
1.9653999509068303	23.346759407179725	38.44028974594078	11.161685517907742
-2.462439523229651	0.8817921113271762	7.4681239460168864	2.2213086763386416
-6.001764233924825	1.451947244446162	14.260535756975699	4.786059452565161
-9.415349513478033	0.20676656767312057	12.50665580787678	5.644813692066624
17.3204973567859	22.232884690886166	22.49154248484961	0.44304347838118474
