1.4391379889843403	0.9989215690295212	0.951327658371876	0.0	0.0	0.0	0.0	0.0	0.0	0.0	0.0	0.0
0.7174418100367286	0.9874231436277602	0.23796448233604253	1.0	0.0	0.0	0.0	0.0	0.0	0.0	0.0	0.0
0.7592199760445322	0.8724114165911452	0.4093242239213983	0.0	1.0	0.0	0.0	1.0	0.0	0.0	0.0	0.0
0.7446048694164153	0.8759398786083574	0.42948169034759587	0.0	1.0	0.0	0.0	1.0	0.0	0.0	1.0	0.0
0.5921264945010593	0.8866893772697746	0.31051724149276305	0.0	1.0	1.0	0.0	1.0	1.0	0.0	1.0	0.0
0.6827069857622157	0.9789126124686668	0.26992631604622935	1.0	0.0	0.0	1.0	0.0	0.0	1.0	0.0	0.0
0.6951204338929056	0.9747704997857338	0.29827834174602846	1.0	0.0	0.0	1.0	0.0	0.0	1.0	0.0	0.0
0.6199628717893093	0.9259581080780758	0.28907974630810096	0.0	1.0	0.0	0.0	1.0	0.0	0.0	1.0	0.0
0.5888061421725782	0.9984040767762753	0.10762785414128881	0.0	0.0	0.0	0.0	0.0	0.0	0.0	0.0	0.0
0.8973476145646196	0.993892715474575	0.14137511953409365	0.0	0.0	0.0	0.0	0.0	0.0	0.0	0.0	0.0
0.823864685128404	0.7751239701226063	0.6438278967160246	0.0	0.0	0.0	0.0	0.0	0.0	0.0	0.0	0.0
0.6210011902725315	0.8258431429193148	0.5112933083271307	0.0	0.0	0.0	0.0	0.0	0.0	0.0	0.0	0.0
0.9514375581638508	0.9060906209252476	0.3329659069172707	0.0	1.0	1.0	0.0	1.0	0.0	0.0	1.0	0.0
0.7837353303504471	0.9257365257702584	0.3211646384919694	0.0	1.0	0.0	0.0	0.0	0.0	0.0	0.0	0.0
0.8426609170583889	0.9956603049680635	0.3127537829132986	0.0	0.0	0.0	0.0	0.0	0.0	0.0	0.0	0.0
0.7626496449119315	0.8873214663580747	0.30621580996040215	0.0	1.0	0.0	0.0	1.0	0.0	0.0	1.0	0.0
0.8311229929212117	0.8942490744471151	0.4466584538816119	0.0	1.0	0.0	0.0	1.0	0.0	0.0	1.0	0.0
0.7127544061456998	0.6243824306731509	0.5120446186565999	1.0	0.0	0.0	1.0	0.0	0.0	1.0	0.0	0.0
0.7028921306107843	0.8582130877996825	0.4463716011366734	1.0	1.0	0.0	1.0	1.0	0.0	1.0	0.0	0.0
0.7985594698888809	0.759627687493759	0.54869598218621	0.0	0.0	0.0	0.0	0.0	0.0	0.0	0.0	0.0
0.7093152815778925	0.8469718139404465	0.39286725959353774	1.0	0.0	0.0	1.0	0.0	0.0	1.0	0.0	0.0
0.5642449394609447	0.9987840817494397	0.11610831825440875	0.0	0.0	0.0	0.0	0.0	0.0	0.0	0.0	0.0
0.7129976100221896	0.9001226936120669	0.38385737664299696	1.0	1.0	1.0	0.0	1.0	1.0	0.0	1.0	1.0
0.6089913605679372	0.9337280685757748	0.3677296826287271	0.0	1.0	1.0	0.0	1.0	1.0	0.0	0.0	1.0
0.753326413804636	0.8834097102602569	0.4260792338965659	0.0	1.0	0.0	0.0	1.0	0.0	0.0	1.0	0.0
0.6962331999806946	0.7995894602430844	0.5100970744918049	1.0	0.0	0.0	1.0	0.0	0.0	1.0	0.0	0.0
0.7076520512473912	0.8467964130961011	0.4160315134436385	1.0	0.0	0.0	1.0	0.0	0.0	1.0	0.0	0.0
0.5652327536294017	0.9979282614236447	0.18164152293845504	0.0	0.0	0.0	0.0	0.0	0.0	0.0	0.0	0.0
0.6882077583323156	0.9209174200189304	0.38531856468610687	1.0	1.0	1.0	1.0	1.0	0.0	1.0	1.0	0.0
0.6789297534111293	0.933504505885944	0.3844305712748808	1.0	0.0	1.0	1.0	0.0	1.0	1.0	0.0	1.0
0.797573987946756	0.9366387228341808	0.33707791573727447	0.0	1.0	0.0	0.0	0.0	0.0	0.0	0.0	0.0
0.690219578357432	0.7919383143681215	0.5384243405734827	1.0	0.0	0.0	1.0	0.0	0.0	1.0	0.0	0.0
0.7193953773958265	0.9628829518249359	0.26744767449162904	1.0	0.0	0.0	0.0	0.0	0.0	0.0	0.0	0.0
0.6698418692270408	0.9593856738589839	0.1278579350932323	1.0	0.0	0.0	1.0	0.0	0.0	0.0	0.0	0.0
0.6373079105188516	0.9026980430298913	0.5089352744685828	0.0	1.0	0.0	0.0	1.0	0.0	0.0	1.0	0.0
0.7606321518372137	0.9290832501863386	0.32495374728128984	0.0	1.0	1.0	0.0	1.0	0.0	0.0	0.0	0.0
0.742503516644973	0.9324704764576238	0.2602108222652551	0.0	1.0	0.0	0.0	0.0	0.0	0.0	0.0	0.0
0.6139573611895426	0.9980045373829122	0.2157785212707777	0.0	0.0	0.0	0.0	0.0	0.0	0.0	0.0	0.0
0.6880923261256188	0.9282333745239052	0.5361934446368181	1.0	0.0	0.0	1.0	0.0	0.0	1.0	0.0	0.0
0.6714327779961197	0.8391337096567942	0.4058588711638027	1.0	0.0	0.0	1.0	0.0	0.0	0.0	0.0	0.0
0.7257854151538641	0.8408852789657841	0.37317490301631534	1.0	0.0	1.0	1.0	0.0	1.0	0.0	0.0	1.0
0.6392428796802573	0.9360344788749104	0.37562496953612445	0.0	1.0	1.0	0.0	1.0	1.0	0.0	1.0	1.0
0.7003090695715314	0.8948140974878674	0.42114212932155015	1.0	1.0	0.0	1.0	1.0	0.0	1.0	1.0	0.0
0.7536023698720765	0.9559942316257829	0.28897024551407247	0.0	0.0	0.0	0.0	0.0	0.0	0.0	0.0	0.0
0.6608132615743202	0.9668415278035393	0.27618050979270453	0.0	0.0	0.0	0.0	0.0	0.0	0.0	0.0	0.0
0.6632365485250595	0.966233521671918	0.18689163839070247	1.0	0.0	0.0	0.0	0.0	0.0	0.0	0.0	0.0
0.6834236690211039	0.94504362558447	0.3097958734883941	1.0	0.0	0.0	1.0	0.0	0.0	1.0	0.0	0.0
0.6834507090923683	0.9113634220970195	0.355875206813132	1.0	1.0	1.0	1.0	1.0	1.0	1.0	1.0	1.0
0.7247037901248139	0.995578999446498	0.10310301221909839	1.0	0.0	0.0	1.0	0.0	0.0	1.0	0.0	0.0
0.7069848380218077	0.9941015871719139	0.25289880711464097	1.0	0.0	0.0	1.0	0.0	0.0	1.0	0.0	0.0
0.6585827744813613	0.9005687768042111	0.39790959984273605	0.0	1.0	0.0	0.0	1.0	0.0	0.0	1.0	0.0
0.5690073477097365	0.9333809422670074	0.3453662881267088	0.0	1.0	1.0	0.0	0.0	1.0	0.0	0.0	1.0
0.8449246784679397	0.8824919454151667	0.4568417114288516	0.0	1.0	0.0	0.0	0.0	0.0	0.0	0.0	0.0
0.6180383929915971	0.9946684483299205	0.15960814725911077	0.0	0.0	0.0	0.0	0.0	0.0	0.0	0.0	0.0
0.5627664778185467	0.9916598236831112	0.19170562819427264	0.0	0.0	0.0	0.0	0.0	0.0	0.0	0.0	0.0
0.6738048533984913	0.9512354632046782	0.44835567573477586	1.0	1.0	0.0	1.0	1.0	0.0	1.0	0.0	0.0
0.6232927924869514	0.8350522844046829	0.3839226648591658	0.0	0.0	1.0	0.0	0.0	1.0	0.0	0.0	1.0
0.7380009200515564	0.9213351611060627	0.31212514226614624	0.0	1.0	0.0	0.0	1.0	0.0	0.0	0.0	0.0
0.5437390649071806	0.856094101272705	0.5207910977761785	0.0	0.0	0.0	0.0	0.0	0.0	0.0	0.0	0.0
0.703021508886489	0.9056190063984363	0.3668934874274426	1.0	1.0	1.0	1.0	1.0	1.0	1.0	1.0	1.0
0.6564017746592608	0.863385589821336	0.42007848304794154	1.0	1.0	0.0	0.0	1.0	0.0	0.0	0.0	0.0
0.8195866666013518	0.8468284189389298	0.44484516178408584	0.0	0.0	0.0	0.0	0.0	0.0	0.0	0.0	0.0
0.7332317835812358	0.7011628281531133	0.5290433125782195	0.0	0.0	0.0	0.0	0.0	0.0	0.0	0.0	0.0
0.7604807671381015	0.924075368708761	0.36176734119750503	0.0	1.0	1.0	0.0	1.0	1.0	0.0	1.0	1.0
0.7143608745634724	0.9048827706093878	0.36902377881532533	1.0	1.0	1.0	1.0	1.0	1.0	1.0	1.0	1.0
0.6743562304670644	0.9531937838129985	0.40033167754312443	1.0	0.0	0.0	1.0	0.0	0.0	0.0	0.0	0.0
0.5919665430097468	0.9023470747795032	0.4097721957291437	0.0	1.0	0.0	0.0	1.0	0.0	0.0	1.0	0.0
0.6619127537745255	0.8996118050241632	0.5193298595085623	1.0	1.0	0.0	0.0	1.0	0.0	0.0	1.0	0.0
0.7122588858112573	0.9024812472730347	0.3872620642207026	1.0	1.0	1.0	1.0	1.0	0.0	1.0	1.0	0.0
0.8023358766222124	0.9987652130830198	0.176809834732147	0.0	0.0	0.0	0.0	0.0	0.0	0.0	0.0	0.0
0.5627135005437698	0.8791792271773038	0.5209967010668947	0.0	1.0	0.0	0.0	1.0	0.0	0.0	0.0	0.0
0.6394116307187898	0.9358944889798199	0.30194484034989366	0.0	0.0	0.0	0.0	0.0	0.0	0.0	0.0	0.0
0.6427247300094495	0.603820978246037	0.6637459543433095	0.0	0.0	0.0	0.0	0.0	0.0	0.0	0.0	0.0
0.8265016621429073	0.9450705959568303	0.35482811440399786	0.0	0.0	1.0	0.0	0.0	1.0	0.0	0.0	1.0
0.6135331943851412	0.8018768614263323	0.48609924087974893	0.0	0.0	0.0	0.0	0.0	0.0	0.0	0.0	0.0
0.6445947783874106	0.7928828840959894	0.4672801606968309	0.0	0.0	0.0	0.0	0.0	0.0	0.0	0.0	0.0
0.6414543999032534	0.9328061526770295	0.43628313730809615	0.0	1.0	0.0	0.0	0.0	0.0	0.0	0.0	0.0
0.6813195986317446	0.9140133538765476	0.3914033276187955	1.0	1.0	1.0	1.0	1.0	1.0	1.0	1.0	0.0
0.69207251358706	0.91755432989187	0.2755561147683738	1.0	1.0	0.0	1.0	1.0	0.0	1.0	1.0	0.0
0.8830764120460245	0.9977482627367531	0.09535774455347214	0.0	0.0	0.0	0.0	0.0	0.0	0.0	0.0	0.0
0.6588197495494638	0.9058643770884272	0.3824026490029416	0.0	1.0	1.0	0.0	1.0	1.0	0.0	1.0	1.0
0.6347751868280598	0.8937012046341594	0.4251323581827538	1.0	1.0	0.0	0.0	1.0	0.0	0.0	1.0	0.0
1.4468751304137788	0.9934419005764372	0.1824409407436266	0.0	0.0	0.0	0.0	0.0	0.0	0.0	0.0	0.0
0.5900671311275467	0.8958641275761888	0.483772107737058	0.0	1.0	0.0	0.0	1.0	0.0	0.0	1.0	0.0
0.7183647180067823	0.6886524049173468	0.5530841149556047	1.0	0.0	0.0	0.0	0.0	0.0	0.0	0.0	0.0
0.7702240254144066	0.9555970734701004	0.3219668378451952	0.0	0.0	0.0	0.0	0.0	0.0	0.0	0.0	0.0
0.7258396311441132	0.9079637148717575	0.4790268911237761	0.0	1.0	0.0	0.0	1.0	0.0	0.0	1.0	0.0
0.6548120847318594	0.8550861777982616	0.4962790891626658	0.0	0.0	0.0	0.0	0.0	0.0	0.0	0.0	0.0
0.6982703126679105	0.7853874528949317	0.6214172663282653	1.0	0.0	0.0	1.0	0.0	0.0	1.0	0.0	0.0
0.42724176732070984	0.9880866992674604	0.2880684686888908	0.0	0.0	0.0	0.0	0.0	0.0	0.0	0.0	0.0
0.6287178609912095	0.9173762496988414	0.2746947967000992	0.0	1.0	0.0	0.0	1.0	0.0	0.0	1.0	0.0
0.7575252638422978	0.9989563019092689	0.12259411316034495	0.0	0.0	0.0	0.0	0.0	0.0	0.0	0.0	0.0
0.6928137224762332	0.8945699528228741	0.475	1.0	1.0	0.0	1.0	1.0	0.0	1.0	1.0	0.0
0.604386161249298	0.8543406216328305	0.5932381863477942	0.0	0.0	0.0	0.0	0.0	0.0	0.0	0.0	0.0
0.6999758718137103	0.9201696275086059	0.3691042959697942	1.0	1.0	1.0	1.0	1.0	1.0	1.0	1.0	1.0
1.2438274261272202	0.9982265614659466	0.09123283528030988	0.0	0.0	0.0	0.0	0.0	0.0	0.0	0.0	0.0
0.7595084138168616	0.9278545894549616	0.3944717986039698	0.0	1.0	0.0	0.0	1.0	0.0	0.0	1.0	0.0
0.7084427378710674	0.8978412919812448	0.43628071535065716	1.0	1.0	0.0	1.0	1.0	0.0	1.0	1.0	0.0
0.7374628699546273	0.9700485859810513	0.2649540122216603	0.0	0.0	0.0	0.0	0.0	0.0	0.0	0.0	0.0
0.5704850288152216	0.797127105054848	0.49502986021411033	0.0	0.0	0.0	0.0	0.0	0.0	0.0	0.0	0.0
0.615521742116741	0.9508053580787539	0.32399670719032203	0.0	0.0	0.0	0.0	0.0	0.0	0.0	0.0	0.0
0.6164341247328725	0.916241722471519	0.3580917937093724	0.0	1.0	1.0	0.0	1.0	1.0	0.0	1.0	1.0
0.8463489041526117	0.9773041941911695	0.21939593157269668	0.0	0.0	0.0	0.0	0.0	0.0	0.0	0.0	0.0
0.7733687962184473	0.848157556747249	0.3877903312430624	0.0	0.0	1.0	0.0	0.0	0.0	0.0	0.0	0.0
0.6976629103272283	0.9219139154297101	0.3269467593921551	1.0	1.0	0.0	1.0	0.0	0.0	1.0	0.0	0.0
0.6475192510196874	0.8695263142427319	0.3660383631712639	0.0	1.0	1.0	0.0	1.0	1.0	0.0	1.0	1.0
0.6668334559889382	0.8942319688238287	0.4176035642915486	1.0	1.0	0.0	1.0	1.0	0.0	1.0	1.0	0.0
0.6817600687304213	0.7888914091051238	0.5254548763412439	1.0	0.0	0.0	1.0	0.0	0.0	1.0	0.0	0.0
0.7329827184730481	0.9135291365643337	0.3536956402544739	0.0	1.0	1.0	0.0	1.0	1.0	0.0	1.0	1.0
0.6098946556673174	0.8662539322446585	0.3553329155894605	0.0	0.0	1.0	0.0	0.0	1.0	0.0	0.0	1.0
0.8844177872196977	0.8791247730133146	0.4438421985252995	0.0	1.0	0.0	0.0	1.0	0.0	0.0	1.0	0.0
0.7439295352614576	0.9965136605145941	0.24321062157008128	0.0	0.0	0.0	0.0	0.0	0.0	0.0	0.0	0.0
0.8767615053770668	0.9987205465799044	0.11255657964186175	0.0	0.0	0.0	0.0	0.0	0.0	0.0	0.0	0.0
0.6856716200393757	0.9660734016267281	0.2956783922237928	1.0	0.0	0.0	1.0	0.0	0.0	1.0	0.0	0.0
0.6167576746243532	0.7416840420564389	0.6086609075080596	0.0	0.0	0.0	0.0	0.0	0.0	0.0	0.0	0.0
0.7548583186093538	0.8086253306271878	0.5258270585072686	0.0	0.0	0.0	0.0	0.0	0.0	0.0	0.0	0.0
0.6997928401019101	0.9335306529008973	0.40486397236297683	1.0	1.0	0.0	1.0	0.0	0.0	1.0	0.0	0.0
0.7085329656438628	0.7455106364843281	0.6595253500225204	1.0	0.0	0.0	1.0	0.0	0.0	1.0	0.0	0.0
0.7702411839076782	0.9165909049690742	0.39308056076105996	0.0	1.0	1.0	0.0	1.0	1.0	0.0	0.0	1.0
0.6897947176643953	0.9403613394698324	0.37239804349432726	1.0	0.0	1.0	1.0	0.0	1.0	1.0	0.0	1.0
0.8919378897301458	0.9524100887119742	0.28748152507878116	0.0	1.0	0.0	0.0	1.0	0.0	0.0	0.0	0.0
0.7106120524539667	0.9273891735958714	0.32939254947728985	1.0	1.0	0.0	1.0	0.0	0.0	1.0	0.0	0.0
0.8403825142093009	0.9986486102295551	0.1087171995936675	0.0	0.0	0.0	0.0	0.0	0.0	0.0	0.0	0.0
0.57980181824655	0.5967197460074162	0.3854549225149133	0.0	0.0	1.0	0.0	0.0	1.0	0.0	0.0	1.0
0.7082525027089978	0.8550342843332251	0.4132170468073482	1.0	0.0	0.0	1.0	0.0	0.0	1.0	0.0	0.0
0.5949154902485594	0.9435174701683064	0.4054738317237543	0.0	0.0	1.0	0.0	0.0	0.0	0.0	0.0	0.0
0.6394583216832738	0.8485611700789337	0.5765524318902221	0.0	0.0	0.0	0.0	0.0	0.0	0.0	0.0	0.0
0.6501473360519521	0.9329519495093026	0.3314205622433933	0.0	0.0	0.0	0.0	0.0	0.0	0.0	0.0	0.0
0.8056450872087192	0.9037581361411766	0.4467141750569422	0.0	1.0	0.0	0.0	1.0	0.0	0.0	1.0	0.0
0.7008475578679357	0.8568585340322997	0.4010042015208248	1.0	0.0	1.0	1.0	0.0	0.0	1.0	0.0	0.0
0.5707189017364075	0.9728473791276182	0.3046025199132613	0.0	0.0	0.0	0.0	0.0	0.0	0.0	0.0	0.0
0.9610854782429413	0.9982238327770552	0.11210278374177791	0.0	0.0	0.0	0.0	0.0	0.0	0.0	0.0	0.0
0.8368668333619795	0.8916073536921069	0.3402537045440709	0.0	1.0	1.0	0.0	1.0	1.0	0.0	1.0	1.0
0.6978651237290311	0.8533635539188202	0.6331583559397159	1.0	0.0	0.0	1.0	0.0	0.0	1.0	0.0	0.0
0.6856206761300793	0.7908392923669205	0.6043129429862881	1.0	0.0	0.0	1.0	0.0	0.0	1.0	0.0	0.0
0.716597125721752	0.8327933456713292	0.6028517429217607	1.0	0.0	0.0	1.0	0.0	0.0	0.0	0.0	0.0
0.6659851887516001	0.9183954036065104	0.41311348956383714	1.0	1.0	0.0	1.0	1.0	0.0	1.0	1.0	0.0
0.8086248840280649	0.906555021542991	0.4130570841979267	0.0	1.0	0.0	0.0	1.0	0.0	0.0	1.0	0.0
0.7368275821812412	0.9739091645644675	0.22682958166267955	0.0	0.0	0.0	0.0	0.0	0.0	0.0	0.0	0.0
0.6185266905092596	0.8130590629196288	0.591260189578759	0.0	0.0	0.0	0.0	0.0	0.0	0.0	0.0	0.0
0.8354194740713294	0.9680395950866615	0.18085894565393834	0.0	0.0	0.0	0.0	0.0	0.0	0.0	0.0	0.0
0.568281964144665	0.944730765269675	0.2851813821804783	0.0	0.0	0.0	0.0	0.0	0.0	0.0	0.0	0.0
0.5837036933997551	0.8484397703409905	0.44158628008555895	0.0	0.0	0.0	0.0	0.0	0.0	0.0	0.0	0.0
0.6411429389129865	0.8967945817951699	0.4420486631260088	0.0	1.0	0.0	0.0	1.0	0.0	0.0	1.0	0.0
0.7484125464796779	0.8709677038254788	0.4989300414992978	0.0	1.0	0.0	0.0	0.0	0.0	0.0	0.0	0.0
0.6063588359941946	0.9911421339880955	0.2895835557980344	0.0	0.0	0.0	0.0	0.0	0.0	0.0	0.0	0.0
0.6069543761103686	0.978183988443044	0.20906590746004924	0.0	0.0	0.0	0.0	0.0	0.0	0.0	0.0	0.0
0.6660555747707722	0.7605215407475221	0.5028612510536496	1.0	0.0	0.0	1.0	0.0	0.0	0.0	0.0	0.0
0.6544405152178145	0.893715305015508	0.3483639973367882	0.0	1.0	1.0	0.0	1.0	1.0	0.0	1.0	1.0
0.7811127527302489	0.8839055864681188	0.4755732402625799	0.0	1.0	0.0	0.0	1.0	0.0	0.0	1.0	0.0
0.7782936496612471	0.972946691059426	0.2654252403760747	0.0	0.0	0.0	0.0	0.0	0.0	0.0	0.0	0.0
0.711120801278824	0.9777097203337795	0.15818768682906711	1.0	0.0	0.0	1.0	0.0	0.0	1.0	0.0	0.0
0.7832303127602888	0.7765615929620808	0.4604795750486737	0.0	0.0	0.0	0.0	0.0	0.0	0.0	0.0	0.0
0.6520929023012259	0.9976640933709606	0.11571161395035845	1.0	0.0	0.0	0.0	0.0	0.0	0.0	0.0	0.0
0.6978059341711099	0.765785175816817	0.512463030456659	1.0	0.0	0.0	1.0	0.0	0.0	1.0	0.0	0.0
0.6053309691179989	0.8215892655264876	0.4351134342929453	0.0	0.0	0.0	0.0	0.0	0.0	0.0	0.0	0.0
0.6659875179632357	0.927407716526271	0.32577256718580083	1.0	1.0	1.0	1.0	1.0	1.0	0.0	1.0	0.0
0.628716470159249	0.9426448704497734	0.27451208605273913	0.0	0.0	0.0	0.0	0.0	0.0	0.0	0.0	0.0
0.6184206166350248	0.8651672713319358	0.46712073185953085	0.0	0.0	0.0	0.0	0.0	0.0	0.0	0.0	0.0
0.7137663929950434	0.9478744030825602	0.29627753112780303	1.0	0.0	0.0	1.0	0.0	0.0	1.0	0.0	0.0
0.6706998638565126	0.8181751821367177	0.48195554512514793	1.0	0.0	0.0	1.0	0.0	0.0	1.0	0.0	0.0
0.6925790269732418	0.7619790674412661	0.6675906197614279	1.0	0.0	0.0	1.0	0.0	0.0	1.0	0.0	0.0
0.640963394915354	0.9388965932484686	0.39663305559054	0.0	0.0	0.0	0.0	0.0	0.0	0.0	0.0	0.0
1.2377352593919877	0.9987109298038114	0.1464699100649352	0.0	0.0	0.0	0.0	0.0	0.0	0.0	0.0	0.0
0.796264798970248	0.7961854813179804	0.569317836825386	0.0	0.0	0.0	0.0	0.0	0.0	0.0	0.0	0.0
0.5765947878294306	0.8962161599121412	0.459099735080874	0.0	1.0	0.0	0.0	1.0	0.0	0.0	1.0	0.0
0.7727800999916198	0.8749898164567443	0.35898010895717325	0.0	1.0	1.0	0.0	0.0	1.0	0.0	0.0	1.0
0.6637283672881867	0.9201973692027551	0.32485212726138224	1.0	1.0	1.0	1.0	1.0	0.0	0.0	0.0	0.0
0.8785523403622096	0.9292580339391747	0.3499060273126078	0.0	1.0	1.0	0.0	1.0	1.0	0.0	0.0	1.0
0.8183124516203132	0.8476617283645697	0.4272423143769644	0.0	1.0	0.0	0.0	0.0	0.0	0.0	0.0	0.0
0.6899119665173762	0.8597750055841864	0.3997864931266803	1.0	0.0	1.0	1.0	0.0	1.0	1.0	0.0	1.0
0.7394981545800362	0.9457016368194071	0.49121833994026354	0.0	0.0	0.0	0.0	0.0	0.0	0.0	0.0	0.0
0.7400408189084815	0.9535640929178509	0.36880879172520076	0.0	0.0	1.0	0.0	0.0	1.0	0.0	0.0	1.0
0.6954790879686612	0.8354631659071035	0.4665065327995729	1.0	0.0	0.0	1.0	0.0	0.0	1.0	0.0	0.0
0.7036293349248138	0.7342850601561496	0.5129457232200668	1.0	0.0	0.0	1.0	0.0	0.0	1.0	0.0	0.0
0.7538121455463469	0.751513858280092	0.4356111270386095	0.0	0.0	0.0	0.0	0.0	0.0	0.0	0.0	0.0
0.6238304154830486	0.6976260178295196	0.6557463916467151	0.0	0.0	0.0	0.0	0.0	0.0	0.0	0.0	0.0
0.6953292367062506	0.9329250830977006	0.3499398094267455	1.0	1.0	1.0	1.0	0.0	0.0	1.0	0.0	0.0
0.7722799607705698	0.8794451561706885	0.31342485477065224	0.0	1.0	0.0	0.0	1.0	0.0	0.0	1.0	0.0
0.7444979703319582	0.8332741942672499	0.5930207198548764	0.0	0.0	0.0	0.0	0.0	0.0	0.0	0.0	0.0
0.6698262573477427	0.8140678518869263	0.541477384819714	1.0	0.0	0.0	1.0	0.0	0.0	1.0	0.0	0.0
0.6078245690618294	0.7263425384339072	0.6408990181717085	0.0	0.0	0.0	0.0	0.0	0.0	0.0	0.0	0.0
0.6709296441656037	0.9449351933508754	0.27909546036259486	1.0	0.0	0.0	1.0	0.0	0.0	0.0	0.0	0.0
0.852660522432645	0.940600623812401	0.31527431715232546	0.0	0.0	0.0	0.0	0.0	0.0	0.0	0.0	0.0
0.6578561532399014	0.9779926412096419	0.1738788169922793	0.0	0.0	0.0	0.0	0.0	0.0	0.0	0.0	0.0
0.6543017999614387	0.8926214227669436	0.3999208639562184	1.0	1.0	1.0	1.0	1.0	0.0	1.0	1.0	0.0
0.7058923167313097	0.8485629056481552	0.37814121036368026	1.0	0.0	1.0	1.0	0.0	1.0	1.0	0.0	1.0
0.6152046615367432	0.9843867243825987	0.21242658208567833	0.0	0.0	0.0	0.0	0.0	0.0	0.0	0.0	0.0
0.7223992624677937	0.7519624831354882	0.5112146826272047	0.0	0.0	0.0	0.0	0.0	0.0	0.0	0.0	0.0
0.6994059504288442	0.9096657875189986	0.4170955220175203	1.0	1.0	0.0	1.0	1.0	0.0	1.0	1.0	0.0
0.6141778116038344	0.8302146955752049	0.5090837884635442	0.0	0.0	0.0	0.0	0.0	0.0	0.0	0.0	0.0
0.6635074871054772	0.6958795873405725	0.6338992214668883	1.0	0.0	0.0	1.0	0.0	0.0	1.0	0.0	0.0
1.115685483958911	0.9982861466265879	0.12736442880763352	0.0	0.0	0.0	0.0	0.0	0.0	0.0	0.0	0.0
0.5805299015410067	0.887339966013415	0.4498866591250533	0.0	1.0	0.0	0.0	1.0	0.0	0.0	1.0	0.0
0.6033001123183314	0.9353322430262149	0.3862275482364782	0.0	0.0	1.0	0.0	0.0	1.0	0.0	0.0	0.0
0.7209900384317645	0.9595333293591529	0.29337863821243243	1.0	0.0	0.0	1.0	0.0	0.0	1.0	0.0	0.0
0.866344415437007	0.9361516551904553	0.33425664396932925	0.0	0.0	1.0	0.0	0.0	1.0	0.0	0.0	1.0
0.6869808926596276	0.8756012613322508	0.3972598403595769	1.0	1.0	0.0	1.0	0.0	0.0	1.0	0.0	0.0
0.7757413282668724	0.9984542597047971	0.09347006614425171	0.0	0.0	0.0	0.0	0.0	0.0	0.0	0.0	0.0
0.6682630295976555	0.7726582115322074	0.5813269704815942	1.0	0.0	0.0	1.0	0.0	0.0	1.0	0.0	0.0
0.8216329437168378	0.9977162043999361	0.13278342463059417	0.0	0.0	0.0	0.0	0.0	0.0	0.0	0.0	0.0
0.5032282217188904	0.9988203875809634	0.12839614347963763	0.0	0.0	0.0	0.0	0.0	0.0	0.0	0.0	0.0
0.5792192775437549	0.8505581859247962	0.43707446289794116	0.0	0.0	0.0	0.0	0.0	0.0	0.0	0.0	0.0
0.6784811726665001	0.9989894362144462	0.14243831425450615	1.0	0.0	0.0	1.0	0.0	0.0	1.0	0.0	0.0
0.8623144030172566	0.9960174322923357	0.11912990056158321	0.0	0.0	0.0	0.0	0.0	0.0	0.0	0.0	0.0
0.693682858171651	0.9571938268749559	0.20976103803224092	1.0	0.0	0.0	1.0	0.0	0.0	1.0	0.0	0.0
0.8017577915394151	0.8815816576707128	0.43706324013310877	0.0	1.0	0.0	0.0	1.0	0.0	0.0	0.0	0.0
0.6254370114725636	0.8690632193453686	0.3989865596116341	1.0	1.0	0.0	0.0	1.0	0.0	0.0	0.0	0.0
0.7477270712883567	0.9295953131787119	0.3719789107724354	0.0	0.0	1.0	0.0	0.0	1.0	0.0	0.0	1.0
0.7625657375639561	0.9763678448696134	0.17461213682538396	0.0	0.0	0.0	0.0	0.0	0.0	0.0	0.0	0.0
0.7395725790602532	0.9354771027914588	0.36117829095651444	0.0	0.0	1.0	0.0	0.0	1.0	0.0	0.0	1.0
0.6926714917940244	0.9028373624183835	0.3657697226642611	1.0	1.0	1.0	1.0	1.0	1.0	1.0	1.0	1.0
0.6748899219087567	0.9784115837586533	0.207473224227618	1.0	0.0	0.0	1.0	0.0	0.0	1.0	0.0	0.0
0.5189154371785704	0.9985266998355175	0.13289015288544073	0.0	0.0	0.0	0.0	0.0	0.0	0.0	0.0	0.0
0.589842647355692	0.9494994167421938	0.41754206357065143	0.0	0.0	1.0	0.0	0.0	0.0	0.0	0.0	0.0
0.6391933728219076	0.8562910968552926	0.5171304923560478	0.0	1.0	0.0	0.0	0.0	0.0	0.0	0.0	0.0
0.7119663040829883	0.9287460065766001	0.2657171360991188	1.0	1.0	0.0	0.0	0.0	0.0	0.0	0.0	0.0
0.6861847821069459	0.9305751602699643	0.40287979490793974	1.0	1.0	1.0	1.0	0.0	1.0	1.0	0.0	1.0
0.803553907876445	0.9185620306194188	0.3709397708395311	0.0	1.0	1.0	0.0	1.0	1.0	0.0	1.0	1.0
0.7674392718261192	0.7116324338194736	0.612314057712822	0.0	0.0	0.0	0.0	0.0	0.0	0.0	0.0	0.0
0.7406121511718926	0.8301077215081514	0.5078388676552669	0.0	0.0	0.0	0.0	0.0	0.0	0.0	0.0	0.0
0.7544675246965633	0.9309032160398097	0.24232815099716326	0.0	0.0	0.0	0.0	0.0	0.0	0.0	0.0	0.0
0.7116324962342978	0.923686230721959	0.4487552491864462	1.0	1.0	0.0	1.0	1.0	0.0	1.0	1.0	0.0
0.852317897037102	0.9968568857937159	0.14376477396061035	0.0	0.0	0.0	0.0	0.0	0.0	0.0	0.0	0.0
0.5416096076364811	0.9939504068643661	0.15167660438589625	0.0	0.0	0.0	0.0	0.0	0.0	0.0	0.0	0.0
0.6797542395807417	0.9074450795528874	0.43468533480373034	1.0	1.0	0.0	1.0	1.0	0.0	1.0	1.0	0.0
0.6840081042641871	0.9034688054256792	0.4337949775617731	1.0	1.0	0.0	1.0	1.0	0.0	1.0	1.0	0.0
0.6789316080341927	0.8944012256165669	0.3097578333522782	1.0	1.0	0.0	1.0	1.0	0.0	1.0	1.0	0.0
0.743868452087817	0.9427541773278927	0.33054658416829197	0.0	0.0	0.0	0.0	0.0	0.0	0.0	0.0	0.0
0.8032533055965909	0.858241253134661	0.4110055491435268	0.0	0.0	0.0	0.0	0.0	0.0	0.0	0.0	0.0
0.7039877917726818	0.8807859462808237	0.46391123972093146	1.0	1.0	0.0	1.0	1.0	0.0	1.0	1.0	0.0
0.8694681515931333	0.9723319057832781	0.2720497870192294	0.0	0.0	0.0	0.0	0.0	0.0	0.0	0.0	0.0
0.7022803983826146	0.7079562886508863	0.5487857200215818	1.0	0.0	0.0	1.0	0.0	0.0	1.0	0.0	0.0
0.6892053311697119	0.8403683892617824	0.3904973437038008	1.0	0.0	1.0	1.0	0.0	0.0	1.0	0.0	0.0
0.6994270668393663	0.9077046960596717	0.4705074172894827	1.0	1.0	0.0	1.0	1.0	0.0	1.0	1.0	0.0
0.5764132559249043	0.9808042154079576	0.16044980372810522	0.0	0.0	0.0	0.0	0.0	0.0	0.0	0.0	0.0
0.6826108457004885	0.9101668198804298	0.3627330112732907	1.0	1.0	1.0	1.0	1.0	1.0	1.0	1.0	1.0
0.7614353719421013	0.8874421062003743	0.3419475184861784	1.0	1.0	1.0	0.0	1.0	1.0	0.0	1.0	1.0
0.6818185704849066	0.9034222429628891	0.3813527066772036	1.0	1.0	1.0	1.0	1.0	1.0	1.0	1.0	0.0
0.6247878239628448	0.9234624092702367	0.49491889131407646	0.0	1.0	0.0	0.0	1.0	0.0	0.0	1.0	0.0
0.7126726262955115	0.7293573160178941	0.5914821555375581	1.0	0.0	0.0	1.0	0.0	0.0	1.0	0.0	0.0
0.7592102033871257	0.9441487413521685	0.2752709390809923	0.0	0.0	0.0	0.0	0.0	0.0	0.0	0.0	0.0
0.6262070723499717	0.9077743915644025	0.3389403144610261	0.0	1.0	1.0	0.0	1.0	1.0	0.0	1.0	1.0
0.6556025989797628	0.8327292891631994	0.5293196563017892	1.0	0.0	0.0	0.0	0.0	0.0	0.0	0.0	0.0
0.6899602839026457	0.8774065200190052	0.37533053933253085	1.0	1.0	1.0	1.0	1.0	1.0	1.0	1.0	1.0
0.6939256891080775	0.939337721943096	0.291079269268631	1.0	1.0	0.0	1.0	0.0	0.0	1.0	0.0	0.0
0.5762330392897898	0.8179721669103168	0.49708619940418064	0.0	0.0	0.0	0.0	0.0	0.0	0.0	0.0	0.0
0.7520713479903284	0.9135596371220138	0.3947959647154805	0.0	1.0	1.0	0.0	1.0	0.0	0.0	1.0	0.0
0.6027811497530831	0.8918231957218767	0.5117323997912708	0.0	1.0	0.0	0.0	1.0	0.0	0.0	1.0	0.0
0.7131262338411815	0.9192104251763777	0.27582986032706486	1.0	1.0	0.0	1.0	1.0	0.0	0.0	1.0	0.0
1.5239677408922787	0.9950154375048771	0.9414987690764106	0.0	0.0	0.0	0.0	0.0	0.0	0.0	0.0	0.0
0.6348769824846615	0.8502328907148943	0.4319198706726703	0.0	0.0	0.0	0.0	0.0	0.0	0.0	0.0	0.0
0.6975473216447069	0.8910306344731425	0.32976579266342076	1.0	1.0	0.0	1.0	1.0	0.0	1.0	1.0	0.0
0.8156541709346086	0.963557241390108	0.19984813783969718	0.0	0.0	0.0	0.0	0.0	0.0	0.0	0.0	0.0
0.7700221309360368	0.982300674864756	0.18747251655928002	0.0	0.0	0.0	0.0	0.0	0.0	0.0	0.0	0.0
0.5899341635961228	0.8743505545242574	0.4741832361819443	0.0	1.0	0.0	0.0	1.0	0.0	0.0	0.0	0.0
0.6002226084286671	0.9341768781285195	0.4023943904516553	0.0	0.0	1.0	0.0	0.0	1.0	0.0	0.0	0.0
0.6687010294030229	0.8176672891494903	0.4742619851016175	1.0	0.0	0.0	1.0	0.0	0.0	1.0	0.0	0.0
0.608169028584426	0.9101685822377308	0.36560848014897596	0.0	1.0	1.0	0.0	1.0	1.0	0.0	1.0	1.0
0.6753045738401406	0.9112527694241944	0.41599487343083247	1.0	1.0	0.0	1.0	1.0	0.0	0.0	1.0	0.0
0.6317402196157264	0.9963787359251557	0.18795099035644647	0.0	0.0	0.0	0.0	0.0	0.0	0.0	0.0	0.0
0.6567108076090118	0.8668166218091409	0.3263307781973925	0.0	0.0	1.0	0.0	0.0	1.0	0.0	0.0	1.0
0.6048367638656933	0.934675272493687	0.294526516491607	0.0	1.0	0.0	0.0	0.0	0.0	0.0	0.0	0.0
0.6526644372385656	0.8457742829425411	0.4220590516926632	0.0	0.0	0.0	0.0	0.0	0.0	0.0	0.0	0.0
0.6874692790897864	0.8526345981609919	0.545983191113379	1.0	0.0	0.0	1.0	0.0	0.0	1.0	0.0	0.0
0.7527437270838805	0.7242684676341035	0.4703529991917975	0.0	0.0	0.0	0.0	0.0	0.0	0.0	0.0	0.0
0.6161207936126126	0.8335044423460596	0.5004805452322891	0.0	0.0	0.0	0.0	0.0	0.0	0.0	0.0	0.0
0.6574070100803612	0.9656877875866237	0.2700271920773087	0.0	0.0	0.0	0.0	0.0	0.0	0.0	0.0	0.0
0.8552228643988551	0.860237521619486	0.44243751397201025	0.0	0.0	0.0	0.0	0.0	0.0	0.0	0.0	0.0
0.8073633698189525	0.8343825269140496	0.4321867223795233	0.0	0.0	0.0	0.0	0.0	0.0	0.0	0.0	0.0
0.7141067269435086	0.9149532225756266	0.42478258515445755	1.0	1.0	0.0	1.0	1.0	0.0	1.0	1.0	0.0
0.6111976849917479	0.9060786603069346	0.41420504084699794	0.0	1.0	0.0	0.0	1.0	0.0	0.0	1.0	0.0
0.7117885071117555	0.7727783846769019	0.5436070001613037	1.0	0.0	0.0	1.0	0.0	0.0	1.0	0.0	0.0
0.7812633808190291	0.9137284533149423	0.34901873185455984	0.0	1.0	1.0	0.0	1.0	1.0	0.0	1.0	1.0
0.6636372214972954	0.9890292745554068	0.15893326274306227	1.0	0.0	0.0	0.0	0.0	0.0	0.0	0.0	0.0
0.6690567986031862	0.8931740653005917	0.3660923643936545	1.0	1.0	1.0	1.0	1.0	1.0	1.0	1.0	1.0
1.577772476980658	0.9984834489402707	0.17585849732150313	0.0	0.0	0.0	0.0	0.0	0.0	0.0	0.0	0.0
0.5979436160891207	0.8830538137159283	0.4246069819438275	0.0	1.0	0.0	0.0	1.0	0.0	0.0	1.0	0.0
0.8168841844500966	0.9965077635702206	0.13196534012521158	0.0	0.0	0.0	0.0	0.0	0.0	0.0	0.0	0.0
0.7463532873556967	0.897666709242912	0.40895865883778054	0.0	1.0	0.0	0.0	1.0	0.0	0.0	1.0	0.0
0.7497531773704603	0.9628578461177137	0.2456238970702025	0.0	0.0	0.0	0.0	0.0	0.0	0.0	0.0	0.0
0.694170789232616	0.733774274332829	0.5108474024739543	1.0	0.0	0.0	1.0	0.0	0.0	1.0	0.0	0.0
0.704961909579976	0.9959402217009211	0.14863942960276844	1.0	0.0	0.0	1.0	0.0	0.0	1.0	0.0	0.0
1.3584172660662417	0.996975563449212	0.9172804565857962	0.0	0.0	0.0	0.0	0.0	0.0	0.0	0.0	0.0
0.7899293725820126	0.88156949610936	0.4062628070962603	0.0	1.0	1.0	0.0	1.0	0.0	0.0	1.0	0.0
0.6313124566931316	0.9472323738420285	0.28195758106684793	0.0	0.0	0.0	0.0	0.0	0.0	0.0	0.0	0.0
0.6502295520561969	0.9193344450558767	0.3533700765044438	1.0	1.0	1.0	0.0	1.0	1.0	0.0	1.0	1.0
1.0651151080693508	0.9935318625681271	0.1646678876917117	0.0	0.0	0.0	0.0	0.0	0.0	0.0	0.0	0.0
0.7119363711751898	0.8973911609789172	0.40148885604531276	1.0	1.0	0.0	1.0	1.0	0.0	0.0	1.0	0.0
0.7557885365677826	0.9175317311109413	0.4028861554417335	0.0	1.0	0.0	0.0	1.0	0.0	0.0	0.0	0.0
0.6491945500411714	0.7787088768673274	0.4891583086243828	0.0	0.0	0.0	0.0	0.0	0.0	0.0	0.0	0.0
0.6870501695710021	0.876304489621809	0.4653485459573531	1.0	1.0	0.0	1.0	1.0	0.0	1.0	1.0	0.0
0.7149324465446971	0.9204908286692498	0.4558507092936065	1.0	1.0	0.0	0.0	0.0	0.0	0.0	0.0	0.0
0.5951317323855014	0.8922020054395837	0.42099046962650133	0.0	1.0	0.0	0.0	1.0	0.0	0.0	1.0	0.0
0.6824738475299486	0.9727126414696119	0.1810555905065146	1.0	0.0	0.0	1.0	0.0	0.0	1.0	0.0	0.0
0.7123077110534438	0.8147702693274896	0.5508755905004885	1.0	0.0	0.0	1.0	0.0	0.0	1.0	0.0	0.0
0.780887569380386	0.9975173140615347	0.1267632156487452	0.0	0.0	0.0	0.0	0.0	0.0	0.0	0.0	0.0
0.6044037280200873	0.9977423475937971	0.1583835809706249	0.0	0.0	0.0	0.0	0.0	0.0	0.0	0.0	0.0
0.6984063652862523	0.8821142249387218	0.5177226952627321	1.0	1.0	0.0	1.0	1.0	0.0	1.0	1.0	0.0
0.6969557117554458	0.8694155080922675	0.38340355283523453	1.0	1.0	1.0	1.0	0.0	1.0	1.0	0.0	1.0
0.8074895025736588	0.8742928568622075	0.3904004551632765	0.0	1.0	1.0	0.0	1.0	0.0	0.0	1.0	0.0
0.6336353922587973	0.9181421946134696	0.3209866796047722	1.0	1.0	0.0	0.0	1.0	0.0	0.0	1.0	0.0
0.6136096384685371	0.8322515291327478	0.48718555687853254	0.0	0.0	0.0	0.0	0.0	0.0	0.0	0.0	0.0
0.6622161561858687	0.8931968384522994	0.3998662780921714	0.0	1.0	1.0	0.0	1.0	0.0	0.0	1.0	0.0
0.6167502625167263	0.864697893836708	0.4775718574663389	0.0	1.0	0.0	0.0	0.0	0.0	0.0	0.0	0.0
0.8600740093049493	0.9988722438479882	0.10533809171172911	0.0	0.0	0.0	0.0	0.0	0.0	0.0	0.0	0.0
1.0322694568041675	0.996143230948802	0.1470646638518941	0.0	0.0	0.0	0.0	0.0	0.0	0.0	0.0	0.0
1.605762741525044	0.9986230396000371	0.2025608079751562	0.0	0.0	0.0	0.0	0.0	0.0	0.0	0.0	0.0
0.9163177074712544	0.9883931662328551	0.8860123222205462	0.0	0.0	0.0	0.0	0.0	0.0	0.0	0.0	0.0
0.6999751213108385	0.8268763920201857	0.39927825283944895	1.0	0.0	1.0	1.0	0.0	0.0	1.0	0.0	0.0
0.5906249530639601	0.6323551346995604	0.7718029827546495	0.0	0.0	0.0	0.0	0.0	0.0	0.0	0.0	0.0
0.6189699553219177	0.8987984352391951	0.4034337891898584	0.0	1.0	0.0	0.0	1.0	0.0	0.0	1.0	0.0
0.8326012688680756	0.9093765780401313	0.3853481992968206	0.0	1.0	1.0	0.0	1.0	1.0	0.0	1.0	1.0
0.6428308562192633	0.9661238394188331	0.21515501700282313	0.0	0.0	0.0	0.0	0.0	0.0	0.0	0.0	0.0
0.7309749833086753	0.8431494061674737	0.3661170378502052	1.0	0.0	1.0	0.0	0.0	1.0	0.0	0.0	1.0
0.6737674584599651	0.9557717373761727	0.2722760488409026	1.0	0.0	0.0	1.0	0.0	0.0	1.0	0.0	0.0
0.46740830421116336	0.9985189213004535	0.11649347508003408	0.0	0.0	0.0	0.0	0.0	0.0	0.0	0.0	0.0
0.6819214985683812	0.9157753013354081	0.39886015886583254	1.0	1.0	0.0	1.0	1.0	0.0	1.0	0.0	0.0
0.5760647850962547	0.8886868327627117	0.4691097673886645	0.0	1.0	0.0	0.0	1.0	0.0	0.0	1.0	0.0
0.613766687141478	0.9897945774030128	0.15249314852232287	0.0	0.0	0.0	0.0	0.0	0.0	0.0	0.0	0.0
0.6665261555159202	0.8065300604373715	0.5992590052752592	1.0	0.0	0.0	1.0	0.0	0.0	0.0	0.0	0.0
0.6552517671477491	0.8725249528231425	0.48410118190395235	0.0	1.0	0.0	0.0	0.0	0.0	0.0	0.0	0.0
0.6192426968897358	0.922226013111394	0.39226178853582994	0.0	1.0	1.0	0.0	1.0	1.0	0.0	0.0	1.0
0.7200084221163391	0.8568419623376654	0.4366046832533329	1.0	0.0	0.0	1.0	0.0	0.0	0.0	0.0	0.0
0.7486670682258508	0.998055152776154	0.10672845194238056	0.0	0.0	0.0	0.0	0.0	0.0	0.0	0.0	0.0
1.9623489944396846	0.997947005185504	0.9871614432765056	0.0	0.0	0.0	0.0	0.0	0.0	0.0	0.0	0.0
0.9221396542878	0.8440405034436548	0.34675228238811207	0.0	0.0	1.0	0.0	0.0	1.0	0.0	0.0	1.0
0.6342001706715764	0.8253675237271175	0.560771669731868	0.0	0.0	0.0	0.0	0.0	0.0	0.0	0.0	0.0
0.6855288220246247	0.9986673644159205	0.11244720709155946	1.0	0.0	0.0	1.0	0.0	0.0	1.0	0.0	0.0
0.7950646187912154	0.9959734936435006	0.12918445910293044	0.0	0.0	0.0	0.0	0.0	0.0	0.0	0.0	0.0
0.6048497920136794	0.9114779470945812	0.4357782288797494	0.0	1.0	0.0	0.0	1.0	0.0	0.0	1.0	0.0
0.7583043254580522	0.6926930857358841	0.6395325183105427	1.0	0.0	0.0	0.0	0.0	0.0	0.0	0.0	0.0
0.7197903825065433	0.9341881907659824	0.3323047170360342	1.0	0.0	1.0	0.0	0.0	0.0	0.0	0.0	0.0
0.726450923481411	0.9423454438072288	0.4009380059414788	1.0	0.0	1.0	1.0	0.0	1.0	1.0	0.0	0.0
0.6966118946187283	0.9384832698237564	0.26508846028285454	1.0	0.0	0.0	1.0	0.0	0.0	1.0	0.0	0.0
0.6313206937674326	0.9478038291323463	0.47508534714688627	0.0	0.0	0.0	0.0	0.0	0.0	0.0	0.0	0.0
0.6918081624684151	0.9658131254885233	0.2752874863979281	1.0	0.0	0.0	1.0	0.0	0.0	1.0	0.0	0.0
0.7586265338263707	0.9984756854027146	0.1758251851924742	1.0	0.0	0.0	0.0	0.0	0.0	0.0	0.0	0.0
0.8845864739151877	0.9246233081145687	0.4401399763842641	0.0	1.0	0.0	0.0	1.0	0.0	0.0	1.0	0.0
0.679387846425663	0.8374760023014692	0.4284380047851997	1.0	0.0	0.0	1.0	0.0	0.0	1.0	0.0	0.0
0.639493855607798	0.9228806973371256	0.35740602951123224	1.0	1.0	1.0	0.0	1.0	1.0	0.0	1.0	1.0
0.6327858273482447	0.912600272326519	0.3127759996315277	0.0	1.0	0.0	0.0	1.0	0.0	0.0	1.0	0.0
0.7217815135473247	0.9212507575950948	0.31046679352063755	1.0	1.0	0.0	1.0	1.0	0.0	1.0	1.0	0.0
0.8011512253541794	0.8739434612913992	0.3798905224417553	0.0	1.0	1.0	0.0	0.0	1.0	0.0	0.0	1.0
0.5818558841837358	0.929699115502446	0.33203126428868535	0.0	0.0	0.0	0.0	0.0	0.0	0.0	0.0	0.0
0.5735005925751643	0.9458994614490586	0.4414492825329497	0.0	0.0	0.0	0.0	0.0	0.0	0.0	0.0	0.0
0.6447823859114016	0.5894446008554729	0.6532713494479464	0.0	0.0	0.0	0.0	0.0	0.0	0.0	0.0	0.0
0.7800271230041789	0.8703759437779899	0.3010113351479686	0.0	1.0	0.0	0.0	1.0	0.0	0.0	0.0	0.0
0.6080905254931507	0.9894327198477809	0.24560091668846468	0.0	0.0	0.0	0.0	0.0	0.0	0.0	0.0	0.0
0.6847271985427532	0.9692814000749431	0.2829814141289385	1.0	0.0	0.0	1.0	0.0	0.0	1.0	0.0	0.0
0.6748715094197059	0.9270322758956672	0.3835729195214692	1.0	1.0	1.0	0.0	0.0	1.0	0.0	0.0	1.0
0.7642169236047703	0.9386568656807741	0.3237551135365559	0.0	1.0	1.0	0.0	1.0	1.0	0.0	0.0	0.0
0.7001881578524228	0.915265559288746	0.29995438505763417	1.0	1.0	0.0	1.0	1.0	0.0	1.0	1.0	0.0
0.699380121973705	0.9094710450186674	0.33187446555681394	1.0	1.0	1.0	1.0	1.0	0.0	1.0	1.0	0.0
0.7032961990181417	0.900251110988308	0.3767233305221035	1.0	1.0	1.0	1.0	1.0	1.0	1.0	1.0	1.0
0.7711440209343543	0.8413572217652113	0.3981031461935542	0.0	0.0	0.0	0.0	0.0	0.0	0.0	0.0	0.0
0.768157659859517	0.958012075422016	0.21627367896259708	0.0	0.0	0.0	0.0	0.0	0.0	0.0	0.0	0.0
0.6170322312837581	0.8978766087541276	0.4801815005314059	0.0	1.0	0.0	0.0	1.0	0.0	0.0	1.0	0.0
0.7267043788269315	0.8427249182643288	0.5055973987453175	1.0	0.0	0.0	0.0	0.0	0.0	0.0	0.0	0.0
0.7141299359077492	0.9438428036693474	0.2869965094497494	1.0	0.0	0.0	1.0	0.0	0.0	0.0	0.0	0.0
0.6970914461333387	0.8687001221804524	0.47520860232831275	1.0	1.0	0.0	1.0	0.0	0.0	1.0	0.0	0.0
0.863964776494644	0.9101632909681587	0.28212872450341614	0.0	1.0	0.0	0.0	1.0	0.0	0.0	1.0	0.0
0.7413384197162776	0.9277721035723104	0.3046024482689754	0.0	1.0	0.0	0.0	1.0	0.0	0.0	1.0	0.0
0.6842685196224259	0.950298357367015	0.3672541301987786	1.0	0.0	1.0	1.0	0.0	1.0	1.0	0.0	1.0
0.6260366749510804	0.8234987386743619	0.5197941369988445	0.0	0.0	0.0	0.0	0.0	0.0	0.0	0.0	0.0
0.7317022206031647	0.8839135333050065	0.34069005235367034	0.0	1.0	1.0	0.0	1.0	1.0	0.0	1.0	1.0
1.1174537466109244	0.9984553951754641	0.17196399041738714	0.0	0.0	0.0	0.0	0.0	0.0	0.0	0.0	0.0
0.6757803478005314	0.9989976704952545	0.1021951031874956	1.0	0.0	0.0	1.0	0.0	0.0	1.0	0.0	0.0
0.6692579648311515	0.8853450259742583	0.45539526840114225	1.0	1.0	0.0	1.0	1.0	0.0	0.0	1.0	0.0
0.5560635816245816	0.8906421501469729	0.3842614876374209	0.0	1.0	1.0	0.0	1.0	1.0	0.0	1.0	0.0
0.805623561632256	0.9001080794735581	0.4044164045997188	0.0	1.0	0.0	0.0	1.0	0.0	0.0	1.0	0.0
0.6429490333702166	0.9540855461491492	0.32050489147517724	0.0	0.0	0.0	0.0	0.0	0.0	0.0	0.0	0.0
0.6240443700210969	0.9163040904835984	0.45756904647748914	0.0	1.0	0.0	0.0	1.0	0.0	0.0	0.0	0.0
0.7471865657914307	0.8596480798349164	0.5710020967039603	0.0	0.0	0.0	0.0	0.0	0.0	0.0	0.0	0.0
0.5546154476024089	0.891078872637213	0.42214765611686633	0.0	1.0	0.0	0.0	1.0	0.0	0.0	1.0	0.0
0.6972311382540205	0.9677462916901406	0.1935238445995329	1.0	0.0	0.0	1.0	0.0	0.0	1.0	0.0	0.0
0.6801546300018222	0.9011479945463376	0.4070904614946224	1.0	1.0	0.0	1.0	1.0	0.0	1.0	1.0	0.0
0.6956712071696032	0.8107870941415058	0.4655184709447147	1.0	0.0	0.0	1.0	0.0	0.0	1.0	0.0	0.0
0.6058706878539879	0.9515049846569696	0.37871609892973157	0.0	0.0	1.0	0.0	0.0	1.0	0.0	0.0	1.0
0.683587283874146	0.9161600132308333	0.437431091312282	1.0	1.0	0.0	1.0	1.0	0.0	1.0	1.0	0.0
0.7476324777505203	0.9564851833488869	0.3066095882293257	0.0	0.0	0.0	0.0	0.0	0.0	0.0	0.0	0.0
0.8049642154450024	0.9986493014586654	0.12775922473349346	0.0	0.0	0.0	0.0	0.0	0.0	0.0	0.0	0.0
0.6960504572156453	0.8763661250360244	0.4168404349163458	1.0	0.0	0.0	1.0	0.0	0.0	1.0	0.0	0.0
0.6766523224612229	0.8489713943499906	0.42168212987444914	1.0	0.0	0.0	1.0	0.0	0.0	1.0	0.0	0.0
0.7055195577067468	0.928875679142624	0.2923201422978142	1.0	1.0	0.0	1.0	1.0	0.0	1.0	0.0	0.0
0.5586796148305878	0.9362418706079249	0.42101395544344095	0.0	0.0	0.0	0.0	0.0	0.0	0.0	0.0	0.0
0.7181637529857501	0.7066306454491447	0.42965292327945476	1.0	0.0	0.0	1.0	0.0	0.0	1.0	0.0	0.0
0.7655281280678012	0.9250434169078463	0.3737574441804196	0.0	1.0	1.0	0.0	1.0	1.0	0.0	1.0	1.0
0.8066689763813921	0.8238398322515694	0.40945411931703213	0.0	0.0	0.0	0.0	0.0	0.0	0.0	0.0	0.0
0.7648891615258904	0.8966390765222896	0.3962479618570652	0.0	1.0	1.0	0.0	1.0	0.0	0.0	1.0	0.0
0.7069584003306834	0.8185859435339887	0.6191745223225671	1.0	0.0	0.0	1.0	0.0	0.0	1.0	0.0	0.0
0.7610098552080347	0.9224660679864672	0.4106958930455115	0.0	1.0	0.0	0.0	1.0	0.0	0.0	1.0	0.0
0.709021067897071	0.8074910654227685	0.432309224739702	1.0	0.0	0.0	1.0	0.0	0.0	1.0	0.0	0.0
0.5537236508800336	0.9941485680781567	0.15672760069753466	0.0	0.0	0.0	0.0	0.0	0.0	0.0	0.0	0.0
0.6666628586342599	0.8936283927999504	0.48465938179529033	1.0	1.0	0.0	0.0	1.0	0.0	0.0	1.0	0.0
0.8181977865826329	0.9848686498526742	0.18474087544774237	0.0	0.0	0.0	0.0	0.0	0.0	0.0	0.0	0.0
0.6655905883334688	0.8419942565616558	0.5496129107148315	1.0	0.0	0.0	1.0	0.0	0.0	0.0	0.0	0.0
0.633833130098171	0.8469671513278093	0.5163096840103164	0.0	0.0	0.0	0.0	0.0	0.0	0.0	0.0	0.0
0.7251016817244456	0.8594667605500385	0.40487214262756943	0.0	1.0	0.0	0.0	0.0	0.0	0.0	0.0	0.0
1.390952827991822	0.9961662356239033	0.1448522438298841	0.0	0.0	0.0	0.0	0.0	0.0	0.0	0.0	0.0
1.4220909334303156	0.9988727424799752	0.10922224413230121	0.0	0.0	0.0	0.0	0.0	0.0	0.0	0.0	0.0
0.620282370997859	0.8744374108182739	0.4557317969420117	0.0	1.0	0.0	0.0	0.0	0.0	0.0	0.0	0.0
0.6781675467790776	0.930360838091036	0.38691189361210765	1.0	0.0	0.0	1.0	0.0	0.0	1.0	0.0	0.0
0.7539849062650912	0.9930536432091893	0.18153832855949434	0.0	0.0	0.0	0.0	0.0	0.0	0.0	0.0	0.0
0.8323105220421123	0.9727133286064649	0.16818031363975486	0.0	0.0	0.0	0.0	0.0	0.0	0.0	0.0	0.0
1.4385999164233139	0.9985572836430607	0.10865352237272637	0.0	0.0	0.0	0.0	0.0	0.0	0.0	0.0	0.0
0.9912802081039738	0.9988098939382005	0.13191688721427278	0.0	0.0	0.0	0.0	0.0	0.0	0.0	0.0	0.0
0.7397086683532486	0.8468234440429575	0.5230466678022555	0.0	0.0	0.0	0.0	0.0	0.0	0.0	0.0	0.0
1.3916921032967213	0.9987353293460891	0.1055479530805486	0.0	0.0	0.0	0.0	0.0	0.0	0.0	0.0	0.0
0.5517004365323255	0.9313675915666039	0.4539786202797604	0.0	1.0	0.0	0.0	0.0	0.0	0.0	0.0	0.0
0.6613226014727233	0.8451844917314734	0.37869618071411754	1.0	0.0	1.0	0.0	0.0	1.0	0.0	0.0	1.0
0.6057490767370519	0.8317508893868314	0.5458290788830146	0.0	0.0	0.0	0.0	0.0	0.0	0.0	0.0	0.0
0.7313135017321641	0.9242083581562688	0.34277656728854616	1.0	1.0	1.0	1.0	1.0	1.0	0.0	1.0	1.0
0.6738888570677062	0.8937246536514409	0.47919097960887674	1.0	1.0	0.0	1.0	1.0	0.0	1.0	1.0	0.0
0.8154759764860818	0.8918783956931522	0.4224286004656651	0.0	1.0	0.0	0.0	1.0	0.0	0.0	1.0	0.0
0.597322084791016	0.8782305363544511	0.5201645848875686	0.0	1.0	0.0	0.0	1.0	0.0	0.0	1.0	0.0
0.6516090591040481	0.9545240515436731	0.2854571244090371	1.0	0.0	0.0	0.0	0.0	0.0	0.0	0.0	0.0
0.7373671091966608	0.9051844689387314	0.4343785239941598	0.0	1.0	0.0	0.0	1.0	0.0	0.0	1.0	0.0
0.8788646029550556	0.9055845068690824	0.39705902625002987	0.0	1.0	1.0	0.0	1.0	1.0	0.0	1.0	1.0
0.5981195603336916	0.7693045709817501	0.6147573626957153	0.0	0.0	0.0	0.0	0.0	0.0	0.0	0.0	0.0
0.6570463311356544	0.9038741981752408	0.3258357055309694	1.0	1.0	0.0	0.0	1.0	0.0	0.0	1.0	0.0
0.653760241720562	0.8657999248491469	0.3819954839779817	0.0	0.0	1.0	0.0	0.0	1.0	0.0	0.0	1.0
0.658210145689377	0.86965615707947	0.4733685422958096	0.0	0.0	0.0	0.0	0.0	0.0	0.0	0.0	0.0
0.6430936695595942	0.9026740465192876	0.47688900199650447	0.0	1.0	0.0	0.0	1.0	0.0	0.0	1.0	0.0
0.7515930875981716	0.9723949608959798	0.18182070568714073	0.0	0.0	0.0	0.0	0.0	0.0	0.0	0.0	0.0
0.7037013206214854	0.9163099873849972	0.3852627761717796	1.0	1.0	1.0	1.0	1.0	0.0	1.0	1.0	0.0
0.7448043771609277	0.9353148209312896	0.3355308397283825	0.0	1.0	1.0	0.0	1.0	0.0	0.0	0.0	0.0
0.7732403349588941	0.985047454885871	0.1389896684868441	0.0	0.0	0.0	0.0	0.0	0.0	0.0	0.0	0.0
0.7815489831384342	0.8539229821765619	0.5526999375701301	0.0	1.0	0.0	0.0	0.0	0.0	0.0	0.0	0.0
0.6171032829943508	0.997497836175866	0.17958696182964853	0.0	0.0	0.0	0.0	0.0	0.0	0.0	0.0	0.0
0.7458424820955325	0.9496745072933415	0.2788702178978907	0.0	1.0	0.0	0.0	0.0	0.0	0.0	0.0	0.0
0.6408994189855424	0.9127346552272053	0.3385161021239151	0.0	1.0	1.0	0.0	1.0	1.0	0.0	1.0	0.0
0.8419919122952483	0.909264151412588	0.3058303720787273	0.0	1.0	0.0	0.0	1.0	0.0	0.0	1.0	0.0
0.6277210035848196	0.9003745546375989	0.48703513432707407	0.0	1.0	0.0	0.0	1.0	0.0	0.0	1.0	0.0
0.7362568341539227	0.9961954948120693	0.06658878833174757	0.0	0.0	0.0	0.0	0.0	0.0	0.0	0.0	0.0
0.8902821661679702	0.9892731407314396	0.139300387465883	0.0	0.0	0.0	0.0	0.0	0.0	0.0	0.0	0.0
0.8087427822131774	0.9536441617352279	0.275046129595837	0.0	0.0	0.0	0.0	0.0	0.0	0.0	0.0	0.0
0.6387124252043791	0.8313873094716083	0.4549904801096386	0.0	0.0	0.0	0.0	0.0	0.0	0.0	0.0	0.0
0.5639155042600592	0.9021316581953099	0.41514591226625763	0.0	1.0	0.0	0.0	1.0	0.0	0.0	1.0	0.0
0.9107989183630316	0.9962676355033577	0.20596640625602305	0.0	0.0	0.0	0.0	0.0	0.0	0.0	0.0	0.0
0.7181856582290211	0.9484498892848273	0.2555862639673759	1.0	0.0	0.0	1.0	0.0	0.0	0.0	0.0	0.0
0.7208494498941882	0.8586290252058605	0.5836999954595429	1.0	1.0	0.0	1.0	0.0	0.0	1.0	0.0	0.0
0.7330156145236325	0.9413996381862539	0.29030688521167664	0.0	1.0	0.0	0.0	0.0	0.0	0.0	0.0	0.0
0.8233889132297139	0.8206248407139876	0.5108183676099388	0.0	0.0	0.0	0.0	0.0	0.0	0.0	0.0	0.0
0.8691417871135142	0.7986800765892518	0.607463010128121	0.0	0.0	0.0	0.0	0.0	0.0	0.0	0.0	0.0
0.6327101115336041	0.8003995119673011	0.5042153634073496	0.0	0.0	0.0	0.0	0.0	0.0	0.0	0.0	0.0
0.517400945652747	0.8570754169264383	0.4269238557801043	0.0	0.0	0.0	0.0	0.0	0.0	0.0	0.0	0.0
0.7191945815186512	0.9728085867676997	0.2675241400501735	1.0	0.0	0.0	1.0	0.0	0.0	1.0	0.0	0.0
0.7613822963580733	0.8705472904484656	0.43245045735565457	0.0	0.0	0.0	0.0	0.0	0.0	0.0	0.0	0.0
0.7001269026600988	0.9226717332007685	0.33928315577274615	1.0	1.0	1.0	1.0	0.0	1.0	1.0	0.0	0.0
0.7209017898374785	0.9530344033815209	0.411930566919481	1.0	0.0	0.0	1.0	0.0	0.0	1.0	0.0	0.0
0.5932201660296482	0.8229845470489552	0.457387026756958	0.0	0.0	0.0	0.0	0.0	0.0	0.0	0.0	0.0
0.6764071004313008	0.9486396530897897	0.34902674105343123	1.0	0.0	1.0	1.0	0.0	1.0	1.0	0.0	1.0
0.6623829032417483	0.9896801378984026	0.14184364551235812	1.0	0.0	0.0	1.0	0.0	0.0	0.0	0.0	0.0
0.699959524387233	0.7620875178295988	0.4953123813143862	1.0	0.0	0.0	1.0	0.0	0.0	1.0	0.0	0.0
0.7391577408870774	0.9702130723170774	0.2510500723564901	0.0	0.0	0.0	0.0	0.0	0.0	0.0	0.0	0.0
0.5603924176197146	0.9496139249345001	0.28806094403809945	0.0	0.0	0.0	0.0	0.0	0.0	0.0	0.0	0.0
0.7165137196658451	0.9209153192794413	0.35291377095265086	1.0	1.0	1.0	0.0	1.0	1.0	0.0	0.0	1.0
1.1422964768934811	0.9984078942798424	0.14612666139611877	0.0	0.0	0.0	0.0	0.0	0.0	0.0	0.0	0.0
0.8447288003917232	0.9277891889431871	0.31013032435170795	0.0	1.0	0.0	0.0	0.0	0.0	0.0	0.0	0.0
0.7654807749015793	0.8378452195810867	0.3393726889167242	0.0	0.0	1.0	0.0	0.0	1.0	0.0	0.0	0.0
0.6456321168523336	0.7032916664019694	0.6597233666311029	0.0	0.0	0.0	0.0	0.0	0.0	0.0	0.0	0.0
1.010945773442947	0.997055833023097	0.12417434243536425	0.0	0.0	0.0	0.0	0.0	0.0	0.0	0.0	0.0
0.7113354540792465	0.9084534287772762	0.35841117935989864	1.0	1.0	1.0	1.0	1.0	1.0	1.0	1.0	1.0
0.6070681869645813	0.7508910288296807	0.6152828289880213	0.0	0.0	0.0	0.0	0.0	0.0	0.0	0.0	0.0
0.6185472408517072	0.85498197731026	0.4079564038074365	0.0	0.0	0.0	0.0	0.0	0.0	0.0	0.0	0.0
0.7886280455646337	0.8744246784100593	0.4451187934034938	0.0	1.0	0.0	0.0	0.0	0.0	0.0	0.0	0.0
0.6099458572779243	0.8647988789929022	0.4091814610826311	0.0	0.0	0.0	0.0	0.0	0.0	0.0	0.0	0.0
1.1635105507043897	0.998478797262553	0.12946014159491656	0.0	0.0	0.0	0.0	0.0	0.0	0.0	0.0	0.0
0.772270218357794	0.9206363240485668	0.44841586214048523	0.0	1.0	0.0	0.0	1.0	0.0	0.0	0.0	0.0
0.6938690371059615	0.9415362640421456	0.29884294009368556	1.0	0.0	0.0	1.0	0.0	0.0	1.0	0.0	0.0
0.6616645749598263	0.9971325537086899	0.12827969156095362	1.0	0.0	0.0	0.0	0.0	0.0	0.0	0.0	0.0
0.6547125916547267	0.9215347241637181	0.2786744069311033	1.0	1.0	0.0	0.0	1.0	0.0	0.0	1.0	0.0
0.7853809956635811	0.8740323726928694	0.40633714618111005	0.0	1.0	0.0	0.0	1.0	0.0	0.0	0.0	0.0
0.6952638076489404	0.9957631965752713	0.1306555199655037	1.0	0.0	0.0	1.0	0.0	0.0	1.0	0.0	0.0
0.6886438803663654	0.9963797573333801	0.12508754600480468	1.0	0.0	0.0	1.0	0.0	0.0	1.0	0.0	0.0
0.6451268289290619	0.9467404890775499	0.3041850418585923	0.0	0.0	0.0	0.0	0.0	0.0	0.0	0.0	0.0
0.7533397369385054	0.9090140907122908	0.3655638373114785	0.0	1.0	1.0	0.0	1.0	1.0	0.0	1.0	1.0
0.8971742977705708	0.9663035166677911	0.28850902813913915	0.0	1.0	0.0	0.0	0.0	0.0	0.0	0.0	0.0
0.7958346781701825	0.9717491794646821	0.19284176076603193	0.0	0.0	0.0	0.0	0.0	0.0	0.0	0.0	0.0
0.6401785339271026	0.9440596080634379	0.23334972550840108	0.0	0.0	0.0	0.0	0.0	0.0	0.0	0.0	0.0
0.6396702409087519	0.985322924502966	0.1699942092383267	0.0	0.0	0.0	0.0	0.0	0.0	0.0	0.0	0.0
0.7207949106615738	0.9484963983261121	0.3872440844446402	1.0	0.0	0.0	0.0	0.0	0.0	0.0	0.0	0.0
0.7062938948034572	0.8479594247356229	0.3947094660429721	1.0	0.0	1.0	1.0	0.0	1.0	1.0	0.0	1.0
0.7044155477890351	0.9237263866325415	0.4071298607720606	1.0	1.0	0.0	1.0	1.0	0.0	1.0	0.0	0.0
0.6728099877623855	0.9393527191878773	0.36236955634380635	1.0	0.0	1.0	1.0	0.0	1.0	0.0	0.0	1.0
1.3399272487887615	0.9989282170307762	0.12370816655487149	0.0	0.0	0.0	0.0	0.0	0.0	0.0	0.0	0.0
0.7405552513241601	0.8157404699029723	0.3795148084337553	0.0	0.0	1.0	0.0	0.0	1.0	0.0	0.0	1.0
0.7169270036937057	0.9194419318562878	0.40383080864116083	1.0	1.0	0.0	1.0	1.0	0.0	0.0	1.0	0.0
0.7033479931041767	0.7093824580050883	0.514769313999174	1.0	0.0	0.0	1.0	0.0	0.0	1.0	0.0	0.0
0.8042343280239431	0.9508621740256343	0.26761215816202505	0.0	0.0	0.0	0.0	0.0	0.0	0.0	0.0	0.0
0.7452501023251504	0.8308244727302936	0.5732167778777567	0.0	0.0	0.0	0.0	0.0	0.0	0.0	0.0	0.0
0.5875570520994922	0.8703948699180589	0.445885100031422	0.0	1.0	0.0	0.0	1.0	0.0	0.0	1.0	0.0
0.6971576422519591	0.9345125017835237	0.32656689897781926	1.0	1.0	1.0	1.0	0.0	0.0	1.0	0.0	0.0
0.6253008937613006	0.6132883481101828	0.521982306746743	0.0	0.0	0.0	0.0	0.0	0.0	0.0	0.0	0.0
0.7793247791312131	0.8499938083220737	0.3901532541657935	0.0	0.0	1.0	0.0	0.0	1.0	0.0	0.0	1.0
0.785890116747756	0.9366503139120782	0.3779591024333785	0.0	1.0	1.0	0.0	0.0	1.0	0.0	0.0	1.0
0.5824203869026456	0.9444173629070972	0.25829069049341613	0.0	0.0	0.0	0.0	0.0	0.0	0.0	0.0	0.0
0.719257205311318	0.8221079787529776	0.43912543175479524	1.0	0.0	0.0	1.0	0.0	0.0	0.0	0.0	0.0
0.7805653814662354	0.9234098396468713	0.341475086154132	0.0	1.0	1.0	0.0	1.0	1.0	0.0	1.0	1.0
