0.6831642061007457	0.9348617496156557	0.3571114953580316	0.7520394089072356	0.9259268608582583	0.3580239874995869	0.7076415103393003	0.9432029608482193	0.3495139518148463	1.0	1.0	1.0	1.0	1.0	1.0	1.0	1.0	1.0
0.6905593507551533	0.8919197147507508	0.4032006646520328	0.7702217418584718	0.8725965829021869	0.4114906989176082	0.7061249282609332	0.8798358642204172	0.4081592517417157	1.0	1.0	1.0	1.0	1.0	1.0	1.0	1.0	1.0
0.6979320305932082	0.985809733400885	0.12516362391355398	0.7533439246095688	0.9368122717663855	0.20622840083579763	0.7236611088487815	0.9575415757900477	0.18939479724348346	1.0	1.0	1.0	1.0	1.0	1.0	1.0	1.0	1.0
0.618393155138156	0.9872995068485718	0.18044800503308034	0.763966287556898	0.9583605359507703	0.2405775667920093	0.6692725723879112	0.9751481566446013	0.23157700838924328	1.0	1.0	1.0	1.0	1.0	1.0	1.0	1.0	1.0
0.6410310268020722	0.7463407000928439	0.3796509884998346	0.6489014057615512	0.6736208555920108	0.39577865335751766	0.6449573319249806	0.6980308670033719	0.40246603329249836	1.0	1.0	1.0	1.0	1.0	1.0	1.0	1.0	1.0
0.7674054973348622	0.86275391020843	0.490225349336968	0.7799052596557335	0.8146537058923446	0.5162988512620312	0.7742172145877293	0.8287182701648739	0.5179262849032871	1.0	1.0	1.0	1.0	1.0	1.0	1.0	1.0	1.0
0.7135224290394191	0.8632357841031457	0.5079287882342349	0.7350648006657181	0.8074610951059428	0.5237850536314173	0.7304977084859798	0.825171053008636	0.5252571521891738	1.0	1.0	1.0	1.0	1.0	1.0	1.0	1.0	1.0
0.6943887072802003	0.9066288410347332	0.3678117145882056	0.7184230333532543	0.8283769392983213	0.42588083164247675	0.7024689830107943	0.8545238419259445	0.4208456050386723	1.0	1.0	1.0	1.0	1.0	1.0	1.0	1.0	1.0
0.796755475039048	0.9368603494251602	0.30892642147782107	0.8646120029474955	0.9085720280114155	0.3316584377677864	0.8261303218767144	0.9179027969119768	0.32928398303135464	1.0	1.0	1.0	1.0	1.0	1.0	1.0	1.0	1.0
0.6280715716929823	0.9783166411864838	0.2000062191722126	0.7309088580718557	0.9612137647658967	0.23595146649277512	0.6615773336553243	0.9730547042699798	0.2327108019979012	1.0	1.0	1.0	1.0	1.0	1.0	1.0	1.0	1.0
0.7197085689939772	0.8459239568659207	0.5384785745868396	0.7321402627113861	0.8029120392568331	0.5753909623048827	0.723132807215527	0.8128961061181272	0.5723649160593519	1.0	1.0	1.0	1.0	1.0	0.0	1.0	1.0	0.0
0.6356757273051198	0.9136696469545822	0.46996508522221453	0.6900388335923326	0.9093134198966999	0.4430735584906199	0.6429941119562435	0.91916814924631	0.446458754972975	1.0	1.0	1.0	1.0	1.0	1.0	1.0	1.0	1.0
0.6650737594248919	0.8285099112378362	0.6093210029228202	0.6821362721493872	0.7976515785455126	0.6097033469606309	0.6727704286248115	0.8201205555644495	0.6055184023926866	1.0	1.0	1.0	1.0	1.0	0.0	1.0	1.0	0.0
0.6967270334989617	0.8797124591200588	0.41958371321822774	0.7147959592510084	0.8051437870006334	0.47827943186563443	0.7055978715648035	0.8198286619852488	0.4738306905056902	1.0	1.0	1.0	1.0	1.0	1.0	1.0	1.0	1.0
0.6948704154107196	0.8908118319823685	0.3694732945586195	0.7453403594672005	0.8634149379499013	0.36422725791566857	0.7178646716458876	0.8762357059385241	0.36089627305202854	1.0	1.0	1.0	1.0	1.0	1.0	1.0	1.0	1.0
0.6014832454123011	0.9913335858108517	0.2192917729730817	0.7673944911435904	0.9231266268455933	0.340073545525888	0.7183585015378495	0.9571898319147848	0.33879901409787694	1.0	1.0	1.0	1.0	1.0	1.0	1.0	1.0	1.0
0.7219422623510013	0.9289979644813467	0.3554192288377001	0.736955376370915	0.8849301457429268	0.4068752255244941	0.7231495545888489	0.8978618784973089	0.4046919165656614	1.0	1.0	1.0	1.0	1.0	1.0	1.0	1.0	1.0
0.7355150475393564	0.8687572253342354	0.2905101471332232	0.7414423841620417	0.7935373059362177	0.36338485460371667	0.7413383840151547	0.8161736972021477	0.36111871375536114	1.0	1.0	1.0	1.0	1.0	1.0	1.0	1.0	1.0
0.6613032220212535	0.7491248025603691	0.4848118635814219	0.6668878365645258	0.6513866707573843	0.5614227023511681	0.6666871311809456	0.669611125118673	0.5639369625507495	1.0	1.0	1.0	1.0	0.0	1.0	1.0	0.0	1.0
0.6778356772655807	0.9457210362075996	0.22851015872903763	0.7311798729219494	0.8974739811517864	0.2724920218974935	0.7051420797968132	0.9231520334243332	0.25594227615028486	1.0	1.0	1.0	1.0	1.0	1.0	1.0	1.0	1.0
0.6733237919078006	0.9291355290871298	0.330696797154222	0.7151616427948866	0.8934799758110101	0.3491885132678117	0.6960492237266784	0.9106607082871538	0.3463535157485155	1.0	1.0	1.0	1.0	1.0	1.0	1.0	1.0	1.0
0.588199558016758	0.6379325970382091	0.5741913388084047	0.5977428475765232	0.6012349056960186	0.5997785382703372	0.5951303260164653	0.61451376897921	0.5948199355730068	1.0	0.0	1.0	0.0	0.0	0.0	0.0	0.0	0.0
0.7787875146420491	0.8958802900860249	0.37626547939270955	0.7999854162906959	0.8535981343039037	0.4161393056700785	0.7890547390034293	0.8670237653370734	0.4095823613521728	1.0	1.0	1.0	1.0	1.0	1.0	0.0	1.0	1.0
0.622588216935771	0.9161824617540129	0.38108951239345984	0.6932427958602843	0.882690848142012	0.39306723968077506	0.6447683051639242	0.8981411969909936	0.3870227882828964	1.0	1.0	1.0	1.0	1.0	1.0	1.0	1.0	1.0
0.7203766354479725	0.8184462147578605	0.521066254673697	0.7254575201752949	0.7593095689355692	0.5577457561113625	0.723817614902758	0.7781995972789155	0.5572063330353227	1.0	1.0	1.0	1.0	1.0	1.0	1.0	0.0	0.0
0.5806624027847103	0.9248959294248074	0.3504827769489758	0.6436775913708677	0.8808676340326845	0.3870685410644614	0.5987297441391398	0.8984891373852647	0.38668460273448935	1.0	1.0	1.0	1.0	1.0	1.0	1.0	1.0	1.0
0.6953516263486778	0.9036655803048252	0.3559293218277288	0.7920032910042739	0.8734583218225515	0.36874740890688357	0.7109586503518778	0.8891952533827286	0.36677793442117407	1.0	1.0	1.0	1.0	1.0	1.0	1.0	1.0	1.0
0.7984398118314809	0.9189534037091777	0.38409520661311797	0.8680525788674289	0.9118432126008289	0.3901916197894791	0.8167690575671468	0.9192123633041541	0.3914023943351534	1.0	1.0	1.0	1.0	1.0	1.0	1.0	1.0	1.0
0.7487810107474686	0.7633405478904928	0.4150440242502574	0.754228286595725	0.6839820900886316	0.4568037626550145	0.7524559564263469	0.6972432332308078	0.4562621256750847	1.0	1.0	1.0	1.0	1.0	1.0	1.0	0.0	1.0
0.6258882195781669	0.9423602569953387	0.31201449064378095	0.6882585423137533	0.9224976500220684	0.31285458360662005	0.654646257728945	0.9394359100815244	0.3029361470570907	1.0	1.0	1.0	1.0	1.0	1.0	1.0	1.0	1.0
0.6450431852332553	0.7859297241069819	0.5630773126293989	0.6643963907544002	0.7341050618304273	0.6037559116881276	0.6620791974824366	0.7544052237185963	0.6018489920276822	1.0	1.0	1.0	1.0	0.0	1.0	1.0	0.0	0.0
0.7928768583129487	0.9385416374911629	0.3463047176534203	0.9285197316232294	0.9344473862249391	0.3445056038821285	0.8454527889742329	0.9446675561613985	0.3400416742849649	1.0	1.0	1.0	1.0	1.0	1.0	1.0	1.0	1.0
0.7847025827772591	0.9238761443563843	0.36602755854069874	0.8612334082947494	0.9069154018296595	0.3721266729135241	0.8222790577515368	0.9178955534559761	0.36762401209010237	1.0	1.0	1.0	1.0	1.0	1.0	1.0	1.0	1.0
0.682303449971368	0.9259681861897071	0.3165317787707151	0.7246768671938274	0.8913011881054127	0.35182386900933005	0.6982308405830009	0.9126442166309916	0.34500988738778227	1.0	1.0	1.0	1.0	1.0	1.0	1.0	1.0	1.0
0.6111681272342661	0.862740278574689	0.5393483605773208	0.6452302005128315	0.8175050396930142	0.5761473125175471	0.6368007428439149	0.8341773525631679	0.5770290170727315	1.0	1.0	1.0	1.0	1.0	1.0	1.0	1.0	0.0
0.6345286402049195	0.96396519819854	0.19471355581312524	0.6554874742635982	0.9060281160980692	0.26214377842865555	0.6333893316073316	0.9413223196558144	0.23632549442482315	1.0	1.0	1.0	1.0	1.0	1.0	1.0	1.0	1.0
0.7414596771202476	0.9460834460859137	0.3076415140687923	0.8621160377527273	0.9328475259610874	0.31405214898267936	0.7866837746020716	0.9528019928439911	0.3039079717269131	1.0	1.0	1.0	1.0	1.0	1.0	1.0	1.0	1.0
0.6974951636094401	0.8556112326190972	0.39405503073844705	0.7161587336416739	0.801091915359341	0.4405501603093773	0.710835523553697	0.8126004311715369	0.4370395117535735	1.0	1.0	1.0	1.0	1.0	1.0	1.0	1.0	1.0
0.729734789232193	0.98514445677908	0.1647602394677828	0.8411622864517236	0.9621186505426123	0.20850523538835755	0.7607599719754425	0.9749853772887137	0.20177962368476696	1.0	1.0	1.0	1.0	1.0	0.0	1.0	1.0	0.0
0.6522865933392711	0.9513160910646912	0.2832106043206424	0.8034353936862428	0.9403906032995676	0.2941661792919419	0.7000455130868186	0.9535673923611159	0.2968087444668935	1.0	1.0	1.0	1.0	1.0	1.0	1.0	1.0	1.0
0.6477050832868729	0.8495593296136885	0.44846004222112185	0.6532081701558989	0.8027806648542927	0.48775704515056423	0.6478011657095372	0.8193377561058294	0.48594401871383497	1.0	1.0	1.0	1.0	1.0	1.0	1.0	1.0	1.0
0.7641480298789456	0.9282683036841901	0.33648589409175816	0.8450264188631885	0.9102326457702752	0.32988973244832753	0.8031455294669873	0.9275768825758628	0.32141405467180584	1.0	1.0	1.0	1.0	1.0	1.0	1.0	1.0	1.0
0.715649468275647	0.8188340614701135	0.5646965595187778	0.7376653378688316	0.7615642052905218	0.5820268383471893	0.7315204478944014	0.7826945548451811	0.5844506023948386	1.0	1.0	1.0	1.0	1.0	1.0	1.0	1.0	0.0
0.7722140846734239	0.9902259175892636	0.13391351388368547	0.9007223767542041	0.9627805531343511	0.20960357621731301	0.8151482463997761	0.9800949657826699	0.1978832829580226	1.0	1.0	1.0	1.0	1.0	1.0	1.0	1.0	0.0
0.6458763661378565	0.9322747171535881	0.29692992730774087	0.7377564911333508	0.9227938242138493	0.29759960588423795	0.6704455481235527	0.9309993612703504	0.2896180635716235	1.0	1.0	1.0	1.0	1.0	1.0	1.0	1.0	1.0
0.6497598895535741	0.8922020894642315	0.4188331991201715	0.595506042315881	0.8857395370251482	0.4034087017824014	0.6453791130160346	0.8933808999157917	0.40810424141772617	1.0	1.0	1.0	1.0	1.0	1.0	1.0	1.0	1.0
0.6841159398913447	0.9432303652338608	0.3558261066311084	0.7191442968747387	0.9249854712250372	0.3593047383180597	0.687309307022876	0.9450707085468164	0.35111620973593877	1.0	1.0	1.0	1.0	1.0	1.0	1.0	1.0	1.0
0.6051038783846943	0.9406710336106789	0.3551794402693407	0.6501473718542266	0.9242589581519115	0.36707292736950337	0.618566867377284	0.9366807671115656	0.36110908143945436	1.0	1.0	1.0	1.0	1.0	1.0	1.0	1.0	1.0
0.4470201532946446	0.9981438100008271	0.15057945355655414	0.6818086816285558	0.926538848361534	0.29948052735490704	0.6042033654619471	0.9467625815263524	0.287465828171259	1.0	1.0	1.0	1.0	1.0	1.0	1.0	1.0	1.0
0.7843763347291416	0.9548964189370669	0.32061504881982217	0.8861372317705573	0.9312102589322647	0.34925020805257173	0.8275982606209031	0.9485456991507366	0.34339875536665204	1.0	1.0	1.0	1.0	1.0	1.0	1.0	1.0	1.0
0.7304441227237177	0.742640572537331	0.5098543715341126	0.7322382263821008	0.6867226532029582	0.5458252000965046	0.7301926331116125	0.7043077840873853	0.5429238531979952	1.0	0.0	1.0	1.0	0.0	1.0	1.0	0.0	0.0
0.6227369305300705	0.8628683939861277	0.45842106775984953	0.6563413448720942	0.8311179043961958	0.4815722996891502	0.6411561356689905	0.8432142713539106	0.4877995309407862	1.0	1.0	1.0	1.0	1.0	1.0	1.0	1.0	1.0
0.6715864063485357	0.8441540440988959	0.3683066467811592	0.6831561422038792	0.7692930850384776	0.4334114363540719	0.6806327765892163	0.7873297378048605	0.43018535871295327	1.0	1.0	1.0	1.0	1.0	1.0	1.0	1.0	1.0
0.6880923717149633	0.8866279014814622	0.3980021375029476	0.7025653894761287	0.8479085863013367	0.41740027891519343	0.6964634099168234	0.8660451642248738	0.40573867780345557	1.0	1.0	1.0	1.0	1.0	1.0	1.0	1.0	1.0
0.5055107150924533	0.9973326360347293	0.12487483416374841	0.8232766970584148	0.9571404872507596	0.23097591752943872	0.731694930610385	0.9773889344418664	0.22160369219976234	1.0	1.0	1.0	1.0	1.0	1.0	1.0	1.0	1.0
0.7242576834179579	0.9295208580675863	0.33937084440633586	0.8350168198846354	0.9152608848817161	0.34516434897488507	0.7403959913747344	0.9253135064541473	0.3375570925607404	1.0	1.0	1.0	1.0	1.0	1.0	1.0	1.0	1.0
0.7499011870707089	0.9126027281732482	0.32092527124616693	0.778336257305134	0.8831137598244634	0.3354176279832035	0.7635346119450066	0.89915447925136	0.3262767934458856	1.0	1.0	1.0	1.0	1.0	1.0	1.0	1.0	1.0
0.6685338794855711	0.8769644982921798	0.38647288528155704	0.6882523553790066	0.8230584602297728	0.41976150721771305	0.6774785870824702	0.837086903933359	0.41835586457275087	1.0	1.0	1.0	1.0	1.0	1.0	1.0	1.0	1.0
0.6712511017332214	0.8666018883660253	0.3578718481807467	0.6843685837949622	0.7876863734630939	0.4150517431416242	0.6809189170577129	0.8036368035270002	0.40968123423974373	1.0	1.0	1.0	1.0	1.0	1.0	1.0	1.0	1.0
0.684673191300646	0.8587967971900257	0.43985041732280233	0.7028433424547308	0.8167636228265263	0.45830103975357706	0.6982263233047405	0.8303593333500108	0.4571343302341437	1.0	1.0	1.0	1.0	1.0	1.0	1.0	1.0	1.0
0.6473159533974788	0.919377248010604	0.31520747869856824	0.6673794169472326	0.8574210455517127	0.37656449500241523	0.6467899114836224	0.8725068019961906	0.37489797776656264	1.0	1.0	1.0	1.0	1.0	1.0	1.0	1.0	1.0
0.6434191698948498	0.9720868368591957	0.26034435015788787	0.7919838389883508	0.9764621463441069	0.25498517210594784	0.7041705489458122	0.984767905253005	0.25200135866882695	1.0	1.0	1.0	1.0	0.0	1.0	1.0	0.0	1.0
0.6309226622414581	0.9264838241940571	0.32233113881219616	0.6479387105977555	0.8595892830588564	0.3861070804631407	0.6374348087514284	0.8797266655142666	0.3774897533387372	1.0	1.0	1.0	1.0	1.0	1.0	1.0	1.0	1.0
0.8048375051226087	0.8102241296487184	0.4228665808552391	0.82181824924945	0.7372496040676292	0.4694678097881831	0.8139453788188212	0.7631806743304861	0.46345330486953096	1.0	1.0	1.0	0.0	1.0	1.0	0.0	1.0	1.0
0.8387919848509567	0.9466466563766636	0.28117513106153297	0.8686206945082113	0.9199310575272861	0.30034934327522783	0.8489798672910465	0.9340276469561481	0.29466940531884567	1.0	1.0	1.0	1.0	1.0	1.0	1.0	1.0	1.0
0.6521230195883888	0.8863514073559758	0.41275988854148316	0.6810851842375865	0.8167962307329605	0.46096393363197025	0.6740362312113194	0.8333644739958982	0.4601302681761374	1.0	1.0	1.0	1.0	1.0	1.0	1.0	1.0	1.0
0.6362505023721295	0.7832239706935392	0.485153288052088	0.6518931829276975	0.7345652574683161	0.4983630243050178	0.6488101194813569	0.753403495159808	0.48891259547383237	1.0	1.0	1.0	1.0	1.0	1.0	1.0	1.0	1.0
0.6306368343879846	0.929096489061147	0.3005945124030162	0.6487719543479956	0.8839688731606291	0.3331725178547836	0.6373403768708006	0.9018932637101666	0.32691814372900085	1.0	1.0	1.0	1.0	1.0	1.0	1.0	1.0	1.0
0.6812838664433278	0.8371587897664953	0.30469843319292844	0.6879250227305427	0.7049262169900592	0.39381761425858086	0.6847812664305906	0.7299690481099862	0.3893345379068984	1.0	1.0	1.0	1.0	1.0	1.0	1.0	1.0	1.0
0.8149321018914429	0.9332065401692267	0.22802337777776463	0.8253493952590969	0.8765888318708666	0.28168502223801417	0.8225902767213035	0.8938648240901769	0.276376127215896	1.0	1.0	1.0	1.0	1.0	1.0	0.0	1.0	1.0
0.6155938745269268	0.8488605985364556	0.5605323071483221	0.6482950629176799	0.7905117190093592	0.5789300431288935	0.6297436687947326	0.8153568007783492	0.5773892069806137	1.0	1.0	1.0	1.0	1.0	1.0	1.0	1.0	1.0
0.6629156241095491	0.9305621845173256	0.25291150768715004	0.6743313982359416	0.8735452137548829	0.30738320321345197	0.6630032576656821	0.8940941835539471	0.29882379270787296	1.0	1.0	1.0	1.0	1.0	1.0	1.0	1.0	1.0
0.6647006960824466	0.9147124998081568	0.36913485865244283	0.6968704803524168	0.880264411798359	0.39576290437921907	0.6731533854569157	0.9008728179233854	0.39082841340727126	1.0	1.0	1.0	1.0	1.0	1.0	1.0	1.0	1.0
0.675586399027166	0.810210851230548	0.4070740071794651	0.6886050301880096	0.7286737550141179	0.4568149918145153	0.6845469597522273	0.7484510052509683	0.4551291366812309	1.0	1.0	1.0	1.0	1.0	1.0	1.0	1.0	1.0
0.8011047822847892	0.9001153404726577	0.35233966230462116	0.8193789615117312	0.8750716242979798	0.3715350919606075	0.8065420729021044	0.8875643764311819	0.36159563955596186	1.0	1.0	1.0	1.0	1.0	1.0	1.0	1.0	1.0
0.6981263949172366	0.9237260821925384	0.3239143832159231	0.7035435640158779	0.8952162142718443	0.3339401705811006	0.6956327968789575	0.9096465226707996	0.325069042627824	1.0	1.0	1.0	1.0	1.0	1.0	1.0	1.0	1.0
0.6498116891508691	0.8838050117107107	0.3160362422903548	0.6588377162559585	0.8071161029770779	0.3822550852886067	0.6552200742592211	0.827239251986293	0.37466730463388204	1.0	1.0	1.0	1.0	1.0	1.0	1.0	1.0	1.0
0.6762533933293472	0.8413217567543166	0.45575781610976523	0.6868657625839726	0.7704828369239879	0.5006304349378443	0.685717049837808	0.7969128069080424	0.4946409656377289	1.0	1.0	1.0	1.0	1.0	1.0	1.0	1.0	1.0
0.665721533847236	0.9032822932816548	0.4897053752750003	0.7501859480155654	0.8838525624693874	0.47445147747284194	0.7001036035038504	0.9057892194699548	0.4703777455188465	1.0	1.0	1.0	1.0	1.0	1.0	1.0	1.0	1.0
0.8801627270564488	0.9317630335384813	0.353816618797504	1.0637328841088325	0.9218127269299236	0.35132575961311413	0.9330170909293345	0.9455671007803841	0.3436812827475956	1.0	1.0	1.0	1.0	1.0	1.0	1.0	1.0	1.0
0.8348322158140311	0.8882287560681548	0.4406957076124964	0.8632215785088581	0.8454601557342323	0.45167222531834433	0.846545178370201	0.8576312665876707	0.45329774147417473	1.0	1.0	1.0	0.0	1.0	1.0	0.0	1.0	1.0
0.6955588885882613	0.8782321058177572	0.4028195837529775	0.7071687623010163	0.8104377625745082	0.4516021857079337	0.701384794708393	0.8285632988109424	0.4442026458713265	1.0	1.0	1.0	1.0	1.0	1.0	1.0	1.0	1.0
0.6721327014583955	0.929028446281631	0.3000648635244566	0.6773690979753658	0.8768207731514853	0.3459547741245242	0.6764943346933824	0.8941543024963327	0.33757507940983944	1.0	1.0	1.0	1.0	1.0	1.0	1.0	1.0	1.0
0.7282730781060915	0.946179820829238	0.31213788142882554	0.7027764927150807	0.8815658297239294	0.37074384123287146	0.7202352327840922	0.9213022989727495	0.35517223381604307	1.0	1.0	1.0	1.0	1.0	1.0	1.0	1.0	1.0
0.6170328973731224	0.8670046717268813	0.48873951427555623	0.6292720847910476	0.8321184667529997	0.5258737667378375	0.6215854630727928	0.8397646532128922	0.5286168364497131	1.0	1.0	1.0	1.0	1.0	1.0	1.0	1.0	1.0
0.6877570287951869	0.9016378895845957	0.26425439761468256	0.7009493799104832	0.8219102777366735	0.33077090128322195	0.6965146369557413	0.8429530859506962	0.32198898331093784	1.0	1.0	1.0	1.0	1.0	1.0	1.0	1.0	1.0
0.6687032802831143	0.8722923495258771	0.5611513958862064	0.6958536028087924	0.8435043438422775	0.5619134445837203	0.6887556774160555	0.8585371370305657	0.5681832066377062	1.0	1.0	1.0	1.0	1.0	1.0	1.0	1.0	1.0
0.6219990592678949	0.8022409306999834	0.6199258258177167	0.6274244759796538	0.7487259935331144	0.655898702378848	0.6261023367971015	0.763798792847699	0.6559514175469783	1.0	1.0	1.0	1.0	0.0	0.0	1.0	0.0	0.0
0.7398052127176966	0.9116129384958113	0.4577365357202759	0.7949919898637825	0.8865490701474302	0.4825082831614793	0.7477119021929889	0.9008082267266193	0.4790219405731826	1.0	1.0	1.0	1.0	1.0	1.0	1.0	1.0	1.0
0.6726801887663466	0.8858029584557265	0.40502814983414387	0.684908217640044	0.8407468004528507	0.461245548550353	0.6771383645502996	0.8515376465022166	0.46157753150402864	1.0	1.0	1.0	1.0	1.0	1.0	1.0	1.0	1.0
0.685762787239911	0.7699562803463558	0.5342472469130672	0.7049686446928333	0.7219875916590802	0.5512930143370667	0.7037411517578054	0.7323892505088128	0.5516401456926276	1.0	1.0	1.0	1.0	0.0	1.0	1.0	0.0	1.0
0.656360693160971	0.8240722555466556	0.4401895512552128	0.6677301751828852	0.7635380939386339	0.48352351326686643	0.6663153921166248	0.7813435369455383	0.47832134455207315	1.0	1.0	1.0	1.0	1.0	1.0	1.0	1.0	1.0
0.5927041257137273	0.9538323242086787	0.2063003045343897	0.6179589338635869	0.8859946155539888	0.2777235262319857	0.6137321313725452	0.9113267929380499	0.2646051702874439	1.0	1.0	1.0	1.0	1.0	1.0	1.0	1.0	1.0
0.5600528451250428	0.8509874163724567	0.5401923129149991	0.5393278612837017	0.8153087501238747	0.5231198955958136	0.5457640283541922	0.8307009240075658	0.5261300072888575	1.0	1.0	1.0	0.0	1.0	1.0	0.0	1.0	1.0
0.670185483813336	0.9257519978605475	0.3777982847574277	0.6765634075309451	0.9075433404351579	0.3756101312392095	0.6682546653964512	0.9245530986739476	0.3637396956166956	1.0	1.0	1.0	1.0	1.0	1.0	1.0	1.0	1.0
0.6557529171829147	0.9094263916695738	0.3090847067991582	0.6723002394993439	0.8503064612240371	0.33062479580229437	0.6623021432221803	0.8808585667112558	0.31632835621988187	1.0	1.0	1.0	1.0	1.0	1.0	1.0	1.0	1.0
0.6986992201878046	0.8673881189787213	0.37524104975121236	0.7156231567535841	0.8227495554445478	0.39473650288950396	0.7127603621216008	0.8388985970549869	0.3910071338801982	1.0	1.0	1.0	1.0	1.0	1.0	1.0	1.0	1.0
0.6966569583329634	0.9796091409592601	0.18415512412622603	0.7537895442403286	0.9433161394854918	0.24183262037958525	0.7269618245243021	0.9652795889240536	0.22794028136012695	1.0	1.0	1.0	1.0	1.0	1.0	1.0	1.0	1.0
0.658044820614874	0.893487347890872	0.4544216799915078	0.7180125330970263	0.8725596154313687	0.45569022180498414	0.671329804316528	0.8840768995650152	0.4550267841065918	1.0	1.0	1.0	1.0	1.0	1.0	1.0	1.0	1.0
0.6614065789429592	0.954827329509497	0.26592266086928046	0.8306550482195227	0.9441870542741435	0.27917418852963427	0.711882476485828	0.9610457936929575	0.25816901913184154	1.0	1.0	1.0	1.0	1.0	1.0	1.0	1.0	1.0
