0.7110888785001849	0.9586877815155667	0.28540977208586105	1.0	1.0	1.0	1.0	1.0	1.0	1.0	1.0	1.0
0.6501180888009161	0.890686914021358	0.47394776572325814	1.0	1.0	1.0	1.0	1.0	1.0	1.0	1.0	1.0
0.673388033297037	0.6348091606494831	0.5738788232820287	1.0	1.0	1.0	1.0	0.0	1.0	1.0	0.0	1.0
0.6990732686824819	0.936732451504679	0.3071437027809224	1.0	1.0	1.0	1.0	1.0	1.0	1.0	1.0	1.0
0.6760414575944655	0.8606824086516514	0.5398925820308789	1.0	1.0	1.0	1.0	1.0	1.0	1.0	1.0	0.0
0.6899546161355813	0.873084557918361	0.4253828769904656	1.0	1.0	1.0	1.0	1.0	1.0	1.0	1.0	1.0
0.6260252254715934	0.848406650148628	0.45302591810543014	1.0	1.0	1.0	1.0	1.0	1.0	1.0	1.0	1.0
0.6142937666396207	0.9585289873640866	0.28768785874300973	1.0	1.0	1.0	1.0	1.0	1.0	1.0	1.0	1.0
0.6778842250442101	0.9608967263101678	0.16930775015870653	1.0	1.0	1.0	1.0	1.0	1.0	1.0	1.0	1.0
0.8328735552684587	0.901339937999228	0.41878348802206816	1.0	1.0	1.0	1.0	1.0	1.0	1.0	1.0	1.0
0.8037332013128984	0.9265106753664609	0.2727294869907359	1.0	1.0	1.0	1.0	1.0	1.0	1.0	1.0	1.0
0.6780496558828162	0.8368997536057263	0.6127197519915115	1.0	1.0	1.0	1.0	1.0	0.0	1.0	1.0	0.0
0.7161715107119397	0.8718538517703411	0.3741910740626802	1.0	1.0	1.0	1.0	1.0	1.0	1.0	1.0	1.0
0.7622679927003002	0.7820213950837032	0.41579245181037866	1.0	1.0	1.0	1.0	1.0	1.0	1.0	1.0	1.0
0.7269262058435356	0.9776206440485563	0.1676743157017889	1.0	1.0	1.0	1.0	1.0	1.0	1.0	1.0	1.0
0.6735759699604817	0.8927794394940022	0.38944484594539613	1.0	1.0	1.0	1.0	1.0	1.0	1.0	1.0	1.0
0.6559544534532284	0.8959105665955904	0.4225945886909972	1.0	1.0	1.0	1.0	1.0	1.0	1.0	1.0	1.0
0.6642930348758185	0.9598694693444623	0.27663815420408167	1.0	1.0	1.0	1.0	1.0	1.0	1.0	1.0	1.0
0.6846181729529656	0.8630972960018188	0.4829859914953245	1.0	1.0	1.0	1.0	1.0	1.0	1.0	1.0	1.0
0.7113392903930096	0.7003166669330902	0.664954330486587	1.0	1.0	0.0	1.0	0.0	0.0	1.0	0.0	0.0
0.6591192626295623	0.9129363881972842	0.37088435736661274	1.0	1.0	1.0	1.0	1.0	1.0	1.0	1.0	1.0
0.8063321523746224	0.92679622210131	0.326404880760975	1.0	1.0	1.0	1.0	1.0	1.0	1.0	1.0	1.0
0.598635724856394	0.9146873285171548	0.3022685583206672	1.0	1.0	1.0	0.0	1.0	1.0	0.0	1.0	1.0
0.6909610753144434	0.7977051804111409	0.49241223670078305	1.0	1.0	1.0	1.0	1.0	1.0	1.0	1.0	1.0
0.6762704774735685	0.9242667380679981	0.36517477122626796	1.0	1.0	1.0	1.0	1.0	1.0	1.0	1.0	1.0
0.6744043343497594	0.9036131510152047	0.5644565703691019	1.0	1.0	1.0	1.0	1.0	0.0	1.0	1.0	0.0
0.7165924020457386	0.8980191495552898	0.39592579098315395	1.0	1.0	1.0	1.0	1.0	1.0	1.0	1.0	1.0
0.6608984171189142	0.7043292805026329	0.5538909368737722	1.0	1.0	1.0	1.0	1.0	1.0	1.0	0.0	0.0
0.669445284452884	0.9787059099944497	0.3121302172450896	1.0	1.0	1.0	1.0	1.0	1.0	1.0	0.0	1.0
0.6613324040121157	0.6062260275740364	0.7489798375614124	1.0	0.0	0.0	1.0	0.0	0.0	1.0	0.0	0.0
0.6157121880583092	0.9857312530773785	0.21061020966054972	1.0	1.0	1.0	1.0	1.0	1.0	1.0	0.0	1.0
0.7010995707814266	0.7880032522494755	0.49410724579825327	1.0	1.0	1.0	1.0	1.0	1.0	1.0	1.0	1.0
0.7778584671790795	0.9426240971885468	0.24172478154090937	1.0	1.0	1.0	1.0	1.0	1.0	1.0	1.0	1.0
0.7182788039013821	0.9813552151058414	0.3040426238636908	1.0	1.0	1.0	1.0	1.0	1.0	1.0	1.0	1.0
0.7946515662748952	0.8718683756478584	0.43543485400528736	1.0	1.0	1.0	1.0	1.0	1.0	1.0	1.0	1.0
0.7858343303753237	0.9770717468847361	0.19773771292311726	1.0	1.0	1.0	1.0	1.0	1.0	1.0	1.0	1.0
0.6139751144218235	0.8441611689493517	0.4835553034910603	1.0	1.0	1.0	1.0	1.0	1.0	1.0	1.0	0.0
0.6413740563768637	0.8324155110936587	0.5742242895138389	1.0	1.0	1.0	1.0	1.0	1.0	1.0	1.0	1.0
0.6554842635610165	0.9316888419423605	0.261118736265287	1.0	1.0	1.0	1.0	1.0	1.0	1.0	1.0	1.0
0.6209076513552114	0.9803196698722061	0.26826114151387476	1.0	1.0	1.0	1.0	1.0	1.0	1.0	1.0	1.0
0.5905276669730913	0.8980097795705269	0.33028641786537327	1.0	1.0	1.0	0.0	1.0	1.0	0.0	1.0	1.0
0.7474943869464931	0.9403286958037904	0.16097235831785017	1.0	1.0	1.0	1.0	1.0	1.0	1.0	1.0	1.0
0.7428336423283657	0.8606601243440053	0.4713990466099262	1.0	1.0	1.0	1.0	1.0	1.0	1.0	1.0	1.0
0.6618789426336213	0.9020202724547604	0.3409140934455665	1.0	1.0	1.0	1.0	1.0	1.0	1.0	1.0	1.0
0.6524770927143754	0.9209612839542237	0.36728013070669235	1.0	1.0	1.0	1.0	1.0	1.0	1.0	1.0	1.0
0.6957179945384598	0.8564616717243534	0.3375584789476765	1.0	1.0	1.0	1.0	1.0	1.0	1.0	1.0	1.0
0.6922062150406294	0.985574517765704	0.16847130250706494	1.0	1.0	1.0	1.0	1.0	1.0	1.0	1.0	1.0
0.6211627085351472	0.8888734501967358	0.46448672447942707	1.0	1.0	1.0	1.0	1.0	1.0	1.0	1.0	1.0
0.6429851302371592	0.882101083551731	0.4254650363375512	1.0	1.0	1.0	1.0	1.0	1.0	1.0	1.0	1.0
0.7005254749932941	0.7976140246650666	0.48643386146696765	1.0	1.0	1.0	1.0	1.0	1.0	1.0	1.0	1.0
0.7937741381386941	0.8949440374989965	0.42708073955176906	1.0	1.0	1.0	1.0	1.0	1.0	1.0	1.0	1.0
0.7103922962265975	0.9193133987836852	0.3688872191829151	1.0	1.0	1.0	1.0	1.0	1.0	1.0	1.0	1.0
0.6935535224049325	0.8552318879564293	0.5224526667285192	1.0	1.0	1.0	1.0	1.0	1.0	1.0	1.0	1.0
0.6629492893395812	0.8863033631557908	0.33308892396589274	1.0	1.0	1.0	1.0	1.0	1.0	1.0	1.0	1.0
0.5942561300080773	0.8815146779580157	0.26068592621571096	1.0	1.0	1.0	0.0	1.0	1.0	0.0	1.0	1.0
0.6006500154410053	0.907151015991881	0.40337709300664765	1.0	1.0	1.0	1.0	1.0	1.0	0.0	1.0	1.0
0.597920122576701	0.8508213833170966	0.4824124971467797	1.0	1.0	1.0	1.0	1.0	1.0	1.0	1.0	0.0
0.7566707298713157	0.8058254341179852	0.38186759639717177	1.0	1.0	1.0	1.0	1.0	1.0	0.0	1.0	1.0
0.6680107165744334	0.8481270634078368	0.3985891780878864	1.0	1.0	1.0	1.0	1.0	1.0	1.0	1.0	1.0
0.6845257186015318	0.8614253117656281	0.43853890757899383	1.0	1.0	1.0	1.0	1.0	1.0	1.0	1.0	1.0
0.7278626855322788	0.7637447723825631	0.4474004054730978	1.0	1.0	1.0	1.0	0.0	1.0	1.0	0.0	1.0
0.7090347777454261	0.9207390093902632	0.3077331649224421	1.0	1.0	1.0	1.0	1.0	1.0	1.0	1.0	1.0
0.6787082155649604	0.9813622231087684	0.20417901995800108	1.0	1.0	1.0	1.0	1.0	1.0	1.0	1.0	1.0
0.5485631733972695	0.9166317256728712	0.2708984873442051	0.0	1.0	1.0	0.0	1.0	1.0	0.0	1.0	1.0
0.7594923497761371	0.9780095027060486	0.1702696991657212	1.0	1.0	1.0	1.0	1.0	1.0	1.0	1.0	1.0
0.7083093142069556	0.9024795431108473	0.4187682158999594	1.0	1.0	1.0	1.0	1.0	1.0	1.0	1.0	1.0
0.6770988834428822	0.8434857376480216	0.5467088804697282	1.0	1.0	1.0	1.0	1.0	0.0	1.0	1.0	0.0
0.5739758899309926	0.9752468995584742	0.2723056579251305	1.0	1.0	1.0	1.0	1.0	1.0	1.0	1.0	1.0
0.7219064467797762	0.9360204942993642	0.35867413050078045	1.0	1.0	1.0	1.0	1.0	1.0	1.0	1.0	1.0
0.6654467931716184	0.9726021146611202	0.21975385038623205	1.0	1.0	1.0	1.0	1.0	1.0	1.0	1.0	1.0
0.6842163437706238	0.951461559749494	0.3229177855582588	1.0	1.0	1.0	1.0	1.0	1.0	1.0	1.0	1.0
0.5969604125057393	0.8684603271146363	0.5484136724039915	1.0	1.0	1.0	1.0	1.0	1.0	1.0	1.0	0.0
0.6826049312721109	0.9488665447574208	0.3020867518062777	1.0	1.0	1.0	1.0	1.0	1.0	1.0	1.0	1.0
0.7301889739916775	0.89185939595286	0.3910592979564241	1.0	1.0	1.0	1.0	1.0	1.0	1.0	1.0	1.0
0.6303825099090696	0.7786028249829746	0.4136023291710308	1.0	1.0	1.0	1.0	1.0	1.0	1.0	1.0	1.0
0.6529330596364746	0.8680724511225135	0.33321334149896975	1.0	1.0	1.0	1.0	1.0	1.0	1.0	1.0	1.0
0.6578147795709149	0.8896502432981879	0.3722878170621063	1.0	1.0	1.0	1.0	1.0	1.0	1.0	1.0	1.0
0.8078797632282425	0.9096950572711268	0.4330249857462221	1.0	1.0	1.0	1.0	1.0	1.0	1.0	1.0	1.0
0.6550415714326857	0.9068132746215082	0.42603553855118925	1.0	1.0	1.0	1.0	1.0	1.0	1.0	1.0	1.0
0.6881794754046203	0.8534817664279569	0.4984405292040449	1.0	1.0	1.0	1.0	1.0	1.0	1.0	1.0	1.0
0.6728538004353303	0.9205751598387326	0.3816320951967491	1.0	1.0	1.0	1.0	1.0	1.0	1.0	1.0	1.0
0.659429239567969	0.8401413312537492	0.6463250816917072	1.0	1.0	1.0	1.0	1.0	1.0	1.0	1.0	0.0
0.6104975202952538	0.9177195428205881	0.3385881035470244	1.0	1.0	1.0	1.0	1.0	1.0	1.0	1.0	1.0
0.6782637619822223	0.9009610187533034	0.3786957082640595	1.0	1.0	1.0	1.0	1.0	1.0	1.0	1.0	1.0
0.641760446199654	0.9430094693281869	0.27737254832578856	1.0	1.0	1.0	1.0	1.0	1.0	1.0	1.0	1.0
0.6878167586774254	0.989476026865647	0.12164630466796954	1.0	1.0	1.0	1.0	1.0	1.0	1.0	1.0	1.0
0.6940853344639764	0.9662900671343038	0.1703596119106828	1.0	1.0	1.0	1.0	1.0	1.0	1.0	1.0	1.0
0.6500573306652354	0.8525012283333362	0.5205524930247112	1.0	1.0	1.0	1.0	1.0	1.0	1.0	1.0	1.0
0.6156599045887328	0.9758833341021449	0.28675423158824326	1.0	1.0	1.0	1.0	1.0	1.0	1.0	1.0	1.0
0.6929151599023896	0.8909207438389937	0.40627886498157695	1.0	1.0	1.0	1.0	1.0	1.0	1.0	1.0	1.0
0.6871830984910255	0.9550867847291661	0.21384130671026597	1.0	1.0	1.0	1.0	1.0	1.0	1.0	1.0	1.0
0.6576106092835987	0.9022638141331729	0.4725537135159739	1.0	1.0	1.0	1.0	1.0	1.0	1.0	1.0	1.0
0.7325520816427785	0.8650044942464874	0.44975637006707886	1.0	1.0	1.0	1.0	1.0	1.0	1.0	1.0	1.0
0.6616957158778467	0.6159169700187914	0.6915295876219715	1.0	1.0	1.0	1.0	0.0	0.0	1.0	0.0	0.0
0.7119940597357443	0.9776873327031379	0.15637269378704285	1.0	1.0	1.0	1.0	1.0	1.0	1.0	1.0	1.0
0.7126657421946445	0.9413227834365341	0.2954358729744054	1.0	1.0	1.0	1.0	1.0	1.0	1.0	1.0	1.0
0.6678131779230535	0.9193385668659468	0.402642639475642	1.0	1.0	1.0	1.0	1.0	1.0	1.0	1.0	1.0
0.807618980130485	0.9156226207662368	0.3366289694203455	1.0	1.0	1.0	1.0	1.0	1.0	1.0	1.0	1.0
0.6121080291757769	0.9941255432478895	0.14869683243855925	1.0	1.0	1.0	1.0	1.0	1.0	1.0	1.0	1.0
0.8311452621893008	0.9745257392509461	0.18924838061392646	1.0	1.0	1.0	1.0	1.0	1.0	1.0	1.0	1.0
0.8693820767888857	0.9952448231638918	0.17919116062497747	1.0	1.0	1.0	1.0	1.0	1.0	1.0	1.0	1.0
0.7758259278172461	0.9167326723406747	0.3730898041063469	1.0	1.0	1.0	1.0	1.0	1.0	1.0	1.0	1.0
0.7688343273257849	0.8169974397302957	0.41361919537930236	1.0	1.0	1.0	1.0	1.0	1.0	1.0	1.0	1.0
0.6395068947393279	0.9962107126031831	0.1253402930204971	1.0	1.0	1.0	1.0	1.0	1.0	1.0	1.0	1.0
0.5506567854885472	0.9154675442304538	0.388012154145498	1.0	1.0	1.0	1.0	1.0	1.0	1.0	1.0	1.0
0.7255114707056188	0.893842574296278	0.4048247576837461	1.0	1.0	1.0	1.0	1.0	1.0	1.0	1.0	1.0
0.7495055165801853	0.9232630477598834	0.3465952077775656	1.0	1.0	1.0	1.0	1.0	1.0	1.0	1.0	1.0
1.333189435296787	0.9957250264501067	0.3316379852626844	1.0	1.0	1.0	1.0	1.0	1.0	1.0	1.0	1.0
0.7305778084636161	0.9857339565526796	0.26345908434545967	1.0	1.0	1.0	1.0	1.0	1.0	1.0	1.0	1.0
0.6001223918825977	0.9391753287650035	0.32441829396211225	1.0	1.0	1.0	1.0	1.0	1.0	1.0	1.0	1.0
0.672384023260697	0.9279935618013202	0.2947415935250392	1.0	1.0	1.0	1.0	1.0	1.0	1.0	1.0	1.0
0.6941168048860774	0.9353552478710409	0.2911403967932568	1.0	1.0	1.0	1.0	1.0	1.0	1.0	1.0	1.0
0.6500812487906579	0.9071394426755419	0.3543526369049154	1.0	1.0	1.0	1.0	1.0	1.0	1.0	1.0	1.0
0.8116860693301111	0.9672297538652717	0.3120276304639918	1.0	1.0	1.0	1.0	1.0	1.0	1.0	1.0	1.0
0.64169416022424	0.9283648919037029	0.3732127068987637	1.0	1.0	1.0	1.0	1.0	1.0	1.0	1.0	1.0
0.6795183645334552	0.974673770645126	0.18051642270232207	1.0	1.0	1.0	1.0	1.0	1.0	1.0	1.0	1.0
0.7029857017809427	0.9330968328138892	0.3608672947185209	1.0	1.0	1.0	1.0	1.0	1.0	1.0	1.0	1.0
0.6499853591700617	0.9030905162937859	0.3782611480127587	1.0	1.0	1.0	1.0	1.0	1.0	1.0	1.0	1.0
0.6947595046220304	0.9491994892569764	0.38843521628502276	1.0	1.0	1.0	1.0	1.0	1.0	1.0	1.0	1.0
0.8337380171941319	0.8710833494912913	0.4463628545347432	1.0	1.0	1.0	1.0	1.0	1.0	1.0	1.0	1.0
0.661279531061494	0.8955480698452505	0.4278471181513963	1.0	1.0	1.0	1.0	1.0	1.0	1.0	1.0	1.0
0.6997465975615746	0.8821269269491823	0.3958878827115388	1.0	1.0	1.0	1.0	1.0	1.0	1.0	1.0	1.0
0.578280449622419	0.9928946988076102	0.13741445117979287	1.0	1.0	1.0	1.0	1.0	1.0	1.0	1.0	1.0
0.7236046885374204	0.7325787985898561	0.5165001858553314	1.0	1.0	1.0	1.0	1.0	1.0	1.0	1.0	1.0
0.6475953681859323	0.9171122824574011	0.31815993951667426	1.0	1.0	1.0	1.0	1.0	1.0	1.0	1.0	1.0
0.6018910261089567	0.932599974799122	0.3089188422375174	1.0	1.0	1.0	1.0	1.0	1.0	0.0	1.0	1.0
0.6663538393259164	0.8939742578053009	0.39001165940861404	1.0	1.0	1.0	1.0	1.0	1.0	1.0	1.0	1.0
0.5973948260563097	0.9587637365231867	0.28645732022707915	1.0	1.0	1.0	1.0	1.0	1.0	1.0	1.0	1.0
0.5502853811716069	0.991624847348276	0.1654646749543226	1.0	1.0	1.0	1.0	1.0	1.0	1.0	1.0	1.0
0.6305753890828744	0.9052469389237794	0.3936236628695824	1.0	1.0	1.0	1.0	1.0	1.0	1.0	1.0	1.0
0.7537843404220689	0.8635974337083527	0.42659602634998206	1.0	1.0	1.0	1.0	1.0	1.0	1.0	1.0	1.0
0.6785463334168493	0.8649047121444636	0.4868377751362751	1.0	1.0	1.0	1.0	1.0	1.0	1.0	1.0	1.0
0.7691133576754521	0.9472158823565499	0.24043733687350152	1.0	1.0	1.0	1.0	1.0	1.0	1.0	1.0	1.0
0.5895946039796132	0.9729098086826086	0.19724576709583466	1.0	1.0	1.0	1.0	1.0	1.0	1.0	1.0	1.0
0.703824098139757	0.6761828949498816	0.522219493283098	1.0	1.0	1.0	1.0	1.0	1.0	1.0	1.0	1.0
0.6013577348523258	0.8398631354753332	0.5195233554388657	1.0	1.0	1.0	0.0	1.0	1.0	0.0	1.0	1.0
0.595630218185787	0.9702578135533283	0.26882814602264743	1.0	1.0	1.0	1.0	1.0	1.0	1.0	1.0	1.0
0.6527250607712074	0.9058382729484967	0.45808377244808374	1.0	1.0	1.0	1.0	1.0	1.0	1.0	1.0	1.0
0.5865758572037044	0.6909568066786618	0.6172996965127283	0.0	1.0	1.0	0.0	0.0	0.0	0.0	0.0	0.0
0.6386544151953826	0.9427363153509537	0.3778911637141376	1.0	1.0	1.0	1.0	1.0	1.0	1.0	1.0	1.0
0.7209535820689937	0.9636631331593063	0.2297529432446493	1.0	1.0	1.0	1.0	1.0	1.0	1.0	1.0	1.0
0.7708200393037065	0.8931190829014534	0.25170475078896154	1.0	1.0	1.0	1.0	1.0	1.0	1.0	1.0	1.0
0.6176054164236734	0.7937073178409867	0.440834241810795	1.0	1.0	1.0	1.0	1.0	1.0	1.0	1.0	1.0
0.6855241646071829	0.7287220833010826	0.5243601488458256	1.0	1.0	1.0	1.0	1.0	1.0	1.0	0.0	1.0
0.630454007047171	0.9580282945710558	0.2252255050536428	1.0	1.0	1.0	1.0	1.0	1.0	1.0	1.0	1.0
0.7204745550940821	0.9662523201504729	0.29138618694504614	1.0	1.0	1.0	1.0	1.0	1.0	1.0	1.0	1.0
0.7394386692698582	0.6626637287035376	0.5785142244785889	1.0	1.0	1.0	1.0	1.0	1.0	1.0	1.0	1.0
0.6820808903657019	0.8513590088871207	0.42389924263011863	1.0	1.0	1.0	1.0	1.0	1.0	1.0	1.0	1.0
0.8092298520313586	0.9141971480919042	0.4067320068190143	1.0	1.0	1.0	1.0	1.0	1.0	1.0	1.0	1.0
0.6150148085752283	0.8311958791017731	0.5191266271254383	1.0	1.0	1.0	1.0	1.0	1.0	1.0	1.0	1.0
0.6916519690194127	0.9261936871154496	0.3991530795056576	1.0	1.0	1.0	1.0	1.0	1.0	1.0	1.0	1.0
0.6572102701931645	0.8973649950908174	0.35677551289485127	1.0	1.0	1.0	1.0	1.0	1.0	1.0	1.0	1.0
0.8439708665427479	0.9505536257692999	0.194699517536403	1.0	1.0	1.0	1.0	1.0	1.0	1.0	1.0	1.0
0.7755832403760481	0.9489474415996986	0.2891257830381045	1.0	1.0	1.0	1.0	1.0	1.0	1.0	1.0	1.0
0.7310232389644047	0.8953786064084004	0.45798160334636495	1.0	1.0	1.0	1.0	1.0	1.0	1.0	1.0	1.0
0.6606875788475516	0.9483487618675797	0.26782305290951647	1.0	1.0	1.0	1.0	1.0	1.0	1.0	1.0	1.0
0.7291423899704792	0.8554367749443662	0.46246317730212366	1.0	1.0	1.0	1.0	1.0	1.0	1.0	1.0	1.0
0.7064248507843447	0.9406826114986536	0.24245614114085634	1.0	1.0	1.0	1.0	1.0	1.0	1.0	1.0	1.0
0.7005062042163608	0.9473646793284671	0.2699268826899812	1.0	1.0	1.0	1.0	1.0	1.0	1.0	1.0	1.0
0.7288431282844368	0.9477580097566287	0.40876657962879026	1.0	1.0	1.0	1.0	1.0	1.0	1.0	1.0	1.0
0.8274131644425372	0.8837036170892313	0.4166305482902408	1.0	1.0	1.0	1.0	1.0	1.0	1.0	1.0	1.0
0.6480898761520856	0.6874971191068374	0.5719620516593135	1.0	1.0	1.0	1.0	0.0	1.0	1.0	0.0	0.0
0.6466192515708918	0.9355899453493961	0.3739193532833565	1.0	1.0	1.0	1.0	1.0	1.0	1.0	1.0	1.0
0.6296132357243723	0.8762791739908614	0.4222306421579458	1.0	1.0	1.0	1.0	1.0	1.0	1.0	1.0	1.0
0.6829365950161442	0.9345468898212275	0.29576416711726716	1.0	1.0	1.0	1.0	1.0	1.0	1.0	1.0	1.0
0.6370860627350614	0.9425296373731509	0.2745060028923368	1.0	1.0	1.0	1.0	1.0	1.0	1.0	1.0	1.0
0.6241468548854078	0.8832072556801585	0.6143388785181244	1.0	1.0	1.0	1.0	1.0	0.0	1.0	1.0	0.0
0.6341155767130895	0.947930026049691	0.36491857504837816	1.0	1.0	1.0	1.0	1.0	1.0	1.0	1.0	1.0
0.8172612191686467	0.7778190668721279	0.527099498911273	1.0	1.0	1.0	0.0	1.0	1.0	0.0	1.0	1.0
0.63344071560191	0.8850133388593246	0.44440241402638075	1.0	1.0	1.0	1.0	1.0	1.0	1.0	1.0	1.0
0.613266957470416	0.9124196112876277	0.3992680578912434	1.0	1.0	1.0	1.0	1.0	1.0	1.0	1.0	1.0
0.5315186386173774	0.9276211417565426	0.4215269993442662	1.0	1.0	1.0	1.0	1.0	1.0	1.0	1.0	1.0
0.6147071241892758	0.9349096283748339	0.4172756101599773	1.0	1.0	1.0	1.0	1.0	1.0	1.0	1.0	1.0
0.7448230395319915	0.8962000637041813	0.4377798064162445	1.0	1.0	1.0	1.0	1.0	1.0	1.0	1.0	1.0
0.7935567247611857	0.954513007635855	0.3162811504400798	1.0	1.0	1.0	1.0	1.0	1.0	1.0	1.0	1.0
0.7053667898446837	0.8801782746059409	0.4149417556754822	1.0	1.0	1.0	1.0	1.0	1.0	1.0	1.0	1.0
0.6518325318699748	0.8958587752432351	0.41303153250295593	1.0	1.0	1.0	1.0	1.0	1.0	1.0	1.0	1.0
0.5505414771663703	0.9923787553579144	0.1527064453827261	1.0	1.0	1.0	1.0	1.0	1.0	1.0	1.0	1.0
0.8391535495556477	0.9068229803690558	0.3461323819720252	1.0	1.0	1.0	1.0	1.0	1.0	1.0	1.0	1.0
0.7270815596179482	0.9061600330798325	0.33176945202462926	1.0	1.0	1.0	1.0	1.0	1.0	1.0	1.0	1.0
0.6864054020563205	0.8904443286374193	0.3799758030120082	1.0	1.0	1.0	1.0	1.0	1.0	1.0	1.0	1.0
0.8097265984669176	0.9309992081111235	0.3142091197401122	1.0	1.0	1.0	1.0	1.0	1.0	1.0	1.0	1.0
0.724172807802033	0.8893087054814156	0.3191799473363825	1.0	1.0	1.0	1.0	1.0	1.0	1.0	1.0	1.0
0.7320532667062473	0.8640066176421414	0.4736445744376021	1.0	1.0	1.0	1.0	1.0	1.0	1.0	1.0	1.0
0.7524973578778901	0.8058842396442498	0.46010109303010094	1.0	1.0	1.0	1.0	1.0	1.0	1.0	1.0	1.0
0.6108801490264283	0.8555120820449201	0.4237844791821904	1.0	1.0	1.0	0.0	1.0	1.0	0.0	1.0	1.0
0.7758745146955982	0.8170627215076884	0.5892499936590438	1.0	1.0	1.0	1.0	1.0	0.0	1.0	1.0	0.0
0.6751438595912902	0.8855577036470778	0.4337217763962141	1.0	1.0	1.0	1.0	1.0	1.0	1.0	1.0	1.0
0.727380382165395	0.9585633602125139	0.19725920801573626	1.0	1.0	1.0	1.0	1.0	1.0	1.0	1.0	1.0
0.649090808784847	0.9128836443284476	0.44971110066686887	1.0	1.0	1.0	1.0	1.0	1.0	1.0	1.0	1.0
0.7011396374265035	0.8542173157567736	0.5073052777004047	1.0	1.0	1.0	1.0	1.0	1.0	1.0	1.0	0.0
0.6772367624573575	0.9034442677111303	0.44422406428213246	1.0	1.0	1.0	1.0	1.0	1.0	1.0	1.0	1.0
0.6253929873742401	0.9476792849264031	0.3841730190459764	1.0	1.0	1.0	1.0	1.0	1.0	1.0	1.0	1.0
0.6857867403003581	0.8643201389119322	0.5455126570871067	1.0	1.0	1.0	1.0	1.0	1.0	1.0	1.0	1.0
0.6477548773610836	0.9639505337094256	0.238594396278866	1.0	1.0	1.0	1.0	1.0	1.0	1.0	1.0	1.0
0.6855650264115598	0.9633243370793605	0.2847058323270859	1.0	1.0	1.0	1.0	1.0	1.0	1.0	1.0	1.0
0.6191466570411047	0.8999430490178177	0.47645450679149753	1.0	1.0	1.0	1.0	1.0	1.0	1.0	1.0	1.0
0.7097300570900241	0.9489252109194984	0.2926810187814051	1.0	1.0	1.0	1.0	1.0	1.0	1.0	1.0	1.0
0.5701362186243388	0.6752220105401309	0.5966672296671456	0.0	0.0	1.0	0.0	0.0	0.0	0.0	0.0	0.0
0.6432688099709809	0.9156484815321797	0.3810640220951579	1.0	1.0	1.0	1.0	1.0	1.0	1.0	1.0	1.0
0.7589202936580168	0.9408183342915071	0.27739222959449955	1.0	1.0	1.0	1.0	1.0	1.0	1.0	1.0	1.0
0.7007140275453981	0.9371470334457068	0.2804824753742277	1.0	1.0	1.0	1.0	1.0	1.0	1.0	1.0	1.0
0.5910548851183495	0.7625104959670514	0.5093301227396169	0.0	1.0	1.0	0.0	1.0	1.0	0.0	0.0	0.0
0.6445221926130777	0.7375594356683766	0.6100380918695321	1.0	1.0	1.0	1.0	1.0	0.0	1.0	0.0	0.0
0.782939884715607	0.9439053268180119	0.391698857152247	1.0	1.0	1.0	1.0	1.0	1.0	1.0	1.0	1.0
0.7177606275363447	0.8837703968019051	0.4031114387820815	1.0	1.0	1.0	1.0	1.0	1.0	1.0	1.0	1.0
0.7827145678726036	0.804014191612609	0.4875358968259144	1.0	1.0	1.0	1.0	1.0	1.0	1.0	1.0	0.0
0.7504494178691465	0.9914182854403827	0.12828384091250608	1.0	1.0	1.0	1.0	1.0	1.0	1.0	1.0	1.0
0.7181967469002086	0.8788831461381256	0.46269189636004837	1.0	1.0	1.0	1.0	1.0	1.0	1.0	1.0	1.0
0.6280735085777097	0.48984626884847327	0.6228609698135724	1.0	0.0	1.0	1.0	0.0	1.0	1.0	0.0	1.0
0.8232545270604917	0.8370471868505128	0.41238085558132564	1.0	1.0	1.0	1.0	1.0	1.0	0.0	1.0	1.0
0.787483161173238	0.850384635302267	0.45364065535420883	1.0	1.0	1.0	1.0	1.0	1.0	1.0	1.0	1.0
0.7289077411837486	0.903810224277682	0.4459781730787292	1.0	1.0	1.0	1.0	1.0	1.0	1.0	1.0	1.0
0.7551754096324145	0.9419537966966537	0.33498291938600755	1.0	1.0	1.0	1.0	1.0	1.0	1.0	1.0	1.0
0.5867612950579365	0.926211950865501	0.35933147767251905	1.0	1.0	1.0	1.0	1.0	1.0	1.0	1.0	1.0
0.6197663218078948	0.9050214212754188	0.4278894083800711	1.0	1.0	1.0	1.0	1.0	1.0	1.0	1.0	1.0
0.6890845588156946	0.9258647909676287	0.3736513498490633	1.0	1.0	1.0	1.0	1.0	1.0	1.0	1.0	1.0
0.6710782444317483	0.8948932310788055	0.42731126472719716	1.0	1.0	1.0	1.0	1.0	1.0	1.0	1.0	1.0
0.5862678702374862	0.9819627586754323	0.1688793012434953	1.0	1.0	1.0	1.0	1.0	1.0	1.0	1.0	1.0
0.6365034080106451	0.9191020066294575	0.3859336183372098	1.0	1.0	1.0	1.0	1.0	1.0	1.0	1.0	1.0
0.619999091610688	0.7075347776630866	0.7567963079386438	1.0	1.0	0.0	1.0	1.0	0.0	0.0	1.0	0.0
0.6477983419723378	0.8336503337939463	0.43562292898933097	1.0	1.0	1.0	1.0	1.0	1.0	1.0	1.0	1.0
0.7060265325779795	0.932738880220622	0.35214629809117354	1.0	1.0	1.0	1.0	1.0	1.0	1.0	1.0	1.0
0.6113420150781746	0.8609406616856449	0.5607921667915405	1.0	1.0	1.0	1.0	1.0	1.0	1.0	1.0	1.0
0.6400563806102362	0.9248242429907779	0.4150647653649338	1.0	1.0	1.0	1.0	1.0	1.0	1.0	1.0	1.0
0.7863753966461222	0.9156989561910343	0.3486763154822078	1.0	1.0	1.0	1.0	1.0	1.0	1.0	1.0	1.0
0.5861688277541491	0.973483259376276	0.23920630891333577	1.0	1.0	1.0	1.0	1.0	1.0	1.0	1.0	1.0
0.6415440298882727	0.8488466786013986	0.4567718058244902	1.0	1.0	1.0	1.0	1.0	1.0	1.0	1.0	1.0
0.6987934231155573	0.8792489218184706	0.45522134037250517	1.0	1.0	1.0	1.0	1.0	1.0	1.0	1.0	1.0
0.7216741270195588	0.9214162397799843	0.36544372823609345	1.0	1.0	1.0	1.0	1.0	1.0	1.0	1.0	1.0
0.7488369342949364	0.9281873901607749	0.3281646712455638	1.0	1.0	1.0	1.0	1.0	1.0	1.0	1.0	1.0
0.7178736231193061	0.9093183830901929	0.36110170243857065	1.0	1.0	1.0	1.0	1.0	1.0	1.0	1.0	1.0
0.7715361633450594	0.8898986725448422	0.3567127035341717	1.0	1.0	1.0	1.0	1.0	1.0	1.0	1.0	1.0
0.5971494813331968	0.9326894845535255	0.31677260545054414	1.0	1.0	1.0	1.0	1.0	1.0	0.0	1.0	1.0
0.5299168269926778	0.9975995476133647	0.13719267019813872	1.0	1.0	1.0	1.0	1.0	1.0	1.0	1.0	1.0
0.6857344122473681	0.864380701918734	0.30797962276970486	1.0	1.0	1.0	1.0	1.0	1.0	1.0	1.0	1.0
0.7207335938661745	0.9185873530854209	0.39772152589362664	1.0	1.0	1.0	1.0	1.0	1.0	1.0	1.0	1.0
0.6627991019270453	0.9134341788369078	0.40949322156807355	1.0	1.0	1.0	1.0	1.0	1.0	1.0	1.0	1.0
0.6416039047440807	0.9551625716859142	0.3223798393359995	1.0	1.0	1.0	1.0	1.0	1.0	1.0	1.0	1.0
0.7793362427286282	0.8572261904572412	0.2629803076491297	1.0	1.0	1.0	1.0	1.0	1.0	0.0	1.0	1.0
0.6894451452863043	0.9402345042907945	0.29484997242253613	1.0	1.0	1.0	1.0	1.0	1.0	1.0	1.0	1.0
0.6619484980461776	0.9123472070445859	0.3492932072997843	1.0	1.0	1.0	1.0	1.0	1.0	1.0	1.0	1.0
0.718933044868135	0.9802536808366467	0.2000055388533628	1.0	1.0	1.0	1.0	1.0	1.0	1.0	1.0	1.0
0.6166082410658673	0.9275085631355202	0.36960255385767316	1.0	1.0	1.0	1.0	1.0	1.0	1.0	1.0	1.0
0.6156136604982891	0.7137123162665817	0.6350074945595292	1.0	1.0	1.0	1.0	0.0	0.0	0.0	0.0	0.0
0.6592298849333075	0.9224626823595934	0.4109831796828356	1.0	1.0	1.0	1.0	1.0	1.0	1.0	1.0	1.0
0.6902157980095046	0.6219602358739289	0.678571096705794	1.0	1.0	1.0	1.0	0.0	0.0	1.0	0.0	0.0
0.7068485276034487	0.9332372997696954	0.2885484529201893	1.0	1.0	1.0	1.0	1.0	1.0	1.0	1.0	1.0
0.713076277009472	0.8116472540761744	0.42984081573513694	1.0	1.0	1.0	1.0	1.0	1.0	1.0	1.0	1.0
0.7200582888738437	0.8315478564618527	0.48462171901330436	1.0	1.0	1.0	1.0	1.0	1.0	1.0	1.0	1.0
0.7376418312199392	0.9251133443813212	0.3164773285035808	1.0	1.0	1.0	1.0	1.0	1.0	1.0	1.0	1.0
0.5935353307633533	0.8219138290448312	0.6048290889751079	1.0	1.0	1.0	1.0	1.0	0.0	0.0	1.0	0.0
0.6338744135712437	0.9467667047919621	0.2221702411999553	1.0	1.0	1.0	1.0	1.0	1.0	1.0	1.0	1.0
0.6393892713703041	0.9777750443622644	0.16475292312829776	1.0	1.0	1.0	1.0	1.0	1.0	1.0	1.0	1.0
0.7476104746488642	0.9421477213140874	0.32593602603483773	1.0	1.0	1.0	1.0	1.0	1.0	1.0	1.0	1.0
0.7452372419832697	0.9417569228701324	0.28733853392358694	1.0	1.0	1.0	1.0	1.0	1.0	1.0	1.0	1.0
0.7085712692281807	0.8634493201420281	0.43605105793539123	1.0	1.0	1.0	1.0	1.0	1.0	1.0	1.0	1.0
0.6327668962498552	0.7817479342401901	0.4554532295935177	1.0	1.0	1.0	1.0	0.0	1.0	1.0	0.0	1.0
0.7896027826232483	0.8927706152399276	0.4736497865925	1.0	1.0	1.0	1.0	1.0	1.0	1.0	1.0	1.0
0.6441752678090531	0.8366955731031183	0.5922085556594872	1.0	1.0	1.0	1.0	1.0	1.0	1.0	1.0	0.0
0.6882299874203817	0.9137866674286592	0.3623256057259372	1.0	1.0	1.0	1.0	1.0	1.0	1.0	1.0	1.0
0.7193736083396336	0.8218453014285981	0.3477570692766583	1.0	1.0	1.0	1.0	1.0	1.0	1.0	1.0	1.0
0.8284668214501498	0.8148603066856561	0.49004523772746267	1.0	1.0	1.0	1.0	1.0	0.0	0.0	1.0	0.0
0.7186261361386287	0.9063325338766492	0.4272035053802344	1.0	1.0	1.0	1.0	1.0	1.0	1.0	1.0	1.0
0.6998532037062205	0.9140031286994127	0.41783811860612835	1.0	1.0	1.0	1.0	1.0	1.0	1.0	1.0	1.0
0.727853076397592	0.9315254165496458	0.3490619263130764	1.0	1.0	1.0	1.0	1.0	1.0	1.0	1.0	1.0
0.7258668091395174	0.9080982335132322	0.35907914251354617	1.0	1.0	1.0	1.0	1.0	1.0	1.0	1.0	1.0
0.6909705285705633	0.9037893325442418	0.3269597147923273	1.0	1.0	1.0	1.0	1.0	1.0	1.0	1.0	1.0
0.807045252165304	0.9125142955057465	0.39907455557758864	1.0	1.0	1.0	1.0	1.0	1.0	1.0	1.0	1.0
0.6308849776533086	0.8387303646435212	0.42945354446892386	1.0	1.0	1.0	1.0	1.0	1.0	1.0	1.0	1.0
0.6781962559552877	0.9412340103712237	0.2975519218379063	1.0	1.0	1.0	1.0	1.0	1.0	1.0	1.0	1.0
0.6738230824627064	0.931014074888659	0.4140395830586362	1.0	1.0	1.0	1.0	1.0	1.0	1.0	1.0	1.0
0.7204731560543738	0.896448166209012	0.3779856207273522	1.0	1.0	1.0	1.0	1.0	1.0	1.0	1.0	1.0
0.6317039117815367	0.9126024716369406	0.3653255818220885	1.0	1.0	1.0	1.0	1.0	1.0	1.0	1.0	1.0
0.7349360891453796	0.9198203482971651	0.3295574945407438	1.0	1.0	1.0	1.0	1.0	1.0	1.0	1.0	1.0
0.6717480890702285	0.9255641617941648	0.29762205410725157	1.0	1.0	1.0	1.0	1.0	1.0	1.0	1.0	1.0
0.624929492771668	0.9755864088399386	0.1580890164337175	1.0	1.0	1.0	1.0	1.0	1.0	1.0	1.0	1.0
0.7005653127901488	0.9290983423053649	0.3865604914229565	1.0	1.0	1.0	1.0	1.0	1.0	1.0	1.0	1.0
0.6694200181331005	0.7531695741689363	0.631080315372888	1.0	1.0	1.0	1.0	1.0	1.0	1.0	1.0	0.0
0.6318011405635128	0.9589207999219791	0.2522982572368773	1.0	1.0	1.0	1.0	1.0	1.0	1.0	1.0	1.0
0.6649127714107569	0.7528904888603937	0.5168437650431018	1.0	1.0	1.0	1.0	1.0	1.0	1.0	1.0	1.0
0.7127117636877063	0.9268822996630355	0.42627139241653683	1.0	1.0	1.0	1.0	1.0	1.0	1.0	1.0	1.0
0.7422550650721047	0.9111355876548568	0.3291969285357971	1.0	1.0	1.0	1.0	1.0	1.0	1.0	1.0	1.0
0.6531789342505359	0.9277316525669863	0.25901083393804075	1.0	1.0	1.0	1.0	1.0	1.0	1.0	1.0	1.0
0.5592748414944637	0.9602026664088326	0.2519146920653	1.0	1.0	1.0	1.0	1.0	1.0	1.0	1.0	1.0
0.7135194746491488	0.8057977343464693	0.4926757749969624	1.0	1.0	1.0	1.0	1.0	1.0	1.0	1.0	1.0
0.6611837822626291	0.7341422604406124	0.5033709470280686	1.0	1.0	1.0	1.0	1.0	1.0	1.0	0.0	0.0
0.6729922820343143	0.9733519625590512	0.21191204323432514	1.0	1.0	1.0	1.0	1.0	1.0	1.0	1.0	1.0
0.6397510661608375	0.9140577244816356	0.22264325730211096	1.0	1.0	1.0	1.0	1.0	1.0	1.0	1.0	1.0
0.7175584012638251	0.8979280794763284	0.40380317659670767	1.0	1.0	1.0	1.0	1.0	1.0	1.0	1.0	1.0
0.6036982112825887	0.8615330697041859	0.5596177263085718	1.0	1.0	1.0	1.0	1.0	1.0	0.0	1.0	1.0
0.7288511020191797	0.7967522186764033	0.48315812746688946	1.0	1.0	1.0	1.0	1.0	1.0	1.0	1.0	1.0
0.6143119754322166	0.7078670991008541	0.5534773895164361	1.0	1.0	1.0	1.0	0.0	0.0	1.0	0.0	0.0
0.7678349206927552	0.9651148683037464	0.2604641432549825	1.0	1.0	1.0	1.0	1.0	1.0	1.0	1.0	1.0
0.668573540790947	0.9800185788162158	0.2263746393548453	1.0	1.0	1.0	1.0	1.0	1.0	1.0	0.0	1.0
0.6435625677129936	0.9130089755083389	0.4002940934750495	1.0	1.0	1.0	1.0	1.0	1.0	1.0	1.0	1.0
0.7446146067603381	0.8906803337054018	0.45822591171476784	1.0	1.0	1.0	1.0	1.0	1.0	1.0	1.0	1.0
0.6160305490014629	0.8772104067023561	0.37762131835900936	1.0	1.0	1.0	0.0	1.0	1.0	0.0	1.0	1.0
0.7150093709797551	0.9588322545512314	0.4054946989894708	1.0	1.0	1.0	1.0	1.0	1.0	1.0	1.0	1.0
0.6670771153009789	0.9630060325351186	0.2760390466476064	1.0	1.0	1.0	1.0	1.0	1.0	1.0	1.0	1.0
0.5577125248355054	0.9418644190116038	0.23980684227095575	1.0	1.0	1.0	1.0	1.0	1.0	0.0	1.0	1.0
0.7500267329743153	0.8829447022145266	0.38559599847718373	1.0	1.0	1.0	1.0	1.0	1.0	1.0	1.0	1.0
0.6915094535471108	0.8301019424275955	0.46948225313665587	1.0	1.0	1.0	1.0	1.0	1.0	1.0	1.0	1.0
0.5999195741420836	0.9677379273356149	0.2359782220909604	1.0	1.0	1.0	1.0	1.0	1.0	1.0	1.0	1.0
0.6609083954575343	0.8218531649072731	0.41739991579045266	1.0	1.0	1.0	1.0	1.0	1.0	1.0	1.0	1.0
0.8560698868385851	0.9648233331158321	0.26965759701106323	1.0	1.0	1.0	1.0	1.0	1.0	1.0	1.0	1.0
0.7681509039659166	0.8985900699659306	0.3841557620094227	1.0	1.0	1.0	1.0	1.0	1.0	1.0	1.0	1.0
0.6527747129273302	0.9970828303419407	0.1714188447493219	1.0	1.0	1.0	1.0	1.0	1.0	1.0	0.0	1.0
0.7000730321296428	0.9516456176403524	0.24933698148985536	1.0	1.0	1.0	1.0	1.0	1.0	1.0	1.0	1.0
0.6902986692940463	0.7282791908303929	0.50838834395087	1.0	1.0	1.0	1.0	1.0	1.0	1.0	1.0	1.0
0.6700594982907307	0.9205432976321035	0.4361989013686515	1.0	1.0	1.0	1.0	1.0	1.0	1.0	1.0	1.0
0.6971830651410796	0.3691639214936831	0.6182432033504273	1.0	0.0	1.0	1.0	0.0	1.0	1.0	0.0	1.0
0.6440560645921297	0.8942952727056007	0.44169273607355336	1.0	1.0	1.0	1.0	1.0	1.0	1.0	1.0	1.0
0.7702975846937794	0.8479510046898073	0.46739048362174673	1.0	1.0	1.0	1.0	1.0	1.0	1.0	1.0	1.0
0.6744641748521408	0.8863217496190242	0.3591608186760155	1.0	1.0	1.0	1.0	1.0	1.0	1.0	1.0	1.0
0.6214785203422123	0.8986196857303436	0.42300016928002226	1.0	1.0	1.0	1.0	1.0	1.0	1.0	1.0	1.0
0.7213754580793669	0.9204724577830882	0.3507450766778977	1.0	1.0	1.0	1.0	1.0	1.0	1.0	1.0	1.0
0.7619188060273837	0.9345044431995797	0.3455925371525756	1.0	1.0	1.0	1.0	1.0	1.0	1.0	1.0	1.0
0.5598248177272847	0.9609572653201836	0.2637346155466644	1.0	1.0	1.0	1.0	1.0	1.0	1.0	1.0	1.0
0.7917790880091121	0.8542854632366267	0.2881231582169967	1.0	1.0	1.0	1.0	1.0	1.0	0.0	1.0	1.0
0.7025584008158481	0.8977665102057654	0.36582134491312757	1.0	1.0	1.0	1.0	1.0	1.0	1.0	1.0	1.0
0.6215438875781991	0.6751681009963102	0.6078790318907173	1.0	1.0	1.0	1.0	1.0	0.0	0.0	0.0	0.0
0.8085875014739416	0.8819198706723994	0.40821512817089267	0.0	0.0	0.0	0.0	0.0	0.0	0.0	0.0	0.0
0.6247805041783647	0.8779030125856513	0.4609508570497851	1.0	1.0	1.0	1.0	1.0	1.0	1.0	1.0	1.0
0.7304037662517793	0.902318696295278	0.35075150265135213	1.0	1.0	1.0	1.0	1.0	1.0	1.0	1.0	1.0
0.708880103510262	0.9649724958550633	0.2664499543395187	1.0	1.0	1.0	1.0	1.0	1.0	1.0	1.0	1.0
0.5352765906263117	0.9405557217944864	0.2552887071884796	0.0	1.0	1.0	0.0	1.0	1.0	0.0	1.0	1.0
0.7600301897899988	0.8432092445376099	0.4391701806850317	1.0	1.0	1.0	1.0	1.0	1.0	1.0	1.0	1.0
0.6600139676380359	0.8905858523090553	0.3188502096225611	1.0	1.0	1.0	1.0	1.0	1.0	1.0	1.0	1.0
0.812651894840233	0.8514541874199517	0.4188406857742404	1.0	1.0	1.0	1.0	1.0	1.0	1.0	1.0	1.0
0.7059179468056946	0.6713593952664552	0.47399789046636365	1.0	1.0	1.0	1.0	1.0	1.0	1.0	0.0	1.0
0.7641810383961555	0.883810283803827	0.3748877008959177	1.0	1.0	1.0	1.0	1.0	1.0	1.0	1.0	1.0
0.6822220864343715	0.9220441387063719	0.467700271699193	1.0	1.0	1.0	1.0	1.0	1.0	1.0	1.0	1.0
0.756306412254931	0.9645517192513123	0.2669666797602223	1.0	1.0	1.0	1.0	1.0	1.0	1.0	1.0	1.0
0.7081101536063216	0.9618694520294484	0.296775380403436	1.0	1.0	1.0	1.0	1.0	1.0	1.0	1.0	1.0
0.6956157042813514	0.8828270718421437	0.4292884038220448	1.0	1.0	1.0	1.0	1.0	1.0	1.0	1.0	1.0
0.5958616289975298	0.8219380150104683	0.5234864502447074	1.0	1.0	1.0	0.0	1.0	1.0	0.0	1.0	1.0
0.7162753708863488	0.818446384348664	0.5015269593856992	1.0	1.0	1.0	1.0	1.0	1.0	1.0	1.0	1.0
0.695016619040712	0.9327608994365244	0.33445508651295763	1.0	1.0	1.0	1.0	1.0	1.0	1.0	1.0	1.0
0.7408244617748392	0.9478355588087649	0.3304180027286019	1.0	1.0	1.0	1.0	1.0	1.0	1.0	1.0	1.0
0.7418373730803648	0.532795982910402	0.5939273098854871	1.0	0.0	1.0	1.0	0.0	1.0	1.0	0.0	0.0
0.7687058484845306	0.9591392079488981	0.22634974127028698	1.0	1.0	1.0	1.0	1.0	1.0	1.0	1.0	1.0
0.591553202994457	0.9579368568570216	0.29029241784093723	1.0	1.0	1.0	1.0	1.0	1.0	1.0	0.0	1.0
0.6907754838977362	0.8619586412773198	0.4670552062073963	1.0	1.0	1.0	1.0	1.0	1.0	1.0	1.0	1.0
0.6338487688842275	0.8696129393259164	0.5479773973249769	1.0	1.0	1.0	1.0	1.0	1.0	1.0	1.0	1.0
0.5689589194619117	0.9615356706965504	0.26555446329738813	1.0	1.0	1.0	1.0	1.0	1.0	1.0	1.0	1.0
0.6417938476668633	0.7786000080411669	0.5076322221068148	1.0	1.0	1.0	1.0	1.0	1.0	1.0	1.0	1.0
0.6104574313329412	0.7576294939013897	0.5239222374923659	1.0	1.0	1.0	1.0	0.0	0.0	1.0	0.0	0.0
0.7195022368317875	0.8594740379274974	0.4037304346243358	1.0	1.0	1.0	1.0	1.0	1.0	1.0	1.0	1.0
0.5915818002186037	0.8467583727116063	0.40463024013449167	0.0	1.0	1.0	0.0	1.0	1.0	0.0	1.0	1.0
0.7902783638868471	0.9192059805536174	0.3712955133321731	1.0	1.0	1.0	1.0	1.0	1.0	1.0	1.0	1.0
0.6661958251021541	0.883294689560542	0.3734110252388891	1.0	1.0	1.0	1.0	1.0	1.0	1.0	1.0	1.0
0.677094071059177	0.9004217773417971	0.3032329943676438	1.0	1.0	1.0	1.0	1.0	1.0	1.0	1.0	1.0
0.7295630737445592	0.9197008895426232	0.3537211846089163	1.0	1.0	1.0	1.0	1.0	1.0	1.0	1.0	1.0
0.6884627280402313	0.9803031517289313	0.20938742759587237	1.0	1.0	1.0	1.0	1.0	1.0	1.0	1.0	1.0
0.7224621728342661	0.9164418938733656	0.36599857020786103	1.0	1.0	1.0	1.0	1.0	1.0	1.0	1.0	1.0
0.7176960504847938	0.984240916755475	0.1419524806060396	1.0	1.0	1.0	1.0	1.0	1.0	1.0	1.0	1.0
0.7442903512536682	0.9615332398769373	0.2531414877356198	1.0	1.0	1.0	1.0	1.0	1.0	1.0	1.0	1.0
0.7428355705871218	0.9665817422580105	0.17067458240221486	1.0	1.0	1.0	1.0	1.0	1.0	1.0	1.0	1.0
0.7530141142142519	0.7540806692909319	0.4169724871656396	1.0	1.0	1.0	1.0	1.0	1.0	1.0	1.0	1.0
0.7356339099399228	0.940040170935999	0.366325660885813	1.0	1.0	1.0	1.0	1.0	1.0	1.0	1.0	1.0
0.6624332493562187	0.7656230201182962	0.3733462822761149	1.0	1.0	1.0	1.0	1.0	1.0	1.0	0.0	1.0
0.6768396828599901	0.9579407869723477	0.27866296385261347	1.0	1.0	1.0	1.0	1.0	1.0	1.0	1.0	1.0
0.7073380383168805	0.8661262857624915	0.3953757149478171	1.0	1.0	1.0	1.0	1.0	1.0	1.0	1.0	1.0
0.27536256030994105	0.9960297618750419	0.2546649512832993	1.0	1.0	1.0	1.0	1.0	1.0	1.0	1.0	1.0
0.6192661513188303	0.9588913861234953	0.29941822682951724	1.0	1.0	1.0	1.0	1.0	1.0	1.0	1.0	1.0
0.7239284404005918	0.9411086626309372	0.32154788326920763	1.0	1.0	1.0	1.0	1.0	1.0	1.0	1.0	1.0
0.5515307239825953	0.989158269533311	0.17837147091551028	1.0	1.0	1.0	1.0	1.0	1.0	1.0	1.0	1.0
0.6597377099309231	0.8075627261233285	0.6036692788397537	1.0	1.0	1.0	1.0	1.0	1.0	1.0	1.0	0.0
0.7640300983206674	0.9778023622733204	0.3892789578116328	1.0	1.0	1.0	1.0	1.0	1.0	1.0	1.0	1.0
0.6963942621255962	0.9306118742902697	0.36336779058863666	1.0	1.0	1.0	1.0	1.0	1.0	1.0	1.0	1.0
0.73960873972559	0.9941667439329468	0.13845006832908502	1.0	1.0	1.0	1.0	1.0	1.0	1.0	1.0	1.0
0.6926493844815645	0.939236016641856	0.3270263916825555	1.0	1.0	1.0	1.0	1.0	1.0	1.0	1.0	1.0
0.6477187280007083	0.7404913976502511	0.5450041161641007	1.0	1.0	1.0	1.0	0.0	1.0	1.0	0.0	0.0
0.6941370064441736	0.8469386652033767	0.48721246177657745	1.0	1.0	1.0	1.0	1.0	1.0	1.0	1.0	1.0
0.6805163597804896	0.6836356874787759	0.5210358860225907	1.0	1.0	1.0	1.0	0.0	1.0	1.0	0.0	1.0
0.6483730575585848	0.9213414900027288	0.33113300519408784	1.0	1.0	1.0	1.0	1.0	1.0	1.0	1.0	1.0
0.6207861989960644	0.9592261644675447	0.24807140823298615	1.0	1.0	1.0	1.0	1.0	1.0	1.0	1.0	1.0
0.6894153850616888	0.9638606205576489	0.2666248490085066	1.0	1.0	1.0	1.0	1.0	1.0	1.0	0.0	1.0
0.6811515809119086	0.7282035564821498	0.508198433274821	1.0	1.0	1.0	1.0	1.0	1.0	1.0	0.0	1.0
0.6724585745301156	0.9338461767045393	0.36440203323820713	1.0	1.0	1.0	1.0	1.0	1.0	1.0	1.0	1.0
0.8269853036090167	0.9200212175074681	0.3392952218069721	1.0	1.0	1.0	1.0	1.0	1.0	1.0	1.0	1.0
0.6224671589260148	0.9432852552992944	0.26297799889139206	1.0	1.0	1.0	1.0	1.0	1.0	1.0	1.0	1.0
0.7131966953895844	0.8369313565619542	0.3353957800752923	1.0	1.0	1.0	1.0	1.0	1.0	1.0	1.0	1.0
0.6872097727476989	0.857366787921994	0.5042418184022632	1.0	1.0	1.0	1.0	1.0	1.0	1.0	1.0	1.0
0.7046379084021327	0.9468650817286609	0.3732713102869627	1.0	1.0	1.0	1.0	1.0	1.0	1.0	1.0	1.0
0.5827565874594199	0.9983372849473526	0.1281774770432377	1.0	1.0	1.0	1.0	1.0	1.0	1.0	1.0	1.0
0.7582332157767572	0.9788106630701261	0.26241488948833974	1.0	1.0	1.0	1.0	1.0	1.0	1.0	1.0	1.0
0.6907016516086505	0.9406632763992663	0.2674554392282023	1.0	1.0	1.0	1.0	1.0	1.0	1.0	1.0	1.0
0.7194431910264921	0.7757655713227849	0.4218544558595382	1.0	1.0	1.0	1.0	1.0	1.0	1.0	1.0	1.0
0.688045072702412	0.9752697824102574	0.2658923924011583	1.0	1.0	1.0	1.0	1.0	1.0	1.0	1.0	1.0
0.6373561237288028	0.9300514490074641	0.42501446647820573	1.0	1.0	1.0	1.0	1.0	1.0	1.0	1.0	1.0
0.8016176906056744	0.9440659440081263	0.3207819127790972	1.0	1.0	1.0	1.0	1.0	1.0	1.0	1.0	1.0
0.79946753089408	0.9074865524779323	0.3429215993891848	1.0	1.0	1.0	1.0	1.0	1.0	1.0	1.0	1.0
0.6385215585959498	0.7820164475712738	0.5109064454661588	1.0	1.0	1.0	1.0	1.0	1.0	0.0	1.0	1.0
0.7411762577495755	0.9256823914132206	0.2888653774873036	1.0	1.0	1.0	1.0	1.0	1.0	1.0	1.0	1.0
0.6902427407020426	0.97640209606576	0.19248587029513953	1.0	1.0	1.0	1.0	1.0	1.0	1.0	1.0	1.0
0.6826971619549668	0.9340382054222043	0.22067251334237145	1.0	1.0	1.0	1.0	1.0	1.0	1.0	1.0	1.0
0.6903585502648797	0.9737921044360184	0.20735987498136085	1.0	1.0	1.0	1.0	1.0	1.0	1.0	1.0	1.0
0.6552437865881454	0.9646486119884491	0.16141305634370615	1.0	1.0	1.0	1.0	1.0	1.0	1.0	1.0	1.0
0.6989699045898455	0.9656469346654694	0.18296614832097116	1.0	1.0	1.0	1.0	1.0	1.0	1.0	1.0	1.0
0.6890560394799783	0.9061394214303699	0.29866730362475663	1.0	1.0	1.0	1.0	1.0	1.0	1.0	1.0	1.0
0.642876272560119	0.842645079553045	0.3877079834940211	1.0	1.0	1.0	1.0	1.0	1.0	1.0	1.0	1.0
0.6068604471917103	0.89125173409337	0.3801664064491955	1.0	1.0	1.0	1.0	1.0	1.0	1.0	1.0	1.0
0.6889580225012746	0.8961826989765292	0.4242539178913666	1.0	1.0	1.0	1.0	1.0	1.0	1.0	1.0	1.0
0.6512440925892292	0.9457218914877138	0.3612890057762508	1.0	1.0	1.0	1.0	1.0	1.0	1.0	1.0	1.0
0.69522357340537	0.9119179561035464	0.4483834079920943	1.0	1.0	1.0	1.0	1.0	1.0	1.0	1.0	1.0
0.7521396667534092	0.9796664548842537	0.20096511954045093	1.0	1.0	1.0	1.0	1.0	1.0	1.0	1.0	1.0
0.698970402089373	0.894136971954023	0.41063950586513837	1.0	1.0	1.0	1.0	1.0	1.0	1.0	1.0	1.0
0.6682319490265601	0.89072812232091	0.3464657072339648	1.0	1.0	1.0	1.0	1.0	1.0	1.0	1.0	1.0
0.7062132446651548	0.7607326713461803	0.6397445168158892	1.0	1.0	1.0	1.0	1.0	0.0	1.0	1.0	0.0
0.47624437335844577	0.968606191110167	0.3368495520666693	1.0	1.0	1.0	1.0	1.0	1.0	1.0	1.0	1.0
0.6723773755648318	0.8417160836399641	0.43617485790190846	1.0	1.0	1.0	1.0	1.0	1.0	1.0	1.0	1.0
0.7202033355288519	0.9183054365345183	0.3639183901455492	1.0	1.0	1.0	1.0	1.0	1.0	1.0	1.0	1.0
0.7261998709020917	0.8945085188385546	0.2906564188256297	1.0	1.0	1.0	1.0	1.0	1.0	1.0	1.0	1.0
0.8289683176118502	0.8551834299402699	0.47802673002794427	1.0	1.0	1.0	1.0	1.0	1.0	0.0	1.0	1.0
0.748611714326169	0.9403047319021933	0.32111104489772935	1.0	1.0	1.0	1.0	1.0	1.0	1.0	1.0	1.0
0.7137196348952005	0.905359664678419	0.3072386054922163	1.0	1.0	1.0	1.0	1.0	1.0	1.0	1.0	1.0
0.6034458460773181	0.9143475652468604	0.39964857162243883	1.0	1.0	1.0	1.0	1.0	1.0	1.0	1.0	1.0
0.6181408950396938	0.8584356778030766	0.46214017486674097	1.0	1.0	1.0	1.0	1.0	1.0	1.0	1.0	1.0
0.7104579219293901	0.9576181124545342	0.3297679594349719	1.0	1.0	1.0	1.0	1.0	1.0	1.0	1.0	1.0
0.6905608599046343	0.9749666855586608	0.24290890301661314	1.0	1.0	1.0	1.0	1.0	1.0	1.0	1.0	1.0
0.6274144660027823	0.9363244326381938	0.37817492356356064	1.0	1.0	1.0	1.0	1.0	1.0	1.0	1.0	1.0
0.7217111188325621	0.8957241635693317	0.4520956881043849	1.0	1.0	1.0	1.0	1.0	1.0	1.0	1.0	1.0
0.7122151797845327	0.9255076054580015	0.35804376190469084	1.0	1.0	1.0	1.0	1.0	1.0	1.0	1.0	1.0
0.6769120850676421	0.9417619918965775	0.2735967914206584	1.0	1.0	1.0	1.0	1.0	1.0	1.0	1.0	1.0
0.7440039520823961	0.9245479937648905	0.39767105654941254	1.0	1.0	1.0	1.0	1.0	1.0	1.0	1.0	1.0
0.7163412508749837	0.9180056491561267	0.3548928071418676	1.0	1.0	1.0	1.0	1.0	1.0	1.0	1.0	1.0
0.7808297625299304	0.9106109488360633	0.3824920305353608	1.0	1.0	1.0	1.0	1.0	1.0	1.0	1.0	1.0
0.6593354978538583	0.9171129965267691	0.3260337202011783	1.0	1.0	1.0	1.0	1.0	1.0	1.0	1.0	1.0
0.7621164484553883	0.8955013892137731	0.37822762146884875	1.0	1.0	1.0	1.0	1.0	1.0	1.0	1.0	1.0
0.5365271116490998	0.9634747250107423	0.37443128449466867	1.0	1.0	1.0	1.0	1.0	1.0	1.0	1.0	1.0
0.6983560599303517	0.8210395980564638	0.4119337413818846	1.0	1.0	1.0	1.0	1.0	1.0	1.0	1.0	1.0
0.6244291057007493	0.9599613214155753	0.4094942070513876	1.0	1.0	1.0	1.0	1.0	1.0	1.0	1.0	1.0
0.6667843866973575	0.8747337021265797	0.35872307295577716	1.0	1.0	1.0	1.0	1.0	1.0	1.0	1.0	1.0
0.6636011491502081	0.9126340380034943	0.44392022949513016	1.0	1.0	1.0	1.0	1.0	1.0	1.0	1.0	1.0
0.6268016870291249	0.9574246217157327	0.2785958978950282	1.0	1.0	1.0	1.0	1.0	1.0	1.0	1.0	1.0
0.7702664332898528	0.9116143718211385	0.32214880896681103	1.0	1.0	1.0	1.0	1.0	1.0	1.0	1.0	1.0
0.5808778441953838	0.9213783446630646	0.4288244495949976	1.0	1.0	1.0	1.0	1.0	1.0	1.0	1.0	1.0
0.7669478240942753	0.9393843161259625	0.34251886668851067	1.0	1.0	1.0	1.0	1.0	1.0	1.0	1.0	1.0
0.6962210240302478	0.859048994180016	0.499050219051759	1.0	1.0	1.0	1.0	1.0	1.0	1.0	1.0	1.0
0.672789084436942	0.8551181143504338	0.3982743580428146	1.0	1.0	1.0	1.0	1.0	1.0	1.0	1.0	1.0
0.5643842688290852	0.9936461612363683	0.2117360694452422	1.0	1.0	1.0	1.0	1.0	1.0	1.0	0.0	1.0
0.7759082706386128	0.8860549878266171	0.3729287307706709	1.0	1.0	1.0	1.0	1.0	1.0	1.0	1.0	1.0
0.6185754850624012	0.7790984952688476	0.5593785215129774	1.0	1.0	1.0	1.0	0.0	0.0	1.0	0.0	0.0
0.6554267362613068	0.827167042724613	0.5797283743711653	1.0	1.0	1.0	1.0	1.0	0.0	1.0	1.0	0.0
0.6330432941013832	0.8585765260740597	0.31271652234997566	1.0	1.0	1.0	1.0	1.0	1.0	1.0	1.0	1.0
0.6206472196769713	0.8711771805294292	0.5034132021565492	1.0	1.0	1.0	1.0	1.0	1.0	1.0	1.0	1.0
0.5752374435882778	0.802859931798997	0.5159713934243472	0.0	1.0	1.0	0.0	1.0	1.0	0.0	1.0	1.0
0.6714065318758107	0.9669447650754736	0.26153041332522803	1.0	1.0	1.0	1.0	1.0	1.0	1.0	1.0	1.0
0.7240122192452109	0.9184240411620849	0.3175105682311936	1.0	1.0	1.0	1.0	1.0	1.0	1.0	1.0	1.0
0.6987693698236596	0.8473201225372556	0.47794137021095123	1.0	1.0	1.0	1.0	1.0	1.0	1.0	1.0	0.0
0.718551412653982	0.8777087448808674	0.43997774127336653	1.0	1.0	1.0	1.0	1.0	1.0	1.0	1.0	1.0
0.6108235470616414	0.945007853404885	0.3522634203868361	1.0	1.0	1.0	1.0	1.0	1.0	1.0	1.0	1.0
0.7625428711255977	0.8933703317440667	0.3786378731392887	1.0	1.0	1.0	1.0	1.0	1.0	1.0	1.0	1.0
0.7471998149982829	0.8575775317226915	0.3864498402523654	1.0	1.0	1.0	1.0	1.0	1.0	1.0	1.0	1.0
0.7336831360693261	0.9067722570348747	0.4059328933442566	1.0	1.0	1.0	1.0	1.0	1.0	1.0	1.0	1.0
0.7451521756744753	0.8791687286459614	0.46957271965055397	1.0	1.0	1.0	1.0	1.0	1.0	1.0	1.0	1.0
0.6870585854684721	0.9518511789551164	0.2818223423678523	1.0	1.0	1.0	1.0	1.0	1.0	1.0	1.0	1.0
0.7685301176610255	0.9706186678526807	0.23769212290885294	1.0	1.0	1.0	1.0	1.0	1.0	1.0	1.0	1.0
0.6395912746514972	0.8731922602321721	0.4760008248889249	1.0	1.0	1.0	1.0	1.0	1.0	1.0	1.0	1.0
0.6631033738843547	0.9344344299225968	0.4321655846209075	1.0	1.0	1.0	1.0	1.0	1.0	1.0	1.0	1.0
0.7171183937712821	0.9039085426008565	0.3032672007518603	1.0	1.0	1.0	1.0	1.0	1.0	1.0	1.0	1.0
0.7693688433232057	0.842427441281877	0.4772671165294987	1.0	1.0	1.0	1.0	1.0	1.0	1.0	1.0	1.0
0.613071160382109	0.9789905435861694	0.2547184506639545	1.0	1.0	1.0	1.0	1.0	1.0	1.0	1.0	1.0
0.6648149848284107	0.8927568378761823	0.3807503159955171	1.0	1.0	1.0	1.0	1.0	1.0	1.0	1.0	1.0
0.5784794243586435	0.9493578131865713	0.412221728694246	1.0	1.0	1.0	1.0	1.0	1.0	1.0	1.0	1.0
0.7720624963002468	0.9401865838247556	0.3295213416802533	1.0	1.0	1.0	1.0	1.0	1.0	1.0	1.0	1.0
0.786893976110626	0.9329614333323086	0.3306594703121609	1.0	1.0	1.0	1.0	1.0	1.0	1.0	1.0	1.0
0.5331063963166734	0.9959360586229988	0.13164666359063973	1.0	1.0	1.0	1.0	1.0	1.0	1.0	1.0	1.0
0.6294044697621959	0.9232894202715844	0.2490320222224454	1.0	1.0	1.0	1.0	1.0	1.0	0.0	1.0	1.0
0.6311289850495898	0.9138737969872377	0.3403072622569991	1.0	1.0	1.0	1.0	1.0	1.0	1.0	1.0	1.0
0.6920715729867168	0.9706986397591739	0.3329612181511819	1.0	1.0	1.0	1.0	1.0	1.0	1.0	1.0	1.0
0.6367569709390097	0.8012121088763695	0.4359197596497314	1.0	1.0	1.0	1.0	1.0	1.0	1.0	1.0	1.0
0.7484087781309053	0.8746132034506812	0.45374654591632463	1.0	1.0	1.0	1.0	1.0	1.0	1.0	1.0	1.0
0.7569996061034636	0.9082337807763884	0.39563672043043474	1.0	1.0	1.0	1.0	1.0	1.0	1.0	1.0	1.0
0.6511167835441418	0.8551368736901748	0.462374275633451	1.0	1.0	1.0	1.0	1.0	1.0	1.0	1.0	1.0
0.7022770809989	0.8990149875145821	0.37896952694988406	1.0	1.0	1.0	1.0	1.0	1.0	1.0	1.0	1.0
0.807074385693226	0.9106881295898751	0.27729925953015555	1.0	1.0	1.0	1.0	1.0	1.0	1.0	1.0	1.0
0.6239882777062653	0.7304171355156218	0.5724507623107761	1.0	1.0	1.0	1.0	1.0	1.0	1.0	1.0	1.0
0.679558460370274	0.9341920384291795	0.370089524615257	1.0	1.0	1.0	1.0	1.0	1.0	1.0	1.0	1.0
0.6174186573741898	0.8830868617588664	0.423514625177052	1.0	1.0	1.0	1.0	1.0	1.0	1.0	1.0	1.0
0.5907387042548712	0.8771694966844059	0.3985366352218983	1.0	1.0	1.0	1.0	1.0	1.0	0.0	1.0	1.0
0.7384525611171772	0.9543733895071326	0.25625246768763815	1.0	1.0	1.0	1.0	1.0	1.0	1.0	1.0	1.0
0.6982839307292725	0.8242858103622013	0.45248710784723545	1.0	1.0	1.0	1.0	1.0	1.0	1.0	1.0	1.0
0.5885373242233949	0.9711430093950194	0.2681052492689846	1.0	1.0	1.0	1.0	1.0	1.0	1.0	1.0	1.0
0.6761435917777509	0.9882953756167473	0.1677330975804178	1.0	1.0	1.0	1.0	1.0	1.0	1.0	0.0	1.0
0.5572054757542182	0.9890147877967733	0.1636956735101318	1.0	1.0	1.0	1.0	1.0	1.0	1.0	1.0	1.0
0.7573316575435445	0.9265838874489298	0.2328708066911826	1.0	1.0	1.0	1.0	1.0	1.0	1.0	1.0	1.0
0.8348653958057441	0.7767218958333026	0.5682522317315503	1.0	1.0	1.0	0.0	1.0	1.0	0.0	1.0	0.0
0.6731094354393587	0.98991237627495	0.1974200157499681	1.0	1.0	1.0	1.0	1.0	1.0	1.0	1.0	1.0
0.7610607371862053	0.9512304931926869	0.23782955494659436	1.0	1.0	1.0	1.0	1.0	1.0	1.0	1.0	1.0
0.6382765247888182	0.9149497478892819	0.3459250210689074	1.0	1.0	1.0	1.0	1.0	1.0	1.0	1.0	1.0
0.7086230728607652	0.9585204937816927	0.28868262006355955	1.0	1.0	1.0	1.0	1.0	1.0	1.0	1.0	1.0
0.6067151372075386	0.8922116373884607	0.46610610457860463	1.0	1.0	1.0	1.0	1.0	1.0	1.0	1.0	1.0
0.6625292274252679	0.845064921558767	0.4414948996292885	1.0	1.0	1.0	1.0	1.0	1.0	1.0	1.0	1.0
0.6968864498639864	0.8714693755060575	0.40825042747852175	1.0	1.0	1.0	1.0	1.0	1.0	1.0	1.0	1.0
0.7025414234148024	0.870289437291474	0.4268549969313232	1.0	1.0	1.0	1.0	1.0	1.0	1.0	1.0	1.0
0.7705322757095501	0.8284559351292401	0.43394124076664586	1.0	1.0	1.0	1.0	1.0	1.0	1.0	1.0	1.0
0.7871900285572673	0.989248522975138	0.09997526946332567	1.0	1.0	1.0	1.0	1.0	1.0	1.0	1.0	1.0
0.6810952036579442	0.9209809729007234	0.3345290586009339	1.0	1.0	1.0	1.0	1.0	1.0	1.0	1.0	1.0
0.7172633411968561	0.8399209392394013	0.5062619523450685	1.0	1.0	1.0	1.0	1.0	1.0	1.0	1.0	0.0
0.47344449150706813	0.996822211515016	0.09639669268187442	1.0	1.0	1.0	1.0	1.0	1.0	1.0	1.0	1.0
0.6383331197529181	0.9571084390780102	0.29435325972321946	1.0	1.0	1.0	1.0	1.0	1.0	1.0	1.0	1.0
0.5835020255597764	0.9275189665268888	0.2936780076059186	1.0	1.0	1.0	0.0	1.0	1.0	0.0	1.0	1.0
0.7571327457653396	0.9146772153682597	0.2743334056388198	1.0	1.0	1.0	1.0	1.0	1.0	1.0	1.0	1.0
0.6381921885832856	0.8561964831111648	0.535694346588504	1.0	1.0	1.0	1.0	1.0	0.0	1.0	1.0	0.0
0.6288353340890999	0.9001552711913633	0.3880794943910121	1.0	1.0	1.0	1.0	1.0	1.0	1.0	1.0	1.0
0.7330261061810271	0.8841423905004155	0.3854994290808554	1.0	1.0	1.0	1.0	1.0	1.0	1.0	1.0	1.0
0.7445259557054816	0.7744020867420531	0.47792302389831953	1.0	1.0	1.0	1.0	1.0	1.0	1.0	1.0	1.0
0.7255066853098326	0.8379190268426424	0.4095666782795813	1.0	1.0	1.0	1.0	1.0	1.0	1.0	1.0	1.0
0.6536963530362077	0.9225477162290924	0.3061287502446026	1.0	1.0	1.0	1.0	1.0	1.0	1.0	1.0	1.0
0.6731317402250545	0.9466934460752023	0.3035271127721346	1.0	1.0	1.0	1.0	1.0	1.0	1.0	1.0	1.0
0.6364955159518972	0.8646276011297936	0.46525537895347946	1.0	1.0	1.0	1.0	1.0	1.0	1.0	1.0	1.0
0.7800117420595541	0.7547004701798519	0.4440210738198106	1.0	1.0	1.0	1.0	1.0	1.0	1.0	1.0	1.0
0.7621802459067495	0.9809010492248672	0.14540550310703104	1.0	1.0	1.0	1.0	1.0	1.0	1.0	1.0	1.0
0.5565714517968299	0.9317798663227655	0.36367108486761296	1.0	1.0	1.0	0.0	1.0	1.0	0.0	1.0	1.0
0.6665119223994693	0.8357744667336326	0.5561053363926723	1.0	1.0	1.0	1.0	1.0	0.0	1.0	1.0	0.0
0.5831309208989869	0.846848079555591	0.5002451736083715	1.0	1.0	1.0	0.0	1.0	1.0	0.0	1.0	1.0
0.6022794510877764	0.78115421628306	0.5769836266449399	1.0	1.0	1.0	0.0	1.0	1.0	0.0	1.0	1.0
0.7887667555293182	0.9901161118391234	0.16535667171051405	1.0	1.0	1.0	1.0	1.0	1.0	1.0	1.0	1.0
0.6841877340934545	0.9228112909020846	0.3811152157276063	1.0	1.0	1.0	1.0	1.0	1.0	1.0	1.0	1.0
0.6299907652937726	0.9618604049202816	0.2617554233429166	1.0	1.0	1.0	1.0	1.0	1.0	1.0	1.0	1.0
0.6888875792437662	0.9786981834357744	0.15976837365692398	1.0	1.0	1.0	1.0	1.0	1.0	1.0	1.0	1.0
0.7185810823445298	0.8269940002805249	0.399665188093113	1.0	1.0	1.0	1.0	1.0	1.0	1.0	1.0	1.0
0.7678058670513144	0.8165021026501904	0.3938788514700847	1.0	1.0	1.0	1.0	1.0	1.0	1.0	1.0	1.0
0.6809366097513657	0.9076257608319079	0.47116088206886464	1.0	1.0	1.0	1.0	1.0	1.0	1.0	1.0	1.0
0.6330834600657758	0.9973835344364133	0.08412281306349403	1.0	1.0	1.0	1.0	1.0	1.0	1.0	1.0	1.0
0.5990517947212055	0.9452535599102913	0.34929797622617503	1.0	1.0	1.0	1.0	1.0	1.0	1.0	1.0	1.0
0.6867369529841403	0.964131528008594	0.23124339958813264	1.0	1.0	1.0	1.0	1.0	1.0	1.0	1.0	1.0
0.7135593368737244	0.8995939021203653	0.385376128374702	1.0	1.0	1.0	1.0	1.0	1.0	1.0	1.0	1.0
0.5503782902510338	0.9025891505712594	0.44173993377173565	1.0	1.0	1.0	1.0	1.0	1.0	1.0	1.0	1.0
0.7422434498238164	0.9886798324271435	0.16207817409442138	1.0	1.0	1.0	1.0	1.0	1.0	1.0	1.0	1.0
0.553418311539099	0.9587392327584315	0.35826174096549157	1.0	1.0	1.0	1.0	1.0	1.0	1.0	1.0	1.0
0.5883615305321197	0.7859005387550068	0.5547811225506477	1.0	1.0	1.0	0.0	1.0	1.0	0.0	1.0	1.0
0.7071289585079604	0.9544573979598787	0.26479868514188215	1.0	1.0	1.0	1.0	1.0	1.0	1.0	1.0	1.0
0.6978187416134615	0.9170056946223631	0.41436510201664384	1.0	1.0	1.0	1.0	1.0	1.0	1.0	1.0	1.0
0.7471397394491087	0.9054406773356102	0.319992642199079	1.0	1.0	1.0	1.0	1.0	1.0	1.0	1.0	1.0
0.6377601666665088	0.661178166048293	0.7230203287026773	1.0	1.0	0.0	0.0	0.0	0.0	0.0	0.0	0.0
0.7342874197401121	0.8676103486064448	0.4044873483530761	1.0	1.0	1.0	1.0	1.0	1.0	1.0	1.0	1.0
0.7304482150118335	0.9011541476295116	0.5350315034953558	1.0	1.0	1.0	1.0	1.0	1.0	1.0	1.0	1.0
0.645533758197366	0.9260776729282661	0.443681997051349	1.0	1.0	1.0	1.0	1.0	1.0	1.0	1.0	1.0
0.6499293209403582	0.8390053093861854	0.42187213974349963	1.0	1.0	1.0	1.0	1.0	1.0	1.0	1.0	1.0
0.6816534335148826	0.8676112191894954	0.46759475401562756	1.0	1.0	1.0	1.0	1.0	1.0	1.0	1.0	1.0
0.5819258469529291	0.8939878929197753	0.40306371750325676	1.0	1.0	1.0	0.0	1.0	1.0	0.0	1.0	1.0
0.8010283830368121	0.765659912217125	0.5793338197612555	1.0	1.0	1.0	1.0	1.0	1.0	0.0	1.0	0.0
0.588708517285851	0.9277543803480184	0.3573824458283658	1.0	1.0	1.0	1.0	1.0	1.0	1.0	1.0	1.0
0.6345219915847834	0.865011273573153	0.47248818637669365	1.0	1.0	1.0	1.0	1.0	1.0	1.0	1.0	1.0
0.5220259681346873	0.9846854579916298	0.237990727074865	1.0	1.0	1.0	1.0	1.0	1.0	1.0	1.0	1.0
0.7252060671770748	0.874364384631278	0.38763653487020533	1.0	1.0	1.0	1.0	1.0	1.0	1.0	1.0	1.0
0.7139267444503371	0.9306825890011501	0.2662578238820602	1.0	1.0	1.0	1.0	1.0	1.0	1.0	1.0	1.0
0.5760430009061452	0.9912721078255874	0.15404997017544475	1.0	1.0	1.0	1.0	1.0	1.0	1.0	0.0	1.0
0.6315561752518865	0.8503713191405025	0.4831619598634214	1.0	1.0	1.0	1.0	1.0	1.0	1.0	1.0	1.0
0.7125644751815354	0.8607712790300633	0.3551668528260585	1.0	1.0	1.0	1.0	1.0	1.0	1.0	1.0	1.0
0.5738009865832576	0.9347152743831286	0.35036107177420583	1.0	1.0	1.0	1.0	1.0	1.0	1.0	1.0	1.0
0.6886049516402387	0.9650879146350934	0.28681977970124206	1.0	1.0	1.0	1.0	1.0	1.0	1.0	1.0	1.0
0.6739268691890291	0.915252108939641	0.4213644724252175	1.0	1.0	1.0	1.0	1.0	1.0	1.0	1.0	1.0
0.6684556066856694	0.7298830298782626	0.41239659349842295	1.0	1.0	1.0	1.0	1.0	1.0	1.0	1.0	1.0
0.6784691067001334	0.9114554707750187	0.4014661628751748	1.0	1.0	1.0	1.0	1.0	1.0	1.0	1.0	1.0
0.626846906561707	0.8112846307079405	0.5922568092584453	1.0	1.0	1.0	1.0	1.0	0.0	1.0	1.0	0.0
0.5345390695409084	0.5455718200419114	0.6175080931133952	0.0	1.0	1.0	0.0	0.0	1.0	0.0	0.0	0.0
0.5864358579370956	0.8437682001385313	0.5681171265876719	1.0	1.0	1.0	1.0	1.0	1.0	0.0	1.0	1.0
0.7434036299613779	0.9060488919882491	0.30532533735658546	1.0	1.0	1.0	1.0	1.0	1.0	1.0	1.0	1.0
0.7696044711003395	0.9725445541683163	0.2172246442549395	1.0	1.0	1.0	1.0	1.0	1.0	1.0	0.0	1.0
0.6271139410242674	0.7778759543212822	0.5496849756492187	1.0	1.0	1.0	1.0	1.0	1.0	1.0	1.0	1.0
0.6079719254664764	0.8636014811778415	0.33165157085507013	0.0	1.0	1.0	0.0	1.0	1.0	0.0	1.0	1.0
0.6657622538072411	0.9898588595675111	0.16857888501312446	1.0	1.0	1.0	1.0	1.0	1.0	1.0	1.0	1.0
0.6574965472947321	0.8521598746081661	0.5631737085223188	1.0	1.0	1.0	1.0	1.0	0.0	1.0	1.0	0.0
0.6082044447302133	0.9261676730231969	0.35096703785259015	1.0	1.0	1.0	1.0	1.0	1.0	1.0	1.0	1.0
0.6206770625548814	0.9593549435628265	0.3364774306600084	1.0	1.0	1.0	1.0	0.0	1.0	1.0	0.0	1.0
0.6264492596914766	0.9087490554336554	0.341722494674075	1.0	1.0	1.0	1.0	1.0	1.0	1.0	1.0	1.0
0.6926165250589441	0.8706367260016448	0.46770984629409434	1.0	1.0	1.0	1.0	1.0	1.0	1.0	1.0	1.0
0.587069854037081	0.8308426245506656	0.46975035935456594	0.0	1.0	1.0	0.0	1.0	1.0	0.0	1.0	1.0
0.7507578456050208	0.9443048399231994	0.28665739987979655	1.0	1.0	1.0	1.0	1.0	1.0	1.0	1.0	1.0
0.7469819881918359	0.917801156659	0.33049631111925654	1.0	1.0	1.0	1.0	1.0	1.0	1.0	1.0	1.0
0.619891838501292	0.8686485665082283	0.5050781944597497	1.0	1.0	1.0	1.0	1.0	1.0	1.0	1.0	1.0
0.6602460502345197	0.9470780958777224	0.3027419823961321	1.0	1.0	1.0	1.0	1.0	1.0	1.0	1.0	1.0
0.72945444547175	0.8412000043098053	0.5429560825274633	1.0	1.0	1.0	1.0	1.0	1.0	1.0	1.0	0.0
0.6959035007397093	0.9385195652044206	0.3684875201188494	1.0	1.0	1.0	1.0	1.0	1.0	1.0	1.0	1.0
0.6316993181259474	0.8672741520495236	0.501243393102518	1.0	1.0	1.0	1.0	1.0	1.0	1.0	1.0	1.0
0.6026275757446683	0.8745570264085233	0.38336356506589636	1.0	1.0	1.0	1.0	1.0	1.0	0.0	1.0	1.0
0.5152861058968596	0.9938322623971845	0.14596310873850485	1.0	1.0	1.0	1.0	1.0	1.0	1.0	0.0	1.0
0.6856500583729659	0.8080418098059721	0.5150616279248211	1.0	1.0	1.0	1.0	1.0	1.0	1.0	1.0	1.0
0.7555882156412727	0.9165350783822088	0.3734568406945447	1.0	1.0	1.0	1.0	1.0	1.0	1.0	1.0	1.0
0.618818370208089	0.8007525552246872	0.49827002758053796	1.0	1.0	1.0	1.0	1.0	1.0	1.0	1.0	1.0
0.6803265156573294	0.9451107818625659	0.2033932584255216	1.0	1.0	1.0	1.0	1.0	1.0	1.0	1.0	1.0
0.7526285453191095	0.984030568529441	0.25632570271653426	1.0	1.0	1.0	1.0	1.0	1.0	1.0	1.0	1.0
0.5922271094771827	0.8048722517288877	0.5131515493728739	1.0	1.0	1.0	0.0	1.0	1.0	0.0	1.0	1.0
0.770646623763905	0.8246667426243183	0.41977309121424494	1.0	1.0	1.0	1.0	1.0	1.0	1.0	1.0	1.0
0.6742626976169356	0.8721921296335935	0.49543849703022524	1.0	1.0	1.0	1.0	1.0	1.0	1.0	1.0	1.0
0.7382952973502999	0.9608035360066935	0.29935720964439744	1.0	1.0	1.0	1.0	1.0	1.0	1.0	1.0	1.0
0.7591625982181278	0.8152007097709039	0.4637635375732848	1.0	1.0	1.0	1.0	1.0	1.0	1.0	1.0	0.0
0.6408200795042913	0.8809412141976285	0.5211377414326275	1.0	1.0	1.0	1.0	1.0	1.0	1.0	1.0	1.0
0.6563732639610044	0.8648791257401283	0.426478287366164	1.0	1.0	1.0	1.0	1.0	1.0	1.0	1.0	0.0
0.6480989696744109	0.9293467210082313	0.30120452829209987	1.0	1.0	1.0	1.0	1.0	1.0	1.0	1.0	1.0
0.635394565401443	0.8650792127324036	0.4687770565434462	1.0	1.0	1.0	1.0	1.0	1.0	1.0	1.0	1.0
0.742377326516794	0.822880798710367	0.46976344256546226	1.0	1.0	1.0	1.0	1.0	1.0	1.0	1.0	1.0
0.7442169794770968	0.7726374691134241	0.5749695687868721	1.0	1.0	1.0	1.0	1.0	1.0	1.0	1.0	0.0
0.6282534542411454	0.8178887469687508	0.43199072391818816	1.0	1.0	1.0	1.0	1.0	1.0	0.0	1.0	1.0
0.6323301860326348	0.9873711083187011	0.2429369660699645	1.0	1.0	1.0	1.0	1.0	1.0	1.0	1.0	1.0
0.5715909708164186	0.7032761053096631	0.7132998676823077	0.0	1.0	0.0	0.0	0.0	0.0	0.0	0.0	0.0
0.628912154825446	0.9903050308928278	0.1987281178132834	1.0	1.0	1.0	1.0	0.0	1.0	1.0	0.0	1.0
0.7433618826147997	0.9420703638425495	0.3489502141800145	1.0	1.0	1.0	1.0	1.0	1.0	1.0	1.0	1.0
0.6139665322542459	0.9774358572245745	0.2616277750530569	1.0	1.0	1.0	1.0	1.0	1.0	1.0	1.0	1.0
0.8356211872572716	0.9231540289360054	0.43152887188763267	1.0	1.0	1.0	1.0	1.0	1.0	1.0	1.0	1.0
0.6398071335881004	0.902624693923059	0.24660749292853532	1.0	1.0	1.0	1.0	1.0	1.0	1.0	1.0	1.0
0.6956945082995722	0.9691930789932549	0.25124444525327405	1.0	1.0	1.0	1.0	1.0	1.0	1.0	1.0	1.0
0.6893335668795456	0.9533370720910925	0.3175243192580523	1.0	1.0	1.0	1.0	1.0	1.0	1.0	1.0	1.0
0.6759340729482055	0.8307913985554831	0.5689783551974754	1.0	1.0	1.0	1.0	1.0	0.0	1.0	1.0	0.0
0.65302194065239	0.9617774477676535	0.3172092032331698	1.0	1.0	1.0	1.0	1.0	1.0	1.0	1.0	1.0
0.6211984681012234	0.9491399005897021	0.32967081447059854	1.0	1.0	1.0	1.0	1.0	1.0	1.0	1.0	1.0
0.7195770430367551	0.929133753592934	0.3795146189118285	1.0	1.0	1.0	1.0	1.0	1.0	1.0	1.0	1.0
0.6028894853856448	0.9899915231308863	0.19621620705015788	1.0	1.0	1.0	1.0	1.0	1.0	1.0	1.0	1.0
0.7147680152666274	0.8490956921119027	0.5031666416553345	1.0	1.0	1.0	1.0	1.0	1.0	1.0	1.0	1.0
0.6561859707622095	0.8791335920128928	0.4393845423511572	1.0	1.0	1.0	1.0	1.0	1.0	1.0	1.0	1.0
0.5850706905896095	0.9198181880959077	0.32437586029944665	1.0	1.0	1.0	1.0	1.0	1.0	0.0	1.0	1.0
0.8467511791023342	0.7897068984109383	0.4337320350771483	0.0	1.0	1.0	0.0	1.0	1.0	0.0	1.0	1.0
0.8544394775361929	0.8715525802323038	0.32076156359371094	1.0	1.0	1.0	0.0	1.0	1.0	0.0	1.0	1.0
0.7035235144510775	0.7221354710216129	0.39277639854234403	1.0	1.0	1.0	1.0	1.0	1.0	1.0	0.0	1.0
0.6210031026207771	0.8778347253379003	0.4241700739340254	1.0	1.0	1.0	1.0	1.0	1.0	1.0	1.0	1.0
0.7020833414629819	0.8884333808068557	0.4700448987513281	1.0	1.0	1.0	1.0	1.0	1.0	1.0	1.0	1.0
0.778034341502223	0.9349901438191411	0.32593905920076494	1.0	1.0	1.0	1.0	1.0	1.0	1.0	1.0	1.0
0.6798828844910052	0.5949133680355494	0.7033910162495183	1.0	0.0	0.0	1.0	0.0	0.0	1.0	0.0	0.0
0.5705465045696027	0.9608357094387308	0.2853515355953807	1.0	1.0	1.0	1.0	1.0	1.0	1.0	1.0	1.0
0.6159943087974648	0.857782785390651	0.39196439926345295	1.0	1.0	1.0	1.0	1.0	1.0	0.0	1.0	1.0
0.6651742881132201	0.8339597091794704	0.37376661489005064	1.0	1.0	1.0	1.0	1.0	1.0	1.0	1.0	1.0
0.8426764419046059	0.9417013373167312	0.33451369152133026	1.0	1.0	1.0	1.0	1.0	1.0	1.0	1.0	1.0
0.6078090571008813	0.9077938276848543	0.5418212202435391	1.0	1.0	1.0	1.0	1.0	1.0	1.0	1.0	1.0
0.7011642715462134	0.9404618931184779	0.3475108553549418	1.0	1.0	1.0	1.0	1.0	1.0	1.0	1.0	1.0
0.6550734345194331	0.8520227158768192	0.5040248798681477	1.0	1.0	1.0	1.0	1.0	1.0	1.0	1.0	0.0
0.656884406129821	0.9603850782724331	0.3086829664444118	1.0	1.0	1.0	1.0	1.0	1.0	1.0	1.0	1.0
0.713513520493872	0.8717221023161337	0.48832615400528706	1.0	1.0	1.0	1.0	1.0	1.0	1.0	1.0	1.0
0.6346263329785685	0.9042150548829808	0.3140752625201823	1.0	1.0	1.0	1.0	1.0	1.0	1.0	1.0	1.0
0.6618619854625158	0.6256654145550838	0.5542548740635356	1.0	1.0	1.0	1.0	0.0	1.0	1.0	0.0	1.0
0.5885992740540431	0.7253402520410646	0.6480999417997206	0.0	1.0	1.0	0.0	1.0	0.0	0.0	0.0	0.0
0.6820433479165351	0.9809288325726087	0.1813312710809182	1.0	1.0	1.0	1.0	1.0	1.0	1.0	1.0	1.0
0.705847002553553	0.7982109711678564	0.44070018533355054	1.0	1.0	1.0	1.0	1.0	1.0	1.0	1.0	1.0
0.7166265221006066	0.8895109763564399	0.4342333517917373	1.0	1.0	1.0	1.0	1.0	1.0	1.0	1.0	1.0
0.5887976369734739	0.8679547715812774	0.4562465438298258	1.0	1.0	1.0	1.0	1.0	1.0	0.0	1.0	1.0
0.6039817969832291	0.8038756911657263	0.6039231829724783	1.0	1.0	0.0	1.0	1.0	0.0	0.0	1.0	0.0
0.7332251348561184	0.9000552386134326	0.4198833613669954	1.0	1.0	1.0	1.0	1.0	1.0	1.0	1.0	1.0
0.7028309991115287	0.8899370728267253	0.5356264343149795	1.0	1.0	1.0	1.0	1.0	1.0	1.0	1.0	0.0
0.6809214820206835	0.943209970207302	0.3640961145782292	1.0	1.0	1.0	1.0	1.0	1.0	1.0	1.0	1.0
0.6615487939635408	0.9551839594457153	0.33261638481114475	1.0	1.0	1.0	1.0	1.0	1.0	1.0	1.0	1.0
0.8226152178258039	0.9403304253105622	0.3135559866118788	1.0	1.0	1.0	1.0	1.0	1.0	1.0	1.0	1.0
0.621809005257491	0.9429338786636139	0.3595055693550214	1.0	1.0	1.0	1.0	1.0	1.0	1.0	1.0	1.0
0.803113343939711	0.8658572410534443	0.3630596490478255	1.0	1.0	1.0	1.0	1.0	1.0	1.0	1.0	1.0
0.7998557388243587	0.9684049269888068	0.2932019648169135	1.0	1.0	1.0	1.0	1.0	1.0	1.0	1.0	1.0
0.6345185536464777	0.49492085626095905	0.5656107914489739	1.0	0.0	1.0	0.0	0.0	1.0	0.0	0.0	1.0
0.6306981042603192	0.9381841313014189	0.45847185401077717	1.0	1.0	1.0	1.0	1.0	1.0	1.0	1.0	1.0
0.6489883940910192	0.7715111469807054	0.6494241658250237	1.0	1.0	1.0	1.0	1.0	1.0	1.0	1.0	0.0
0.6784120948111478	0.961196443279461	0.2036734419479319	1.0	1.0	1.0	1.0	1.0	1.0	1.0	1.0	1.0
0.571781064227745	0.9677465203213691	0.3160073070159022	1.0	1.0	1.0	1.0	1.0	1.0	1.0	1.0	1.0
0.542739048809808	0.9178259121097543	0.39703680561575505	1.0	1.0	1.0	1.0	1.0	1.0	0.0	1.0	1.0
0.7792073998317497	0.9474040049971959	0.19149299372544734	1.0	1.0	1.0	1.0	1.0	1.0	1.0	1.0	1.0
0.6783027450828448	0.9697782290318309	0.20799784991719653	1.0	1.0	1.0	1.0	1.0	1.0	1.0	1.0	1.0
0.5657641266336662	0.9976182195338074	0.1544297590129346	1.0	1.0	1.0	1.0	1.0	1.0	1.0	1.0	1.0
0.6106761062082515	0.9978016706020387	0.1329869926848689	1.0	1.0	1.0	1.0	1.0	1.0	1.0	1.0	1.0
0.6078216139907351	0.9124947705492744	0.4624318866084748	1.0	1.0	1.0	1.0	1.0	1.0	1.0	1.0	1.0
0.7389431246531099	0.8819551519918166	0.4833423110519739	1.0	1.0	1.0	1.0	1.0	1.0	1.0	1.0	1.0
0.7466214933100224	0.8145837333579959	0.37117952663874787	1.0	1.0	1.0	1.0	1.0	1.0	1.0	1.0	1.0
0.6003315599935061	0.9643061998808414	0.27184047859427524	1.0	1.0	1.0	1.0	1.0	1.0	1.0	1.0	1.0
0.6150507891480169	0.9352727663456656	0.42460671782985004	1.0	1.0	1.0	1.0	1.0	1.0	1.0	1.0	1.0
0.7486414596242196	0.964688332016521	0.23250577683145626	1.0	1.0	1.0	1.0	1.0	1.0	1.0	1.0	1.0
0.7324596930131857	0.8259931203938755	0.4469178017520903	1.0	1.0	1.0	1.0	1.0	1.0	1.0	1.0	1.0
0.5774393565566834	0.9750818989134781	0.23935230103769653	1.0	1.0	1.0	1.0	1.0	1.0	1.0	1.0	1.0
0.7833456637032588	0.9731911071869703	0.23845717218444684	1.0	1.0	1.0	1.0	1.0	1.0	1.0	0.0	1.0
0.5633160279334436	0.9261726602906891	0.4460921405494773	1.0	1.0	1.0	1.0	1.0	1.0	1.0	1.0	1.0
0.6497606066805505	0.7788558408805415	0.5710998088243147	1.0	1.0	1.0	1.0	1.0	1.0	1.0	1.0	1.0
0.7625484713666522	0.9811040896353375	0.3010358593421189	1.0	1.0	1.0	1.0	1.0	1.0	1.0	1.0	1.0
0.6552909780573367	0.8384335151811823	0.43844482602298407	1.0	1.0	1.0	1.0	1.0	1.0	1.0	1.0	1.0
0.7341194812688744	0.8788472547394168	0.4219534713328255	1.0	1.0	1.0	1.0	1.0	1.0	1.0	1.0	1.0
0.589308853641933	0.9904887020469391	0.18063929588112712	1.0	1.0	1.0	1.0	1.0	1.0	1.0	0.0	1.0
0.5490072664302357	0.974121234852379	0.29330528447809806	1.0	1.0	1.0	1.0	1.0	1.0	1.0	1.0	1.0
0.6382515610675822	0.8960756907033705	0.3784711184526959	1.0	1.0	1.0	1.0	1.0	1.0	1.0	1.0	1.0
0.6476785483111722	0.8842282323862556	0.4886658121268367	1.0	1.0	1.0	1.0	1.0	1.0	1.0	1.0	1.0
0.6526265237092954	0.9283006751586685	0.40314806290810906	1.0	1.0	1.0	1.0	1.0	1.0	1.0	1.0	1.0
0.6154743347905417	0.7491580506991385	0.5801845604174468	1.0	1.0	1.0	0.0	1.0	1.0	0.0	1.0	1.0
0.6419880005790947	0.6899251258594878	0.7005323720834886	1.0	1.0	0.0	1.0	0.0	0.0	1.0	0.0	0.0
0.6289673709655456	0.9466047900681603	0.31435491072818095	1.0	1.0	1.0	1.0	1.0	1.0	1.0	1.0	1.0
0.8525854469804208	0.7651891587889408	0.4455562875717962	1.0	1.0	1.0	0.0	1.0	1.0	0.0	1.0	1.0
0.6654879365142128	0.8501187071321376	0.23128299298893015	1.0	1.0	1.0	1.0	0.0	1.0	1.0	0.0	1.0
0.6588663772521925	0.6721280911826705	0.6050221681393224	1.0	1.0	1.0	1.0	0.0	0.0	0.0	0.0	0.0
0.6943249070400943	0.8086089116145004	0.5198142175154158	1.0	1.0	1.0	1.0	1.0	1.0	1.0	1.0	0.0
0.6383095018661633	0.9864482967850887	0.22394198232074086	1.0	1.0	1.0	1.0	0.0	1.0	1.0	0.0	1.0
0.7687380769607413	0.9241948311664301	0.3732271563625076	1.0	1.0	1.0	1.0	1.0	1.0	1.0	1.0	1.0
0.6806340516211303	0.9174988750760864	0.5428113914929852	1.0	1.0	1.0	1.0	1.0	1.0	1.0	1.0	0.0
0.7961658109757698	0.9247355466750541	0.37156393978244406	1.0	1.0	1.0	1.0	1.0	1.0	1.0	1.0	1.0
0.6736052124895688	0.8690679336493039	0.44073107642818893	1.0	1.0	1.0	1.0	1.0	1.0	1.0	1.0	1.0
0.8685914251202749	0.9101125240815818	0.2697348261792857	1.0	1.0	1.0	0.0	1.0	1.0	0.0	1.0	1.0
0.8139568012707344	0.9688992472509527	0.22466162571852166	1.0	1.0	1.0	1.0	1.0	1.0	1.0	1.0	1.0
0.8447267371563315	0.8658971148334298	0.4283563352254256	1.0	1.0	1.0	1.0	1.0	1.0	1.0	1.0	1.0
0.8273480172279835	0.9780355757230431	0.26015266540863613	1.0	1.0	1.0	1.0	1.0	1.0	1.0	1.0	1.0
0.8451326362236599	0.997067818090018	0.08218108596798446	1.0	1.0	1.0	1.0	1.0	1.0	1.0	1.0	1.0
0.6561956433674881	0.8854012636711485	0.358745339880629	1.0	1.0	1.0	1.0	1.0	1.0	1.0	1.0	1.0
0.7799142476006448	0.8634846201477596	0.4465960028015255	1.0	1.0	1.0	1.0	1.0	1.0	1.0	1.0	1.0
0.6320774581989215	0.9658929587856714	0.27941044681921445	1.0	1.0	1.0	1.0	1.0	1.0	1.0	1.0	1.0
0.8551319542015171	0.9199696730825957	0.25800759038216187	1.0	1.0	1.0	0.0	1.0	1.0	0.0	1.0	1.0
0.6722521489530379	0.6130297703927133	0.7243904442135923	1.0	0.0	0.0	1.0	0.0	0.0	1.0	0.0	0.0
0.8573425600199098	0.9296546862058237	0.22945090198734197	1.0	1.0	1.0	1.0	1.0	1.0	0.0	1.0	1.0
0.638058670841118	0.9519140558934299	0.3426525027385513	1.0	1.0	1.0	1.0	1.0	1.0	1.0	1.0	1.0
0.7421438104371676	0.8883393078008285	0.35586654213123425	1.0	1.0	1.0	1.0	1.0	1.0	1.0	1.0	1.0
0.749530339906023	0.8346968610981115	0.46121942266563337	1.0	1.0	1.0	1.0	1.0	1.0	1.0	1.0	1.0
0.6519832968213773	0.9074786119252787	0.41714172345720163	1.0	1.0	1.0	1.0	1.0	1.0	1.0	1.0	1.0
0.6917915612725559	0.9026280562781345	0.4130648792986199	1.0	1.0	1.0	1.0	1.0	1.0	1.0	1.0	1.0
0.7197266977385984	0.7596428300564869	0.6228869330985244	1.0	1.0	1.0	1.0	1.0	1.0	1.0	1.0	0.0
0.5975449394863085	0.9335638159213471	0.32863808416799883	1.0	1.0	1.0	1.0	1.0	1.0	1.0	1.0	1.0
0.7555453337425622	0.9125544266098996	0.303604022551129	1.0	1.0	1.0	1.0	1.0	1.0	1.0	1.0	1.0
0.6413394575698462	0.9928895656050302	0.14075672912122686	1.0	1.0	1.0	1.0	1.0	1.0	1.0	1.0	1.0
0.9345339171864705	0.94679729478131	0.30211621906380515	1.0	1.0	1.0	1.0	1.0	1.0	0.0	1.0	1.0
0.6714871869827743	0.7735309615027068	0.3571185275665989	1.0	1.0	1.0	1.0	0.0	1.0	1.0	0.0	1.0
0.7445568951566461	0.896933243460989	0.42107622558544827	1.0	1.0	1.0	1.0	1.0	1.0	1.0	1.0	1.0
0.7487861697343308	0.8744289783375752	0.4610067333700153	1.0	1.0	1.0	1.0	1.0	1.0	1.0	1.0	1.0
0.8640982603985811	0.9816151315942794	0.1789730701118738	1.0	1.0	1.0	1.0	1.0	1.0	1.0	1.0	1.0
0.7766735653093099	0.8887236409110707	0.3984371363080969	1.0	1.0	1.0	1.0	1.0	1.0	1.0	1.0	1.0
0.7283994658701752	0.8296109186803927	0.3848703515981876	1.0	1.0	1.0	1.0	1.0	1.0	1.0	1.0	1.0
0.5957014890610147	0.9091685079601647	0.30956753183401126	1.0	1.0	1.0	1.0	1.0	1.0	1.0	1.0	1.0
0.6593252982232274	0.6039807853590328	0.4976555317190253	1.0	0.0	1.0	1.0	0.0	1.0	1.0	0.0	1.0
0.5592004667312289	0.9445352655635832	0.37509844769882805	1.0	1.0	1.0	1.0	1.0	1.0	1.0	1.0	1.0
0.5795075939645353	0.9601282698950301	0.25969690433768117	1.0	1.0	1.0	1.0	1.0	1.0	1.0	1.0	1.0
0.6917764162751637	0.9678837359660108	0.19763021209667056	1.0	1.0	1.0	1.0	1.0	1.0	1.0	1.0	1.0
0.6606345771385617	0.9755495853052882	0.12611390116864066	1.0	1.0	1.0	1.0	1.0	1.0	1.0	1.0	1.0
0.6511715430867818	0.8644321042323876	0.3938337183909176	1.0	1.0	1.0	1.0	1.0	1.0	1.0	1.0	1.0
0.5756580102929512	0.8275997184801119	0.4248796255724766	1.0	1.0	1.0	0.0	1.0	1.0	0.0	1.0	1.0
0.6863671330291465	0.9001158178319728	0.2147722626429071	1.0	1.0	1.0	1.0	1.0	1.0	1.0	1.0	1.0
0.6983835177658471	0.9816863077798609	0.18423941762628843	1.0	1.0	1.0	1.0	1.0	1.0	1.0	1.0	1.0
0.7320049564854036	0.7905364573251327	0.5791931904463085	1.0	1.0	1.0	1.0	1.0	1.0	1.0	1.0	0.0
0.6091862969376818	0.9058319998331593	0.463040443111281	1.0	1.0	1.0	1.0	1.0	1.0	1.0	1.0	1.0
0.6526243350799869	0.9362956606231188	0.34541969008254575	1.0	1.0	1.0	1.0	1.0	1.0	1.0	1.0	1.0
0.7508980935714566	0.9486574205052901	0.191512496528639	1.0	1.0	1.0	1.0	1.0	0.0	1.0	1.0	0.0
0.7621775803066565	0.8399415099820382	0.4460041760108598	1.0	1.0	1.0	1.0	1.0	1.0	1.0	1.0	1.0
0.6017447719612542	0.9221094605181891	0.40554886368652704	1.0	1.0	1.0	1.0	1.0	1.0	1.0	1.0	1.0
0.6868175438531444	0.8403517733297532	0.5106674877321361	1.0	1.0	1.0	1.0	1.0	1.0	1.0	1.0	0.0
0.6093408890524706	0.9399309181550121	0.33233580749379027	1.0	1.0	1.0	1.0	1.0	1.0	1.0	1.0	1.0
0.724240593789132	0.8198305840844732	0.42496610050160516	1.0	1.0	1.0	1.0	1.0	1.0	1.0	1.0	1.0
0.7065691920292289	0.9012697641508632	0.3808874315689439	1.0	1.0	1.0	1.0	1.0	1.0	1.0	1.0	1.0
0.7339270993057085	0.9044376261785515	0.48144016118676947	1.0	1.0	1.0	1.0	1.0	1.0	1.0	1.0	1.0
0.6947397205289929	0.8772380013919201	0.5026219830079757	1.0	1.0	1.0	1.0	1.0	1.0	1.0	1.0	1.0
0.6756489769685092	0.8459883891675299	0.46911214407867524	1.0	1.0	1.0	1.0	1.0	1.0	1.0	1.0	1.0
0.5539416512279104	0.9171843133589148	0.4385433469000187	1.0	1.0	1.0	1.0	1.0	1.0	1.0	1.0	1.0
0.7295952064349749	0.8399132365079648	0.4031695139210764	1.0	1.0	1.0	1.0	1.0	1.0	1.0	1.0	1.0
0.7787363852023154	0.8818373952662255	0.43460683110426207	1.0	1.0	1.0	1.0	1.0	1.0	1.0	1.0	1.0
0.631447356431119	0.9511057921187738	0.24167830518780972	1.0	1.0	1.0	1.0	1.0	1.0	1.0	1.0	1.0
0.6045762450638924	0.9519785215250918	0.2583939215583148	1.0	1.0	1.0	1.0	1.0	1.0	1.0	1.0	1.0
0.6492585760684556	0.831055193538558	0.5575268634967427	1.0	1.0	1.0	1.0	1.0	1.0	1.0	1.0	0.0
0.7114617563582067	0.968336120355871	0.3202597331480111	1.0	1.0	1.0	1.0	1.0	1.0	1.0	1.0	1.0
0.6028041489882263	0.8660811986056246	0.39430118765794303	1.0	1.0	1.0	1.0	1.0	1.0	1.0	1.0	1.0
0.6264186535761381	0.6688504186393587	0.6681622706843321	1.0	1.0	1.0	1.0	0.0	0.0	0.0	0.0	0.0
0.6271630911604668	0.933823826262507	0.25467909942021144	1.0	1.0	1.0	1.0	1.0	1.0	1.0	1.0	1.0
0.6773894311178692	0.948295739014444	0.34575802272467715	1.0	1.0	1.0	1.0	1.0	1.0	1.0	1.0	1.0
0.7218287832333338	0.8583053840799805	0.5406832719195702	1.0	1.0	1.0	1.0	1.0	1.0	1.0	1.0	1.0
0.6918571181147144	0.9408458964603917	0.3016658112593226	1.0	1.0	1.0	1.0	1.0	1.0	1.0	1.0	1.0
0.7058863780837213	0.8933719783768593	0.433389915585111	1.0	1.0	1.0	1.0	1.0	1.0	1.0	1.0	1.0
0.6879717454931272	0.8140316103695766	0.5090437252164189	1.0	1.0	1.0	1.0	1.0	1.0	1.0	1.0	0.0
0.6851738141620826	0.9225561955230075	0.4727463732295326	1.0	1.0	1.0	1.0	1.0	1.0	1.0	1.0	1.0
0.6416089366825793	0.935531594800362	0.3520583894943731	1.0	1.0	1.0	1.0	1.0	1.0	1.0	1.0	1.0
0.7684914118477784	0.8711357746241865	0.42836547636175004	1.0	1.0	1.0	1.0	1.0	1.0	1.0	1.0	1.0
0.7297330203276241	0.8655923910395416	0.3131635887308194	1.0	1.0	1.0	1.0	1.0	1.0	1.0	1.0	1.0
0.8439899970430227	0.9727821845497869	0.2434565408038478	1.0	1.0	1.0	1.0	1.0	1.0	1.0	0.0	1.0
0.7610664829872177	0.8603702393333976	0.4311407866865152	1.0	1.0	1.0	1.0	1.0	1.0	1.0	1.0	1.0
0.7377080717230016	0.8892983860085347	0.37863917900831534	1.0	1.0	1.0	1.0	1.0	1.0	1.0	1.0	1.0
0.6494421307487914	0.9519988600930221	0.1958295203171413	1.0	1.0	1.0	1.0	1.0	1.0	1.0	1.0	1.0
0.6110348911994825	0.8094439752407118	0.48621623360778166	1.0	1.0	1.0	1.0	1.0	1.0	0.0	1.0	1.0
0.6410492339900195	0.9074292463746761	0.4087085469379763	1.0	1.0	1.0	1.0	1.0	1.0	1.0	1.0	1.0
0.7134779613036637	0.8389842520446487	0.5134285936214373	1.0	1.0	1.0	1.0	1.0	1.0	1.0	1.0	0.0
0.7017226932285278	0.9280894462050371	0.3234111416949114	1.0	1.0	1.0	1.0	1.0	1.0	1.0	1.0	1.0
0.7162187473853443	0.9707756179812169	0.1984131141419333	1.0	1.0	1.0	1.0	1.0	1.0	1.0	1.0	1.0
0.7027668520614788	0.9077073856716673	0.38783839763082895	1.0	1.0	1.0	1.0	1.0	1.0	1.0	1.0	1.0
0.6814437056245862	0.9678057740245253	0.1995847846743486	1.0	1.0	1.0	1.0	1.0	1.0	1.0	1.0	1.0
0.7606786827365671	0.9357282431383727	0.3968956681477271	1.0	1.0	1.0	1.0	1.0	1.0	1.0	1.0	1.0
0.6333516192194987	0.8781258730601145	0.3669513460037024	1.0	1.0	1.0	1.0	1.0	1.0	1.0	1.0	1.0
0.6852485629339429	0.9596720360643384	0.2383894833859723	1.0	1.0	1.0	1.0	1.0	1.0	1.0	1.0	1.0
0.6032923337456039	0.902799564750492	0.43466015517102874	1.0	1.0	1.0	1.0	1.0	1.0	1.0	1.0	1.0
0.6109667317541909	0.8945630394717715	0.46997170883578754	1.0	1.0	1.0	1.0	1.0	1.0	1.0	1.0	1.0
0.5572435163112817	0.8045403366107594	0.5224264255453037	0.0	1.0	1.0	0.0	1.0	1.0	0.0	1.0	0.0
0.6585680751514844	0.7421282988068126	0.5361497889136119	1.0	1.0	1.0	1.0	1.0	1.0	1.0	1.0	1.0
0.7754479129297799	0.9474442525785142	0.3606678885301775	1.0	1.0	1.0	1.0	1.0	1.0	1.0	1.0	1.0
0.6822746994601464	0.9149618804389185	0.42190480162656735	1.0	1.0	1.0	1.0	1.0	1.0	1.0	1.0	1.0
0.5957651989811059	0.7857741550746027	0.5640261371991455	1.0	1.0	1.0	0.0	1.0	0.0	0.0	1.0	0.0
0.6738379230567456	0.8862550145402622	0.525123620563767	1.0	1.0	1.0	1.0	1.0	1.0	1.0	1.0	1.0
0.730008607583646	0.9616894532679304	0.3299775039231081	1.0	1.0	1.0	1.0	1.0	1.0	1.0	1.0	1.0
0.6352122172515414	0.9365474886130537	0.32835476131260055	1.0	1.0	1.0	1.0	1.0	1.0	1.0	1.0	1.0
0.7071781487146444	0.9215052410751264	0.3422452263324943	1.0	1.0	1.0	1.0	1.0	1.0	1.0	1.0	1.0
0.6204836736632616	0.916273388936209	0.4211676815260993	1.0	1.0	1.0	1.0	1.0	1.0	1.0	1.0	1.0
0.6461299763122941	0.8738184193414937	0.38012763324133986	1.0	1.0	1.0	1.0	1.0	1.0	1.0	1.0	1.0
0.6552728708148902	0.92512865819119	0.3751336121961808	1.0	1.0	1.0	1.0	1.0	1.0	1.0	1.0	1.0
0.7376035366726629	0.9502380349468125	0.28140189363186285	1.0	1.0	1.0	1.0	1.0	1.0	1.0	1.0	1.0
0.7014393603011629	0.9884762613111762	0.1647761957238147	1.0	1.0	1.0	1.0	1.0	1.0	1.0	1.0	1.0
0.77779190823461	0.8513720726212877	0.44353600151909534	1.0	1.0	1.0	1.0	1.0	1.0	1.0	1.0	1.0
0.6141331448507311	0.7543616859500846	0.6190909829420852	1.0	1.0	1.0	1.0	1.0	0.0	1.0	1.0	0.0
0.7542450780211565	0.9894697235352257	0.15395051593616865	1.0	1.0	1.0	1.0	1.0	1.0	1.0	1.0	1.0
0.6315199395594463	0.8208675204591804	0.41030035988060054	1.0	1.0	1.0	1.0	1.0	1.0	1.0	1.0	1.0
0.59508411272117	0.9934399750876405	0.16314826750470746	1.0	1.0	1.0	1.0	1.0	1.0	1.0	1.0	1.0
0.6177674949345144	0.780496336142128	0.5782368408958655	1.0	1.0	1.0	1.0	1.0	1.0	1.0	1.0	0.0
0.6701086095501465	0.8716743278450867	0.5339185307595024	1.0	1.0	1.0	1.0	1.0	1.0	1.0	1.0	1.0
0.6676522232502403	0.7967896638184588	0.47380839135197367	1.0	1.0	1.0	1.0	1.0	1.0	1.0	1.0	1.0
0.7977507110991614	0.8297952360943219	0.4898656844804985	1.0	1.0	1.0	1.0	1.0	1.0	1.0	1.0	1.0
0.785924765837883	0.9418765822742032	0.23169886731778885	1.0	1.0	1.0	1.0	1.0	1.0	1.0	1.0	1.0
0.6591381585604954	0.9245599920015923	0.33619574504520294	1.0	1.0	1.0	1.0	1.0	1.0	1.0	1.0	1.0
0.5920901424589496	0.9562095017007434	0.4000817253721588	1.0	1.0	1.0	1.0	1.0	1.0	1.0	1.0	1.0
0.6205613476323589	0.8658336672233514	0.4341030053219422	1.0	1.0	1.0	1.0	1.0	1.0	1.0	1.0	1.0
0.6950602274257563	0.9323103835555792	0.35591644541927786	1.0	1.0	1.0	1.0	1.0	1.0	1.0	1.0	1.0
0.6461341288966485	0.9682970354678961	0.26698941527627956	1.0	1.0	1.0	1.0	1.0	1.0	1.0	1.0	1.0
0.702427991741537	0.933193818429127	0.38786210435624496	1.0	1.0	1.0	1.0	1.0	1.0	1.0	1.0	1.0
0.6742258466060487	0.5645645407343886	0.5870114264984254	1.0	0.0	1.0	1.0	0.0	0.0	1.0	0.0	0.0
0.7021106421553951	0.792631771822594	0.5802175239018189	1.0	1.0	1.0	1.0	1.0	1.0	1.0	1.0	0.0
0.672170629599492	0.7850075798815053	0.5423428397599189	1.0	1.0	1.0	1.0	1.0	1.0	1.0	1.0	1.0
0.671677324674929	0.8621460753816419	0.4479243004937658	1.0	1.0	1.0	1.0	1.0	1.0	1.0	1.0	1.0
0.6778701860311951	0.9583756137163909	0.3114046259806421	1.0	1.0	1.0	1.0	1.0	1.0	1.0	1.0	1.0
0.7700862413726929	0.8915683543634799	0.33072759483602954	1.0	1.0	1.0	1.0	1.0	1.0	1.0	1.0	1.0
0.7679561072100765	0.8842674333546117	0.43749466290409866	1.0	1.0	1.0	1.0	1.0	1.0	1.0	1.0	1.0
0.6858234969000896	0.9129849529847169	0.33591615519742346	1.0	1.0	1.0	1.0	1.0	1.0	1.0	1.0	1.0
0.7466765764280301	0.9361498990616218	0.37735525404619186	1.0	1.0	1.0	1.0	1.0	1.0	1.0	1.0	1.0
0.6006650103203828	0.8936975358455067	0.3236382696250405	1.0	1.0	1.0	1.0	1.0	1.0	1.0	1.0	1.0
0.5795769211059616	0.9062597198903387	0.35507366721009087	1.0	1.0	1.0	0.0	1.0	1.0	0.0	1.0	1.0
0.6594592136363315	0.7764434979681306	0.5118170257599725	1.0	1.0	1.0	1.0	1.0	1.0	1.0	1.0	1.0
0.6796464733702389	0.7000542818882786	0.6558288062979774	1.0	1.0	1.0	1.0	0.0	0.0	1.0	0.0	0.0
0.6310170184954272	0.9242550917370128	0.30491929895214337	1.0	1.0	1.0	1.0	1.0	1.0	1.0	1.0	1.0
0.4951481870097822	0.9987905696078441	0.16915452323628224	1.0	1.0	1.0	1.0	1.0	1.0	1.0	0.0	1.0
0.6492353673605301	0.8376837242406414	0.4269260447307926	1.0	1.0	1.0	1.0	1.0	1.0	1.0	1.0	1.0
0.6180743127625308	0.8806669460566642	0.3770110495079813	1.0	1.0	1.0	1.0	1.0	1.0	1.0	1.0	1.0
0.7751341882999493	0.9246614948845524	0.2811371250499316	1.0	1.0	1.0	1.0	1.0	1.0	1.0	1.0	1.0
0.7278659133279719	0.9549033154587291	0.43641798950448973	1.0	1.0	1.0	1.0	1.0	1.0	1.0	1.0	1.0
0.8210385221974503	0.8655223893591638	0.4039354307006398	1.0	1.0	1.0	1.0	1.0	1.0	1.0	1.0	1.0
0.6203938650588825	0.9195946270057594	0.30959188822357203	1.0	1.0	1.0	1.0	1.0	1.0	1.0	1.0	1.0
0.6209886815160831	0.8450785766421909	0.5311309750464542	1.0	1.0	1.0	1.0	1.0	1.0	1.0	1.0	1.0
0.6780481315967877	0.9028861298140485	0.30654927147029076	1.0	1.0	1.0	1.0	1.0	1.0	1.0	1.0	1.0
0.6634907728074114	0.9154719876221388	0.38040379925231865	1.0	1.0	1.0	1.0	1.0	1.0	1.0	1.0	1.0
0.7182376278866309	0.9373961881922446	0.3060642663369609	1.0	1.0	1.0	1.0	1.0	1.0	1.0	1.0	1.0
0.6493775886677171	0.9450796558549692	0.31876311792038886	1.0	1.0	1.0	1.0	1.0	1.0	1.0	1.0	1.0
0.6978870355308834	0.8196629615544717	0.44837631616084384	1.0	1.0	1.0	1.0	1.0	1.0	1.0	1.0	1.0
0.674647810614932	0.9224295029998415	0.33185607130564304	1.0	1.0	1.0	1.0	1.0	1.0	1.0	1.0	1.0
0.5716033917975641	0.8891574063836223	0.349696220046761	1.0	1.0	1.0	0.0	1.0	1.0	0.0	1.0	1.0
0.6883326214734459	0.9470940971687055	0.3768116866105203	1.0	1.0	1.0	1.0	1.0	1.0	1.0	1.0	1.0
0.5552575031948425	0.9120976495622068	0.3673401767836672	1.0	1.0	1.0	0.0	1.0	1.0	0.0	1.0	1.0
0.7612002258503227	0.8279736202086523	0.5050389030263339	1.0	1.0	1.0	1.0	1.0	1.0	1.0	1.0	1.0
0.5971415916696079	0.9361910417750701	0.3642270129959468	1.0	1.0	1.0	1.0	1.0	1.0	0.0	1.0	1.0
0.6432338398716132	0.8171131249225131	0.5248043447443553	1.0	1.0	1.0	1.0	1.0	1.0	1.0	1.0	0.0
0.6621569906347929	0.706375399843969	0.683907025057993	1.0	1.0	1.0	1.0	1.0	0.0	1.0	1.0	0.0
0.6575347216177817	0.9013117667413153	0.3404875818679601	1.0	1.0	1.0	1.0	1.0	1.0	1.0	1.0	1.0
0.6454955238052783	0.9075291717236468	0.3693072260370004	1.0	1.0	1.0	1.0	1.0	1.0	1.0	1.0	1.0
0.8080028203075895	0.9804036142746674	0.21071816269583146	1.0	1.0	1.0	1.0	1.0	1.0	1.0	1.0	1.0
0.6592701254255018	0.7766044604007696	0.4772348967498356	1.0	1.0	1.0	1.0	1.0	1.0	1.0	1.0	1.0
0.6723988761024184	0.9370929724222573	0.41688804992224127	1.0	1.0	1.0	1.0	1.0	1.0	1.0	1.0	1.0
0.5715577990718622	0.9961854063976436	0.13185315953391294	1.0	1.0	1.0	1.0	1.0	1.0	1.0	1.0	1.0
0.6978586470104003	0.9294399690199658	0.39657518249402435	1.0	1.0	1.0	1.0	1.0	1.0	1.0	1.0	1.0
0.7183504514663439	0.9497731854527063	0.24061011576688257	1.0	1.0	1.0	1.0	1.0	1.0	1.0	1.0	1.0
0.5529587471320316	0.85145374144471	0.517465239029291	1.0	1.0	1.0	0.0	1.0	0.0	0.0	1.0	0.0
0.7309890243777275	0.959123928176442	0.2523324151808376	1.0	1.0	1.0	1.0	1.0	1.0	1.0	1.0	1.0
0.7260495406702958	0.9156014621619882	0.3210263480642331	1.0	1.0	1.0	1.0	1.0	1.0	1.0	1.0	1.0
0.6585845853612435	0.8747110901080312	0.3883907174158878	1.0	1.0	1.0	1.0	1.0	1.0	1.0	1.0	1.0
0.722340876060911	0.9974033748873434	0.10742273852287315	1.0	1.0	1.0	1.0	1.0	1.0	1.0	1.0	1.0
0.6514396770109155	0.8361898372359117	0.5066343876720685	1.0	1.0	1.0	1.0	1.0	1.0	1.0	1.0	1.0
0.7202407529776207	0.8043641758161741	0.42219940261425304	1.0	1.0	1.0	1.0	1.0	1.0	1.0	1.0	1.0
0.7594894339572865	0.945894976658459	0.3298077362763766	1.0	1.0	1.0	1.0	1.0	1.0	1.0	1.0	1.0
0.6511612165069801	0.9048816718486582	0.3202017198859835	1.0	1.0	1.0	1.0	1.0	1.0	1.0	1.0	1.0
0.735604422470933	0.917642505428653	0.38157749445679245	1.0	1.0	1.0	1.0	1.0	1.0	1.0	1.0	1.0
0.6781096732214086	0.9410937384929068	0.31217691595249186	1.0	1.0	1.0	1.0	1.0	1.0	1.0	1.0	1.0
0.6152256101862095	0.9828467053927387	0.24520892399405939	1.0	1.0	1.0	1.0	1.0	1.0	1.0	0.0	1.0
0.6000685300096203	0.9656035090080042	0.25486361941630764	1.0	1.0	1.0	1.0	1.0	1.0	1.0	1.0	1.0
0.6702399511875672	0.8089996506870321	0.5321481114355104	1.0	1.0	1.0	1.0	1.0	0.0	1.0	1.0	0.0
0.6504911329296755	0.8917225510031594	0.35708096179018295	1.0	1.0	1.0	1.0	1.0	1.0	1.0	1.0	1.0
0.7280438346041606	0.9073951801942288	0.4361504809859814	1.0	1.0	1.0	1.0	1.0	1.0	1.0	1.0	1.0
0.5896854473136379	0.9142936711656384	0.3804966052267304	1.0	1.0	1.0	1.0	1.0	1.0	1.0	1.0	1.0
0.6512717648020626	0.916191889974163	0.357511694207283	1.0	1.0	1.0	1.0	1.0	1.0	1.0	1.0	1.0
0.6318371536395521	0.943556820402604	0.29692635985143795	1.0	1.0	1.0	1.0	1.0	1.0	1.0	1.0	1.0
0.6927742383881956	0.9358902194924841	0.31028394454809755	1.0	1.0	1.0	1.0	1.0	1.0	1.0	1.0	1.0
0.7517869649464972	0.9110827129925406	0.3775432143984289	1.0	1.0	1.0	1.0	1.0	1.0	1.0	1.0	1.0
0.6667606113535476	0.8159108294418765	0.4155419338994955	1.0	1.0	1.0	1.0	1.0	1.0	1.0	1.0	1.0
0.5841146022346011	0.9891648916561473	0.12329875227263198	1.0	1.0	1.0	1.0	1.0	1.0	1.0	1.0	0.0
0.7277375111138036	0.9548156520583742	0.2320313378210537	1.0	1.0	1.0	1.0	1.0	1.0	1.0	1.0	1.0
0.7470096014989962	0.9332342257023388	0.4648509250012217	1.0	1.0	1.0	1.0	1.0	1.0	1.0	1.0	1.0
0.8233726128633644	0.8743981421844838	0.4367978223955569	1.0	1.0	1.0	1.0	1.0	1.0	1.0	1.0	1.0
0.5664843099947463	0.9977490087037154	0.1190244562053587	1.0	1.0	1.0	1.0	1.0	1.0	1.0	1.0	1.0
0.6594914883407854	0.7903776654351367	0.5116084354067538	1.0	1.0	1.0	1.0	1.0	1.0	1.0	1.0	0.0
0.696800805891864	0.8960135057759662	0.41062601575185	1.0	1.0	1.0	1.0	1.0	1.0	1.0	1.0	1.0
0.7184737892485001	0.9054327249543612	0.42893212767243977	1.0	1.0	1.0	1.0	1.0	1.0	1.0	1.0	1.0
0.7385909109743618	0.9283491852320044	0.3730724060046471	1.0	1.0	1.0	1.0	1.0	1.0	1.0	1.0	1.0
0.7779345266992823	0.9385887045312973	0.28498983375757125	1.0	1.0	1.0	1.0	1.0	1.0	1.0	1.0	1.0
0.6771445661603025	0.8662637221345874	0.4804577975276641	1.0	1.0	1.0	1.0	1.0	1.0	1.0	1.0	1.0
0.7175554102822765	0.8704441477894084	0.3175413216493768	1.0	1.0	1.0	1.0	1.0	1.0	1.0	1.0	1.0
0.5607115214878782	0.9413151360752107	0.30972493707108006	1.0	1.0	1.0	0.0	1.0	1.0	0.0	1.0	1.0
0.6089919269490218	0.6627757180618925	0.6471591548979747	1.0	1.0	1.0	1.0	1.0	1.0	0.0	0.0	1.0
0.6340783373890229	0.8588053474653073	0.3836986856815606	1.0	1.0	1.0	1.0	1.0	1.0	1.0	1.0	1.0
0.6185076091264311	0.9213518884486083	0.4074449410521741	1.0	1.0	1.0	1.0	1.0	1.0	1.0	1.0	1.0
0.7124640512394049	0.8885994118286921	0.4525883007036546	1.0	1.0	1.0	1.0	1.0	1.0	1.0	1.0	1.0
0.6198151771968797	0.9274003982758936	0.2570341420487297	1.0	1.0	1.0	1.0	1.0	1.0	1.0	1.0	1.0
0.6652760944713895	0.9778388880187597	0.16581937500610772	1.0	1.0	1.0	1.0	1.0	1.0	1.0	1.0	1.0
0.8097417198038447	0.9894431700941523	0.15054114912123925	1.0	1.0	1.0	1.0	1.0	1.0	1.0	1.0	1.0
0.7353224093422985	0.8407651257528342	0.480717883408834	1.0	1.0	1.0	1.0	1.0	1.0	1.0	1.0	1.0
0.6997872305560257	0.9094723164473899	0.5205639778076956	1.0	1.0	1.0	1.0	1.0	1.0	1.0	1.0	1.0
0.40460035511209624	0.9977300307800897	0.12824372992471247	1.0	1.0	1.0	1.0	1.0	1.0	1.0	1.0	1.0
0.6042019083442834	0.8791331436764409	0.38020712849081	1.0	1.0	1.0	1.0	1.0	1.0	0.0	1.0	1.0
0.8595905510854563	0.8201308215900266	0.4799782247744407	1.0	1.0	1.0	1.0	1.0	1.0	1.0	1.0	1.0
0.6393208273299532	0.980490651010526	0.1765758866801816	1.0	1.0	1.0	1.0	1.0	1.0	1.0	1.0	1.0
0.7067232260219483	0.9344007500271478	0.3587005752656346	1.0	1.0	1.0	1.0	1.0	1.0	1.0	1.0	1.0
0.6044024309537529	0.9122097281378769	0.3310835187122822	1.0	1.0	1.0	1.0	1.0	1.0	1.0	1.0	1.0
0.6391723333394357	0.956065635786633	0.29192805117608833	1.0	1.0	1.0	1.0	1.0	1.0	1.0	1.0	1.0
0.6990384668162322	0.9342843611487531	0.2954893950818074	1.0	1.0	1.0	1.0	1.0	1.0	1.0	1.0	1.0
0.5853225117115033	0.951838834516346	0.42884418701934407	1.0	1.0	1.0	1.0	1.0	1.0	1.0	1.0	1.0
0.6350158659906909	0.9642609105581001	0.3681880068512656	1.0	1.0	1.0	1.0	1.0	1.0	1.0	1.0	1.0
0.8551729512994852	0.8629082935421002	0.5569202301504781	1.0	1.0	1.0	1.0	1.0	0.0	1.0	1.0	0.0
0.7247945452334238	0.938593033851078	0.39023963749836976	1.0	1.0	1.0	1.0	1.0	1.0	1.0	1.0	1.0
0.6795141758786547	0.799998725004945	0.5937922948917221	1.0	1.0	1.0	1.0	1.0	0.0	1.0	1.0	0.0
0.5747368563926756	0.8927915100287822	0.4567239650624554	1.0	1.0	1.0	1.0	1.0	1.0	1.0	1.0	1.0
0.6315269059278499	0.8805126277740198	0.36408601451612516	1.0	1.0	1.0	1.0	1.0	1.0	1.0	1.0	1.0
0.6712920581328617	0.8901755575379913	0.38444290617545196	1.0	1.0	1.0	1.0	1.0	1.0	1.0	1.0	1.0
0.7213490869916936	0.9058279216374203	0.36250739872038973	1.0	1.0	1.0	1.0	1.0	1.0	1.0	1.0	1.0
0.6742569011800912	0.8093433939198048	0.558748332369373	1.0	1.0	1.0	1.0	1.0	1.0	1.0	1.0	0.0
0.7317381993445179	0.8906117532607568	0.36248027021751067	1.0	1.0	1.0	1.0	1.0	1.0	1.0	1.0	1.0
0.816759890577676	0.9581613003160683	0.2766964119754559	1.0	1.0	1.0	1.0	1.0	1.0	1.0	1.0	1.0
0.7472228577089046	0.8949563147419207	0.4455434820487607	1.0	1.0	1.0	1.0	1.0	1.0	1.0	1.0	1.0
0.7685412222834377	0.8052891373002091	0.4293770736645642	1.0	1.0	1.0	1.0	0.0	1.0	1.0	0.0	1.0
0.6948228858523532	0.971670020144749	0.2623381735082586	1.0	1.0	1.0	1.0	0.0	1.0	1.0	0.0	1.0
0.8036118925172451	0.7008583939100292	0.495435221909371	1.0	1.0	1.0	1.0	1.0	1.0	0.0	0.0	1.0
0.45809983965772433	0.9927881229288055	0.24223214490734526	1.0	1.0	1.0	1.0	1.0	1.0	1.0	1.0	1.0
0.6700074343148458	0.9571215006527696	0.3323025834599663	1.0	1.0	1.0	1.0	1.0	1.0	1.0	1.0	1.0
0.7475801957195111	0.9194788645797372	0.2819340725196242	1.0	1.0	1.0	1.0	1.0	1.0	1.0	1.0	1.0
0.6831943308965185	0.9010433132476344	0.3426422753802066	1.0	1.0	1.0	1.0	1.0	1.0	1.0	1.0	1.0
0.6612776244879061	0.970346090427968	0.2739880770294643	1.0	1.0	1.0	1.0	1.0	1.0	1.0	0.0	1.0
0.6769248781791903	0.8754411240004449	0.41778765862432665	1.0	1.0	1.0	1.0	1.0	1.0	1.0	1.0	1.0
0.6844042768765494	0.8128230921942491	0.4762608416411493	1.0	1.0	1.0	1.0	1.0	1.0	1.0	1.0	1.0
0.714468176946544	0.8216152860767001	0.41964685454847117	1.0	1.0	1.0	1.0	1.0	1.0	1.0	1.0	1.0
0.6740844339344715	0.9380967372677539	0.2867972711459349	1.0	1.0	1.0	1.0	1.0	1.0	1.0	1.0	1.0
0.634250647494476	0.9281390017310043	0.32422801267901485	1.0	1.0	1.0	1.0	1.0	1.0	1.0	1.0	1.0
0.6816089779502089	0.9300301682261467	0.34957517522331805	1.0	1.0	1.0	1.0	1.0	1.0	1.0	1.0	1.0
0.7703742809240371	0.9586903017226118	0.3265702199243483	1.0	1.0	1.0	1.0	1.0	1.0	1.0	1.0	1.0
0.49501327631207526	0.9526911451023449	0.21356108518649647	1.0	1.0	1.0	0.0	1.0	1.0	0.0	1.0	1.0
0.6647707103885077	0.9564402528208079	0.38706924472047055	1.0	1.0	1.0	1.0	1.0	1.0	1.0	1.0	1.0
0.656174955985894	0.9359703484985559	0.23067995592482782	1.0	1.0	1.0	1.0	1.0	1.0	1.0	1.0	1.0
0.8174579651424502	0.9222739358930929	0.3735127048489239	1.0	1.0	1.0	1.0	1.0	1.0	1.0	1.0	1.0
0.678271233021967	0.8835247452238909	0.5110891246247578	1.0	1.0	1.0	1.0	1.0	1.0	1.0	1.0	1.0
0.6508814475874506	0.8315484400829173	0.5295111016895193	1.0	1.0	1.0	1.0	1.0	1.0	1.0	1.0	1.0
0.7583110399325006	0.741700465399	0.46132208609974285	1.0	1.0	1.0	1.0	1.0	1.0	1.0	1.0	1.0
0.6575940240496365	0.9304835064207383	0.3669833686180177	1.0	1.0	1.0	1.0	1.0	1.0	1.0	1.0	1.0
0.5823726583210035	0.9784971581882471	0.25245889241318215	1.0	1.0	1.0	1.0	1.0	1.0	1.0	1.0	1.0
0.727723495822726	0.9744871759883065	0.20573619895245324	1.0	1.0	1.0	1.0	0.0	1.0	1.0	0.0	0.0
0.572945185412316	0.9733428819941439	0.2386464475057169	1.0	1.0	1.0	1.0	1.0	1.0	1.0	1.0	1.0
0.36438522872848933	0.9933840405932999	0.26664955451965433	1.0	1.0	1.0	1.0	0.0	1.0	1.0	0.0	1.0
0.7843261693600266	0.8389478919627343	0.315611465531522	1.0	1.0	1.0	1.0	1.0	1.0	0.0	1.0	1.0
0.6192764477437094	0.9902080659435283	0.15310927463181806	1.0	1.0	1.0	1.0	1.0	1.0	1.0	0.0	1.0
0.654660609101439	0.8390287437509689	0.5069910018425076	1.0	1.0	1.0	1.0	1.0	1.0	1.0	1.0	1.0
0.8008108552506429	0.9410841693701623	0.4307724554402606	1.0	1.0	1.0	1.0	1.0	1.0	1.0	1.0	1.0
0.6744525078487171	0.8956538455749832	0.4790686601278994	1.0	1.0	1.0	1.0	1.0	1.0	1.0	1.0	1.0
0.6720571466987835	0.9170933859113282	0.37669619259192333	1.0	1.0	1.0	1.0	1.0	1.0	1.0	1.0	1.0
0.7801424302763732	0.8613297387061845	0.47410632277439524	1.0	1.0	1.0	1.0	1.0	1.0	1.0	1.0	1.0
0.7365461900764538	0.8412928071563393	0.4191044066852093	1.0	1.0	1.0	1.0	1.0	1.0	1.0	1.0	1.0
0.734127428724472	0.9685280361854194	0.24866959281795364	1.0	1.0	1.0	1.0	1.0	1.0	1.0	1.0	1.0
0.6728402273364603	0.9415535640823015	0.25390066522230514	1.0	1.0	1.0	1.0	1.0	1.0	1.0	1.0	1.0
0.7410062216572202	0.9084964074093009	0.3721592901559047	1.0	1.0	1.0	1.0	1.0	1.0	1.0	1.0	1.0
0.6942252877416883	0.9386048030412715	0.266838553329697	1.0	1.0	1.0	1.0	1.0	1.0	1.0	1.0	1.0
0.7918554392208701	0.8481522336139065	0.4653630653228484	1.0	1.0	1.0	1.0	1.0	1.0	1.0	1.0	1.0
0.7075723842014247	0.9634162449956533	0.26876188537479834	1.0	1.0	1.0	1.0	1.0	1.0	1.0	1.0	1.0
0.6800912438287268	0.9688491868572748	0.18171306760948885	1.0	1.0	1.0	1.0	1.0	1.0	1.0	1.0	1.0
0.709535523058069	0.9243574695266115	0.2971572563506634	1.0	1.0	1.0	1.0	1.0	1.0	1.0	1.0	1.0
0.644123898778023	0.966210769476145	0.32584954598446847	1.0	1.0	1.0	1.0	1.0	1.0	1.0	1.0	1.0
0.8081116049972916	0.9340589706327588	0.3270763645977093	1.0	1.0	1.0	1.0	1.0	1.0	1.0	1.0	1.0
0.7084621447054954	0.9632726640021162	0.2270631293612673	1.0	1.0	1.0	1.0	1.0	1.0	1.0	1.0	1.0
0.7526227705495812	0.7550390235902309	0.5714563108502166	1.0	1.0	1.0	1.0	1.0	1.0	1.0	1.0	1.0
0.6429082688984499	0.905355832424097	0.38268262419747295	1.0	1.0	1.0	1.0	1.0	1.0	1.0	1.0	1.0
0.6701742317219725	0.964705609516325	0.34598439448717583	1.0	1.0	1.0	1.0	1.0	1.0	1.0	1.0	1.0
0.746330680068197	0.9521206296671288	0.3603462232770232	1.0	1.0	1.0	1.0	1.0	1.0	1.0	1.0	1.0
0.7017686983917621	0.8591359141189752	0.5144210355481834	1.0	1.0	1.0	1.0	1.0	1.0	1.0	1.0	1.0
0.6572255548108225	0.933171651030376	0.30362400340151446	1.0	1.0	1.0	1.0	1.0	1.0	1.0	1.0	1.0
0.6556214312866633	0.9309580975897057	0.3909908040459934	1.0	1.0	1.0	1.0	1.0	1.0	1.0	1.0	1.0
0.7988393865691927	0.8428690472097866	0.44034859967638873	1.0	1.0	1.0	1.0	1.0	1.0	1.0	1.0	1.0
0.6150790867358789	0.9454521297103319	0.3398003574154513	1.0	1.0	1.0	1.0	1.0	1.0	1.0	1.0	1.0
0.7186929157892816	0.9633940579701213	0.2977918940624873	1.0	1.0	1.0	1.0	1.0	1.0	1.0	1.0	1.0
0.5260853144726212	0.9966010672618514	0.13654789750695748	1.0	1.0	1.0	1.0	1.0	1.0	1.0	1.0	1.0
0.5922436522124328	0.9469599340057382	0.42872815608276216	1.0	1.0	1.0	1.0	1.0	1.0	1.0	1.0	1.0
0.6201005791123549	0.640509066424518	0.76793335416846	1.0	1.0	0.0	1.0	0.0	0.0	1.0	0.0	0.0
0.6622371379505858	0.6949607311488459	0.6475666066469061	1.0	1.0	1.0	1.0	1.0	0.0	1.0	0.0	0.0
0.681789107184793	0.9291693168336463	0.2963559879013606	1.0	1.0	1.0	1.0	1.0	1.0	1.0	1.0	1.0
0.723462853060603	0.9135821861716704	0.38711978630843225	1.0	1.0	1.0	1.0	1.0	1.0	1.0	1.0	1.0
0.6649372078141725	0.9602945800606474	0.23455111543094653	1.0	1.0	1.0	1.0	1.0	1.0	1.0	1.0	1.0
0.6752188493213885	0.7713102128000587	0.3980587492538256	1.0	1.0	1.0	1.0	1.0	1.0	1.0	1.0	1.0
0.68281620581943	0.9790822481839562	0.17830367572311684	1.0	1.0	1.0	1.0	1.0	1.0	1.0	1.0	0.0
0.6121789848753468	0.9116303126206815	0.4542440725715684	1.0	1.0	1.0	1.0	1.0	1.0	1.0	1.0	1.0
0.6733256923936741	0.9213000864348734	0.33747566580273036	1.0	1.0	1.0	1.0	1.0	1.0	1.0	1.0	1.0
0.7350298546826958	0.8612407834626773	0.449737670756707	1.0	1.0	1.0	1.0	1.0	1.0	1.0	1.0	1.0
0.6825416709626831	0.8947453565772833	0.42977769354498807	1.0	1.0	1.0	1.0	1.0	1.0	1.0	1.0	1.0
0.7077738943226994	0.9499544937532837	0.3668002634710142	1.0	1.0	1.0	1.0	1.0	1.0	1.0	1.0	1.0
0.7332091746924955	0.8948349174587349	0.44734968668778535	1.0	1.0	1.0	1.0	1.0	1.0	1.0	1.0	1.0
0.5978979413409453	0.9146140087809066	0.3041907802682894	1.0	1.0	1.0	1.0	1.0	1.0	0.0	1.0	1.0
0.6687954920486254	0.9497285919304863	0.4130896782718909	1.0	1.0	1.0	1.0	1.0	1.0	1.0	1.0	1.0
0.6398648938396578	0.8657387044509354	0.49429536408617064	1.0	1.0	1.0	1.0	1.0	0.0	1.0	1.0	0.0
0.7244272398637474	0.8965679569026718	0.3986769887944328	1.0	1.0	1.0	1.0	1.0	1.0	1.0	1.0	1.0
0.6979937951929323	0.9446679537534584	0.29825804546852347	1.0	1.0	1.0	1.0	1.0	1.0	1.0	1.0	1.0
0.8494157989090032	0.7628005959138654	0.6065944442581459	1.0	1.0	1.0	0.0	1.0	1.0	0.0	0.0	0.0
0.7732109933958823	0.8963468319929417	0.4748374568646984	1.0	1.0	1.0	1.0	1.0	1.0	1.0	1.0	1.0
0.744190905555247	0.824894252683237	0.41267790951840144	1.0	1.0	1.0	1.0	1.0	1.0	1.0	1.0	1.0
0.7044801014565215	0.9300637623556307	0.3919420589221385	1.0	1.0	1.0	1.0	1.0	1.0	1.0	1.0	1.0
0.7424114813743584	0.9053299735383215	0.32409026339969094	1.0	1.0	1.0	1.0	1.0	1.0	1.0	1.0	1.0
0.80688319035098	0.9480062880332325	0.18783602372660635	1.0	1.0	1.0	1.0	1.0	1.0	1.0	1.0	1.0
0.6028070744636925	0.9207890360782246	0.3547742775276631	1.0	1.0	1.0	1.0	1.0	1.0	1.0	1.0	1.0
0.7064565798346446	0.9308319550086361	0.3448359035961387	1.0	1.0	1.0	1.0	1.0	1.0	1.0	1.0	1.0
0.5871538649841155	0.9885230379253513	0.17589321445673411	1.0	1.0	1.0	1.0	1.0	1.0	1.0	1.0	1.0
0.6884448116442683	0.8517231393811767	0.47219287865945225	1.0	1.0	1.0	1.0	1.0	1.0	1.0	1.0	1.0
0.698839595846315	0.8738595710228706	0.39591790247265024	1.0	1.0	1.0	1.0	1.0	1.0	1.0	1.0	1.0
0.6846499382755438	0.8939254229216809	0.3679154134762543	1.0	1.0	1.0	1.0	1.0	1.0	1.0	1.0	1.0
