date rets RV BV
"2013-12-16" 0.508975490122765 0.443931123606234 0.224721440143942
"2013-12-17" -0.305537183834037 0.193217151410703 0.134262165525046
"2013-12-18" 1.6120086140492 1.00888854962186 0.997380968722822
"2013-12-19" 0.0270831204726818 0.174302847761492 0.136599957011232
"2013-12-20" 0.505242193796018 0.12109929954189 0.0908411301791879
"2013-12-23" 0.286491553282087 0.125322256104321 0.0586992845733463
"2013-12-24" 0.289511692545297 0.0162100060469383 0.0105604001315511
"2013-12-26" 0.382925492929242 0.0439182770139377 0.0239100353502842
"2013-12-27" -0.0928280874317622 0.0510794683203299 0.0555750145401862
"2013-12-30" -0.0260695297555458 0.0307904097756921 0.031208881574371
"2013-12-31" 0.279104986393808 0.0796968106236786 0.0682206288438177
"2014-01-02" -0.748244363632189 0.325549821748871 0.301517721401581
"2014-01-03" -0.0949605493932637 0.164156908714829 0.151462477303732
"2014-01-06" -0.310472681301999 0.282326035978677 0.20484672097898
"2014-01-07" 0.497472756790174 0.152135363116404 0.122668413740333
"2014-01-08" -0.0315627366424209 0.254933294265043 0.211022141614461
"2014-01-09" -0.0451434126839345 0.20063254419567 0.101573638452456
"2014-01-10" 0.129260031575207 0.174566389027895 0.126365459678153
"2014-01-13" -1.2207201513041 0.223272876996455 0.232886042227526
"2014-01-14" 0.946444808664015 0.2448692094696 0.197097608123132
"2014-01-15" 0.475904871846211 0.111346277257488 0.0740141456642719
"2014-01-16" -0.115326839805618 0.138357662829253 0.127962361056916
"2014-01-17" -0.313358155123655 0.131474718801337 0.0763112738743676
"2014-01-21" 0.146005632769874 0.443131977114237 0.246116293323025
"2014-01-22" 0.0108412248522427 0.0984319911557396 0.0906711198306802
"2014-01-23" -0.732747692380098 0.507561016073869 0.338283120639257
"2014-01-24" -2.00691163634392 0.822323219030538 0.52605436553208
"2014-01-27" -0.530148837685474 0.658266330525463 0.785410079033183
"2014-01-28" 0.52860602188014 0.282613973378646 0.234305722762451
"2014-01-29" -0.889343627701855 1.08614145870927 0.766861848452927
"2014-01-30" 0.95147343849149 0.608628147940579 0.249723901583805
"2014-01-31" -0.474634840799215 1.22023451213488 0.621124275836656
"2014-02-03" -2.31126745974404 0.934775094743468 0.942298722811951
"2014-02-04" 0.642493521662946 0.672309759779806 0.624870096412596
"2014-02-05" -0.0907231380535833 0.859228728036375 0.89730587788063
"2014-02-06" 1.14065256645395 0.31082332331367 0.225333218633292
"2014-02-07" 1.15378467047336 0.427384721323221 0.305555241095312
"2014-02-10" 0.192443591676472 0.0976448843079129 0.0951521950329111
"2014-02-11" 1.04536536601518 0.173298551720877 0.151944206203463
"2014-02-12" -0.0544068159329392 0.210051017433895 0.223652536180456
"2014-02-13" 0.811654014198204 0.2427084103243 0.134939712604147
"2014-02-14" 0.548137844765684 0.146834139295561 0.163365699374035
"2014-02-18" 0.110323400019929 0.125112951894635 0.132390270799459
"2014-02-19" -0.555676651566639 0.296360525337922 0.24019918368831
"2014-02-20" 0.576172537383179 0.262790297633401 0.226913601970988
"2014-02-21" -0.250711886224497 0.169386363962764 0.154246938957476
"2014-02-24" 0.585181105013799 0.339708807950838 0.215171079876633
"2014-02-25" -0.127268854997364 0.322773486148202 0.262255252587993
"2014-02-26" -0.0281761880565057 0.299307260157692 0.225214389739198
"2014-02-27" 0.499050786623378 0.275111950559042 0.232438266589459
"2014-02-28" 0.210008315968935 0.373430479022748 0.361135751424407
"2014-03-03" -0.648604215306214 0.834261830657555 0.561328933166389
"2014-03-04" 1.30870402965355 0.93614935484596 0.236225973354387
"2014-03-05" 0.00213439199185927 0.172534135930252 0.14727625404964
"2014-03-06" 0.174856907150733 0.163278358756773 0.114644695507701
"2014-03-07" -0.0420632285735856 0.307686944942354 0.268162702428838
"2014-03-10" -0.0362179900843529 0.225765886549322 0.145338551227678
"2014-03-11" -0.562738071988189 0.250703718537461 0.245519818822271
"2014-03-12" 0.109791541013937 0.458260464987003 0.340607317972748
"2014-03-13" -1.2132844132589 0.534055917683865 0.480750796566631
"2014-03-14" -0.214313505916497 0.464510937782047 0.491303541414543
"2014-03-17" 0.852655514302736 0.558918060209209 0.417912212647461
"2014-03-18" 0.705443826088459 0.232630233530148 0.224867286792513
"2014-03-19" -0.605917973775938 0.573708807083217 0.296118501706194
"2014-03-20" 0.642523853375376 0.29492871122365 0.235165879754845
"2014-03-21" -0.461981027087877 0.505676388068446 0.376258651096356
"2014-03-24" -0.547093427996082 0.483638642789475 0.463597896500086
"2014-03-25" 0.336087849441746 0.583125266638848 0.310770510913698
"2014-03-26" -0.770464985825203 0.415779089041024 0.28112498683443
"2014-03-27" -0.166435244869678 0.637995270546571 0.701828027484309
"2014-03-28" 0.394880026311384 0.380403318096785 0.307778605040288
"2014-03-31" 0.708023528388235 0.498804255372232 0.241732430306422
"2014-04-01" 0.617632358681686 0.226937505123396 0.131021912380435
"2014-04-02" 0.232422191609771 0.139092879117236 0.127293538890128
"2014-04-03" -0.127498066445497 0.146259708317125 0.126968706040247
"2014-04-04" -1.33461708739366 0.601120523598372 0.535384988707781
"2014-04-07" -1.02404604941082 0.537271538163866 0.551169380067826
"2014-04-08" 0.360232106169711 0.391924433042139 0.40023911493062
"2014-04-09" 1.04544881309936 0.299391533263187 0.245548763986491
"2014-04-10" -2.11265960559599 0.690975560299864 0.708105550934332
"2014-04-11" -0.812292447398733 1.01477565332952 0.843980093372827
"2014-04-14" 0.674768981985707 0.727529859334992 0.426070012491087
"2014-04-15" 0.624326742098269 0.842577587012236 0.866346029308437
"2014-04-16" 0.868370018794451 0.470572752713774 0.308361720129714
"2014-04-17" 0.170663158868933 0.224339363524577 0.221920447698124
"2014-04-21" 0.308240864390008 0.116705592919601 0.106728411533816
"2014-04-22" 0.381633061859521 0.107641888614327 0.0976013052345195
"2014-04-23" -0.2061378657225 0.132867244206866 0.107556211579733
"2014-04-24" -0.182954445395023 0.347048284925171 0.42751981697
"2014-04-25" -0.753744206901796 0.343858076634073 0.285276957566434
"2014-04-28" 0.237786768140591 0.67829283963633 0.712294771982095
"2014-04-29" 0.405424703669421 0.250189481251622 0.165615390081009
"2014-04-30" 0.349927765745939 0.247808215032172 0.275066115932955
"2014-05-01" -0.0546745418702699 0.203552652451846 0.225891685769127
"2014-05-02" -0.225151169360061 0.316596080069241 0.299660180444756
"2014-05-05" 0.281600526133907 0.532256941600721 0.185234333265484
"2014-05-06" -0.848741320333257 0.263245017220442 0.224266317697827
"2014-05-07" 0.515652165345237 0.804567322466162 0.749163747058531
"2014-05-08" -0.09272483771392 0.269757897322965 0.291073068197251
"2014-05-09" 0.167302526182755 0.311537496023012 0.308509729205537
"2014-05-12" 0.884888888471025 0.230579192386493 0.0699689578908538
"2014-05-13" 0.0342632740592208 0.100468863867043 0.0890397064067763
"2014-05-14" -0.456464991305783 0.150179471164389 0.127083032022229
"2014-05-15" -0.911372852558845 0.477646028017551 0.494444500545952
"2014-05-16" 0.358486420564841 0.218686643784277 0.208927300169997
"2014-05-19" 0.440238907534418 0.117204762467772 0.0967215903577357
"2014-05-20" -0.62640073473883 0.274033956284921 0.201092229264408
"2014-05-21" 0.772097848148157 0.244240511462462 0.20336147055603
"2014-05-22" 0.229585999827275 0.0910282214165824 0.0922927541595705
"2014-05-23" 0.380615453191702 0.0424048059313835 0.041691978865873
"2014-05-27" 0.521244192673009 0.180600090832913 0.106843306259827
"2014-05-28" -0.0983865729369704 0.0859286480040732 0.0942743709484627
"2014-05-29" 0.485056387802274 0.131700708107222 0.0718935760822833
"2014-05-30" 0.159220788530767 0.0838839098088868 0.0642964849323728
"2014-06-02" 0.0524845741180613 0.152160965998518 0.175505194635711
"2014-06-03" 0.0582232566366692 0.0946411930273954 0.0771254328797971
"2014-06-04" 0.244103974416632 0.0865198902310545 0.0749965540187478
"2014-06-05" 0.599695746551454 0.152157546666608 0.141355228975558
"2014-06-06" 0.346390996888335 0.0723425494814045 0.0667866481981459
"2014-06-09" 0.107691213574945 0.076834697969222 0.0651677568828942
"2014-06-10" 0.0240954591478548 0.0882103285425666 0.101309270418369
"2014-06-11" -0.271738599709526 0.169237675371999 0.100727435870178
"2014-06-12" -0.688810373632442 0.174978843722249 0.159069132822162
"2014-06-13" 0.260175027731258 0.188618834600745 0.176848713212905
"2014-06-16" 0.15080310661455 0.195023263028577 0.143849881374651
"2014-06-17" 0.259838159875958 0.137732493444535 0.126535621467296
"2014-06-18" 0.728782840287945 0.175817249740535 0.152520701933747
"2014-06-19" 0.0924221562363492 0.0848444286458607 0.0828958544557704
"2014-06-20" 0.139666251001724 0.0544951429310768 0.0510092303742532
"2014-06-23" -0.0229276582439653 0.0711583282422305 0.0544878203964828
"2014-06-24" -0.603252224346829 0.186385796183254 0.190902988900361
"2014-06-25" 0.519867110914518 0.14329861592699 0.145745314295209
"2014-06-26" -0.1342813216338 0.246298498573917 0.187113077891842
"2014-06-27" 0.225651907855884 0.125577138047227 0.0951640295428418
"2014-06-30" -0.0336655686029808 0.0735859302384054 0.0705539201978694
"2014-07-01" 0.553936387520082 0.136107072228666 0.0806898753549397
"2014-07-02" 0.0694111982553203 0.0683911608527592 0.0583230736745609
"2014-07-03" 0.48266833075008 0.0996358993257931 0.0388741702768839
"2014-07-07" -0.337729859729929 0.131874100872078 0.0755001751084031
"2014-07-08" -0.628364670313886 0.312416050074198 0.242848505431401
"2014-07-09" 0.382961252652159 0.209939756643758 0.134313863390272
"2014-07-10" -0.0986925857183962 0.579303587850021 0.252490547891595
"2014-07-11" 0.0813603494558279 0.123094589315955 0.115346638789135
"2014-07-14" 0.367876613900098 0.17093532465986 0.049258333097709
"2014-07-15" -0.19185362243892 0.29035494181377 0.259711960714464
"2014-07-16" 0.258223757049247 0.199878782223752 0.0956178294163635
"2014-07-17" -1.11236417191432 0.412069107310593 0.364772374622244
"2014-07-18" 0.827546112483901 0.158242950099482 0.0943653819111166
"2014-07-21" -0.160478330636771 0.167161799852648 0.136955167393429
"2014-07-22" 0.407137069303332 0.141760891476101 0.0610838354788016
"2014-07-23" 0.101695094676568 0.0637821736145257 0.0646955846347031
"2014-07-24" -0.0145880755317407 0.076066701227828 0.0720785939292874
"2014-07-25" -0.323509728777438 0.187426954392563 0.146882615933756
"2014-07-28" 0.0277984864251124 0.178331473733876 0.172610346420205
"2014-07-29" -0.490587941616649 0.210288208413354 0.176433553062848
"2014-07-30" -0.153167347487759 0.367398141562552 0.321869657657872
"2014-07-31" -1.76342440121715 0.749889471481663 0.588724277285698
"2014-08-01" -0.237612368022777 0.692939951076583 0.693623908133635
"2014-08-04" 0.653412811929854 0.229829305630856 0.186850499155629
"2014-08-05" -0.846399061763403 0.78632060289771 0.715055696577117
"2014-08-06" 0.141245537894985 0.455709766552331 0.407676647078312
"2014-08-07" -0.70554024662286 0.508909086984619 0.489850786701229
"2014-08-08" 1.09483019699699 0.266138205367821 0.250833862850632
"2014-08-11" 0.173633583835642 0.175356082563363 0.101930061423336
"2014-08-12" -0.0997537251316238 0.218820753740457 0.166173822329993
"2014-08-13" 0.558984467067969 0.209989087652421 0.109134011417521
"2014-08-14" 0.395640278904175 0.0707212046665698 0.0573277096456001
"2014-08-15" -0.190597424593975 0.562276238102018 0.468126914652705
"2014-08-18" 0.667714143343012 0.216196883668243 0.0589263922439856
"2014-08-19" 0.444585672546083 0.0648053648191881 0.043589306124549
"2014-08-20" 0.30300532644949 0.090975295049863 0.0750187991059775
"2014-08-21" 0.278449508667133 0.083850637121473 0.0813331666158643
"2014-08-22" -0.215025755307163 0.182125367546112 0.127243597732081
"2014-08-25" 0.328819054980212 0.124788261980191 0.039424015103501
"2014-08-26" 0.0780245817002978 0.0564530009860663 0.0322630353681132
"2014-08-27" -0.0344966369200783 0.0583108264446562 0.0497946001173301
"2014-08-28" -0.0200278387627151 0.16234288012211 0.0757814021039369
"2014-08-29" 0.246387402465142 0.0644630514830907 0.0563518354455018
"2014-09-02" -0.10184469565564 0.132000606534664 0.122422980779189
"2014-09-03" -0.140847907569608 0.137968666911561 0.0904850938790348
"2014-09-04" -0.201534832960171 0.167219452967307 0.15144378085375
"2014-09-05" 0.467872735493557 0.209152049615279 0.195013045222526
"2014-09-08" -0.286384469545542 0.149845348492902 0.137428488818805
"2014-09-09" -0.613152829804164 0.28500339144349 0.226930493777886
"2014-09-10" 0.366455235749541 0.270596195433296 0.236182153048747
"2014-09-11" 0.225052034870288 0.185173998252606 0.163872786340094
"2014-09-12" -0.556449808645354 0.22518218187219 0.233484737493986
"2014-09-15" -0.101257669096011 0.175635289636066 0.138218289512827
"2014-09-16" 0.859594789970863 0.194108360327979 0.163109673288373
"2014-09-17" 0.111976496638544 0.51422441940201 0.553454251011167
"2014-09-18" 0.418479440172437 0.13719309955959 0.105933348699751
"2014-09-19" -0.109363515304572 0.209178966687388 0.117113216848526
"2014-09-22" -0.727849970766936 0.198672371707187 0.151860648764429
"2014-09-23" -0.49904018409066 0.243098752198911 0.229496665223892
"2014-09-24" 0.763462175188501 0.167889854861624 0.169099926555965
"2014-09-25" -1.561199304982 0.495135824998057 0.477051875513717
"2014-09-26" 0.826593306393786 0.358273784541091 0.252309691713469
"2014-09-29" -0.0535778382533714 0.888374346170371 0.388502053175653
"2014-09-30" -0.276388699241537 0.365077141131869 0.357927312267281
"2014-10-01" -1.26286088793961 0.601365152988437 0.571458374639907
"2014-10-02" 0.0113055901124426 0.560838292373358 0.556365426024008
"2014-10-03" 0.994972097329772 0.653561959857538 0.517240679153447
"2014-10-06" -0.25819976021193 0.42793705537378 0.344737084350983
"2014-10-07" -1.41076897878589 0.737576528171819 0.415606051769518
"2014-10-08" 1.69920615605133 0.797150631976143 0.787308065540107
"2014-10-09" -2.01074997530304 1.09348094601487 1.19233728078575
"2014-10-10" -0.99578608846862 1.22316684874445 1.12475435606444
"2014-10-13" -1.63105029156769 1.38453056547395 1.37892596997245
"2014-10-14" 0.0388820095712283 1.52699044593465 1.28177120994427
"2014-10-15" -0.620323817917701 5.30726497116197 4.26915335427806
"2014-10-16" 0.323300200104981 2.74928137789821 2.24319126189889
"2014-10-17" 1.15475709265178 1.56196230029097 0.809327050190453
"2014-10-20" 0.965298705743045 0.523260408149847 0.455940907763411
"2014-10-21" 1.64401779856398 0.562097511227565 0.258620650831062
"2014-10-22" -0.728452823005199 0.554125704281685 0.540803902462636
"2014-10-23" 0.996048292869567 1.06436733065167 0.457615909045553
"2014-10-24" 0.655261141134655 0.349165291104762 0.256783623228385
"2014-10-27" -0.0851113761699551 0.394462981019674 0.311437969136138
"2014-10-28" 1.02822679804904 0.264051978371595 0.147457935115998
"2014-10-29" -0.0549742920775032 0.514602804553563 0.500481184358957
"2014-10-30" 0.750401745667606 0.314662165545772 0.278377516128677
"2014-10-31" 0.808238031086628 0.548365321268747 0.159676272891706
"2014-11-03" -0.0312206534590409 0.21125208524311 0.209636772579481
"2014-11-04" -0.176760074423399 0.273830339535074 0.238212175586198
"2014-11-05" 0.390742535598321 0.347817030207061 0.25232570359606
"2014-11-06" 0.373929951467655 0.159748556164822 0.164464324842484
"2014-11-07" -0.0314954432634629 0.201668329916865 0.177587590677196
"2014-11-10" 0.305633320975662 0.0809091704147094 0.0677089688381548
"2014-11-11" 0.0765088463887231 0.0669512871345951 0.0545917005472133
"2014-11-12" 0.0181556330804078 0.164530497278025 0.113862803588622
"2014-11-13" 0.000980767156111284 0.257778118803822 0.237160273212827
"2014-11-14" -0.00049025976416317 0.105011681174293 0.0892811801096336
"2014-11-17" 0.141685095537625 0.126534685857324 0.133824761533467
"2014-11-18" 0.518375098443435 0.0855520273583579 0.079694552739128
"2014-11-19" -0.134648616778232 0.267521442241252 0.18987927452177
"2014-11-20" 0.332800119779986 0.14235862026734 0.090154078962254
"2014-11-21" 0.26793271117862 0.436902068784148 0.225517710928488
"2014-11-24" 0.213324384631619 0.0923820462844487 0.04516240426979
"2014-11-25" -0.123739061741013 0.109626802702089 0.0793369567839562
"2014-11-26" 0.267616203155541 0.0352464449270397 0.0382021276651129
"2014-11-28" -0.348595591447598 0.0907101000070935 0.0553557415686317
"2014-12-01" -0.595248522795355 0.364420637773696 0.292664414037602
"2014-12-02" 0.616470895893872 0.146792091245309 0.107029577644921
"2014-12-03" 0.319689661675593 0.072230477181033 0.0565866896001235
"2014-12-04" -0.0998743210629094 0.184507765481681 0.146148810288672
"2014-12-05" 0.116201432082708 0.133032711003122 0.110713041607324
"2014-12-08" -0.688198680341401 0.301537529853749 0.301247398101047
"2014-12-09" 0.15402296869178 1.0343899722659 0.393320047999028
"2014-12-10" -1.57929195299351 0.696351213463032 0.499380479158791
"2014-12-11" 0.363259095759716 0.72903742127563 0.578434096489214
"2014-12-12" -1.33024924544989 0.835757701252379 0.825532042907693
"2014-12-15" -0.775054072836667 1.63218087682904 1.2392709672719
"2014-12-16" -0.661565114877849 1.5491567063961 1.36370172424404
"2014-12-17" 1.93776508997212 1.65428148639688 1.58831597497328
"2014-12-18" 2.06279801784577 1.06941842258794 0.597971528433194
"2014-12-19" 0.458424396875934 0.347121798508516 0.341470630429821
"2014-12-22" 0.457084141191633 0.124390306519613 0.113108820476475
"2014-12-23" 0.0355453086337221 0.110139180307791 0.060102446597734
"2014-12-24" -0.0657842636079486 0.0462995670964355 0.0334426732571991
"2014-12-26" 0.235772311101012 0.0635362334325268 0.047682783831795
"2014-12-29" 0.156036140137417 0.0567865263552304 0.0509384466805478
"2014-12-30" -0.391958878421317 0.0905043589606688 0.0810516250016896
"2014-12-31" -1.12099430101997 0.238597141831389 0.194681425054962
"2015-01-02" -0.0369197291565371 0.839368987219911 0.684941591526671
"2015-01-05" -1.61498659190489 0.700025499599588 0.665536275601972
"2015-01-06" -0.991472581979913 1.10992600366636 1.16042134808229
"2015-01-07" 1.00266014340749 0.817914411936923 0.554487219183754
"2015-01-08" 1.53134715804821 0.715832434161102 0.262819002205272
"2015-01-09" -0.892776146169538 0.625269879616238 0.493998373980753
"2015-01-12" -0.86092336832948 0.671807652791036 0.607205120759283
"2015-01-13" -0.421742790207613 2.18888303089008 1.18182355946816
"2015-01-14" -0.360836518806362 1.47062004722598 0.992056204326933
"2015-01-15" -1.04780430047997 1.03317682629454 0.979005186134991
"2015-01-16" 1.33277800919096 0.643580011111814 0.630599684318254
"2015-01-20" 0.0835969488806931 0.836950629161324 0.743574592859766
"2015-01-21" 0.60356348758388 1.0013869558479 0.921846838063256
"2015-01-22" 1.41887890924695 0.610466607579123 0.632610515066157
"2015-01-23" -0.545845189495164 0.249097637358899 0.252180086992899
"2015-01-26" 0.312131241300939 0.300579342032076 0.202186069483254
"2015-01-27" -0.887285932355297 1.02598017765601 0.51228774747221
"2015-01-28" -1.47814511278694 0.92836472806706 0.867926339746022
"2015-01-29" 0.945353866392828 0.876070099240669 1.09585178866955
"2015-01-30" -1.19461806471852 0.979775244394712 0.890256564833172
"2015-02-02" 1.20324736521855 1.17823733323178 1.15608986107958
"2015-02-03" 1.32845166744113 0.88596027653597 0.438727614808431
"2015-02-04" -0.366483916596572 0.665515378902066 0.586309336639121
"2015-02-05" 0.918230892982219 0.339726605378921 0.208399054272514
"2015-02-06" -0.329303951494264 0.409814143612074 0.428176594619785
"2015-02-09" -0.338048277905401 0.336165191955613 0.355601739985161
"2015-02-10" 0.917520067025901 0.387628640639271 0.252462578942304
"2015-02-11" -0.0137787162564074 0.278865150141242 0.217244379494152
"2015-02-12" 0.874913893582541 0.263272859008899 0.140267023171256
"2015-02-13" 0.385605512169462 0.104382782188099 0.0985661873458793
"2015-02-17" 0.158236176630489 0.150396726614461 0.0996164234704486
"2015-02-18" 0.0219111266529737 0.191642177120568 0.160855461468396
"2015-02-19" -0.0814908582335683 0.201932300381177 0.0957212595154304
"2015-02-20" 0.592240832150015 0.206668645751716 0.179034934047223
"2015-02-23" -0.0146942064800371 0.112932182669578 0.070577718789003
"2015-02-24" 0.309841433558411 0.101621444453711 0.084008072420664
"2015-02-25" -0.0733025180314151 0.101107708731643 0.0792320560070692
"2015-02-26" -0.147702822317264 0.196898969728272 0.184932711778419
"2015-02-27" -0.302701292484109 0.12045321615004 0.106248437879446
"2015-03-02" 0.555164872252512 0.0711601898744876 0.0575832474744007
"2015-03-03" -0.378356944625402 0.250709157534357 0.219701903713962
"2015-03-04" -0.430298377653848 0.445926814964023 0.287522618916583
"2015-03-05" 0.120963340002778 0.127514251237334 0.107400229780838
"2015-03-06" -1.42182944423013 0.545490133686882 0.319768569232682
"2015-03-09" 0.336478043573418 0.150636980407246 0.139563396442553
"2015-03-10" -1.49610331610903 0.705666445032194 0.447233073183247
"2015-03-11" -0.206601528511019 0.348935834008853 0.369482096793439
"2015-03-12" 1.20383638050008 0.425518855867643 0.207825312743534
"2015-03-13" -0.54396528427727 0.496918972533465 0.564561540810572
"2015-03-16" 1.23255085954357 0.274449172090272 0.195617706827609
"2015-03-17" -0.306632793850437 0.348089258725912 0.212974975969771
"2015-03-18" 1.26461995131972 1.10552797680098 0.740577643751306
"2015-03-19" -0.440289525448456 0.305892221195995 0.228954098758761
"2015-03-20" 0.855528487840651 0.443687503033592 0.134043631451179
"2015-03-23" -0.166172934014774 0.139583485277925 0.132266087213307
"2015-03-24" -0.586333009409223 0.203342952553471 0.193750560439886
"2015-03-25" -1.53578831592318 0.471345166095932 0.490646997698033
"2015-03-26" -0.177589950044066 0.763079899541666 0.530738792876819
"2015-03-27" 0.238796656634666 0.343998651100109 0.329853412864095
"2015-03-30" 1.062591468596 0.463926717525155 0.226671638017626
"2015-03-31" -0.764412244844248 0.418138085777011 0.326551757260181
"2015-04-01" -0.380384282893154 0.541929744699808 0.568113042118607
"2015-04-02" 0.326887556168387 0.259542924523278 0.262091163307121
"2015-04-06" 0.768997054851006 0.285075523861954 0.255496423621716
"2015-04-07" -0.225649559648389 0.19599421707858 0.126921173036547
"2015-04-08" 0.233964920630392 0.515959080235783 0.492388030360917
"2015-04-09" 0.470234952946758 0.357238025135515 0.240188568257797
"2015-04-10" 0.503628037162329 0.0803318596590056 0.0686008462436019
"2015-04-13" -0.443888922429814 0.123597570103344 0.117771279776523
"2015-04-14" 0.183363626965427 0.2765258818509 0.213544018306365
"2015-04-15" 0.403414341194352 0.200810541337311 0.145851441791874
"2015-04-16" -0.0389446942776317 0.16665104687271 0.152977207731284
"2015-04-17" -1.02589517483391 0.578891485429813 0.281422517226629
"2015-04-20" 0.772400228580405 0.373118296513027 0.111940152652364
"2015-04-21" -0.253790927853892 0.205160351489347 0.186541789328176
"2015-04-22" 0.459797158791009 0.210586152275771 0.173822229226355
"2015-04-23" 0.274867360075248 0.243858424280388 0.142181823997274
"2015-04-24" 0.237317573123441 0.107171255461746 0.096796263092915
"2015-04-27" -0.484351779606484 0.232305787216611 0.23539707901743
"2015-04-28" 0.313970513618678 0.415209454599298 0.424771967225879
"2015-04-29" -0.271612420343637 0.438421116345614 0.423571791598917
"2015-04-30" -0.952026832222952 0.49526503787012 0.470661695478515
"2015-05-01" 0.977775609378551 0.452507340329956 0.19697280474026
"2015-05-04" 0.198359692464489 0.141173226478015 0.133854736138697
"2015-05-05" -1.09992422894285 0.325678988362488 0.349172235527079
"2015-05-06" -0.515610243009768 0.858912105235462 0.817604194564631
"2015-05-07" 0.388674248063392 0.313851043635655 0.330637922048892
"2015-05-08" 1.12644847405816 0.763044807332296 0.135358188837843
"2015-05-11" -0.486395303201537 0.16818269309149 0.164963493778812
"2015-05-12" -0.180392485763381 0.675616543600951 0.464747769729502
"2015-05-13" -0.0509745924137661 0.446677250350386 0.247710629884244
"2015-05-14" 0.958527531510533 0.300905639084951 0.10214664157233
"2015-05-15" 0.0299191361020412 0.114670950800987 0.119518860706738
"2015-05-18" 0.359039778858961 0.0479577055143636 0.0479947347937771
"2015-05-19" -0.0730502258637244 0.0976337078525134 0.101404656624207
"2015-05-20" -0.091451200469983 0.175397652610453 0.147880037168643
"2015-05-21" 0.260768592438243 0.0782543800585729 0.078188213230463
"2015-05-22" -0.190524799420544 0.109516185402778 0.0999414244931624
"2015-05-26" -0.991565464974276 0.265860733298209 0.227352815735714
"2015-05-27" 0.866019218587955 0.162110263729738 0.153363139855007
"2015-05-28" -0.0622169033224651 0.192637953139225 0.176849071696414
"2015-05-29" -0.619648074887991 0.286719943714925 0.239199364907799
"2015-06-01" 0.147616541373452 0.400302464089494 0.338628770641032
"2015-06-02" -0.039810615741942 0.306712092559285 0.291703914847805
"2015-06-03" 0.174675840928273 0.189066091728222 0.12916950741485
"2015-06-04" -0.757948386511842 0.453471347890392 0.272528888487591
"2015-06-05" -0.10936295978361 0.343221266869039 0.294116472216818
"2015-06-08" -0.61651944396548 0.144913289052002 0.129886134906276
"2015-06-09" 0.0420772713207285 0.221682128394495 0.203352574192576
"2015-06-10" 1.12002088237793 0.389179683194501 0.146685348439047
"2015-06-11" 0.145651245637346 0.198158195154862 0.123211910832154
"2015-06-12" -0.630712699348823 0.265854675664101 0.231293125471926
"2015-06-15" -0.320883038181652 0.854579868765244 0.317046882640324
"2015-06-16" 0.579101633334211 0.277834881843051 0.219193741610672
"2015-06-17" 0.146978802676667 0.411422369349407 0.291523790706551
"2015-06-18" 0.87419932958186 0.320506582879532 0.186436122814864
"2015-06-19" -0.53749464625934 0.111636575304347 0.0876424157650818
"2015-06-22" 0.497694355679723 0.477951339189327 0.230541217207434
"2015-06-23" 0.0541498834883747 0.0997723145067475 0.0765025921615441
"2015-06-24" -0.696033826625264 0.14262074076479 0.107578318233007
"2015-06-25" -0.350858395358866 0.167966676948295 0.175903109106354
"2015-06-26" -0.0323458343288507 0.231138742091897 0.2378507913417
"2015-06-29" -1.96521594949335 0.755823330518906 0.38536222899761
"2015-06-30" 0.0855935039993483 0.81097545969468 0.492995311442539
"2015-07-01" 0.519692250217663 0.597400621357967 0.317005606645517
"2015-07-02" -0.0852131221992458 0.21341815788494 0.176774893500708
"2015-07-06" -0.248143876907125 0.858005177718748 0.497370715930046
"2015-07-07" 0.584415214221412 0.896753479834084 0.792683130838191
"2015-07-08" -1.48571833985924 0.868002775539125 0.673997308991034
"2015-07-09" 0.077541121403879 1.72069527875936 0.438321082145206
"2015-07-10" 1.15131137918141 1.26162375177516 0.202489330372375
"2015-07-13" 0.928832581469496 0.464885293197655 0.0941892883550559
"2015-07-14" 0.433403077332883 0.0589283020574506 0.0527453975290169
"2015-07-15" -0.0573893551385929 0.135397613884428 0.147011819199031
"2015-07-16" 0.525573598736351 0.156364158189041 0.100337794143139
"2015-07-17" -0.0150472106517086 0.0587359899761961 0.0447234347611332
"2015-07-20" 0.0559356425678281 0.0853540200593285 0.0860781627472973
"2015-07-21" -0.396545585426455 0.107317497682059 0.097807263687101
"2015-07-22" -0.196585339261723 0.189052563651018 0.11164266800255
"2015-07-23" -0.564223556982579 0.160197232267185 0.130628373990842
"2015-07-24" -1.07076671832029 0.198626603891057 0.218989857732103
"2015-07-27" -0.488635280346816 0.601980008034113 0.444889581277582
"2015-07-28" 1.0854793067506 0.288760456752507 0.274353628361126
"2015-07-29" 0.65071635664582 0.202467240710295 0.207241100506052
"2015-07-30" 0.0989172556042028 0.210151718426425 0.217573372955662
"2015-07-31" -0.36492626385396 0.14722752884932 0.124150731778245
"2015-08-03" -0.317650559108085 0.321454324533476 0.2720190682798
"2015-08-04" -0.205198756821279 0.232350161687618 0.201771374569365
"2015-08-05" 0.225015946164575 0.415827699235738 0.241007020797062
"2015-08-06" -0.821547295339098 0.292429042228736 0.284083952843524
"2015-08-07" -0.201680579028896 0.33218061642491 0.29477837617094
"2015-08-10" 1.01554752244759 0.456700149650916 0.107162427935381
"2015-08-11" -0.86550024419898 0.673004835125593 0.340965493635847
"2015-08-12" 0.341612294154814 1.14500742184904 0.771399198327827
"2015-08-13" -0.141483780546814 0.412785217321455 0.29712843603084
"2015-08-14" 0.409596126976375 0.165450941346447 0.140301560023552
"2015-08-17" 0.610184160717164 0.34586786498639 0.200760155891901
"2015-08-18" -0.208899874333657 0.135425747878908 0.123090471910164
"2015-08-19" -0.758707902886879 0.901828219204521 0.738391399707368
"2015-08-20" -1.95728560927808 1.15233979129961 0.808418258982457
"2015-08-21" -3.11373699500717 2.3138617636275 1.89589060267811
"2015-08-24" -3.3245166590488 37.3219225411636 21.6348157176393
"2015-08-25" -1.58728012343294 7.34778572743498 3.88433409803293
"2015-08-26" 3.34268660704735 8.08962653215375 5.05745273353163
"2015-08-27" 2.29036483871754 3.59678688753719 2.73282953989439
"2015-08-28" 0.184985524470349 0.913235895360738 0.908442767724524
"2015-08-31" -0.741646026706366 1.1868718169948 1.14518048109657
"2015-09-01" -2.87742221050085 5.03992290179774 1.76193041269987
"2015-09-02" 1.66668368740073 2.11577599376139 1.13568483723505
"2015-09-03" 0.00153782669203295 0.985973740103329 0.875597779656662
"2015-09-04" -1.37820556925146 2.07440585919398 1.16199782475261
"2015-09-08" 2.15073091790394 2.15524393557301 0.61329688625498
"2015-09-09" -1.49222177655961 1.24108537201762 0.708196650167491
"2015-09-10" 0.54445942940653 0.768248736283694 0.781032803892461
"2015-09-11" 0.463705818406357 0.64842272621603 0.484310505865056
"2015-09-14" -0.515318949478072 0.355242755421549 0.348304279685112
"2015-09-15" 1.17358870469939 0.310122980222419 0.260580364387077
"2015-09-16" 0.858780541559945 0.351537194841437 0.285130032388906
"2015-09-17" -0.254416672801305 1.63813785556064 1.60741307476013
"2015-09-18" -1.60146898240257 1.84968709914791 0.962084321231768
"2015-09-21" 0.268505047213541 0.763157107067639 0.541893436201934
"2015-09-22" -0.965701049573919 1.71156862577709 0.898759404612678
"2015-09-23" -0.228230029131549 0.57347483912491 0.485737895094065
"2015-09-24" -0.118427973182911 1.0901461846843 0.976362393953067
"2015-09-25" -0.225986459424288 1.07873292266847 0.928703046489866
"2015-09-28" -2.48131373787732 1.3347961277979 0.781025958644315
"2015-09-29" 0.101972539985695 1.39897282572348 1.33594641816808
"2015-09-30" 1.65489342077727 2.23721675299159 1.16388698510878
"2015-10-01" 0.208154525760573 1.29508649826359 1.27501973707439
"2015-10-02" 1.51774311305344 2.86793774906465 1.30060245493505
"2015-10-05" 1.64879469378345 0.793223571702968 0.601094434496255
"2015-10-06" -0.335804278648233 0.466208185335724 0.463687570015038
"2015-10-07" 0.671940628436474 0.89747233283657 0.770806700995714
"2015-10-08" 0.965231481783935 0.508012540589982 0.525408801431432
"2015-10-09" 0.0590768636943295 0.28545146237443 0.298384767111653
"2015-10-12" 0.0783559183926918 0.141462058615694 0.125068387205003
"2015-10-13" -0.559377982692855 0.37823532365716 0.258894503879122
"2015-10-14" -0.486513068022809 0.464998892478258 0.4490336007097
"2015-10-15" 1.36556038401334 0.28825702199564 0.32271895024363
"2015-10-16" 0.422939910570808 0.262763980319538 0.211037308569589
"2015-10-19" 0.114123255650878 0.279085414049619 0.265198355798997
"2015-10-20" -0.093495661723253 0.25430409817357 0.276199618282887
"2015-10-21" -0.713144819156586 0.55717689444326 0.495050010599232
"2015-10-22" 1.5050278927137 0.586974879784346 0.307576401944932
"2015-10-23" 0.595894309321832 0.459811109546386 0.298176381099442
"2015-10-26" -0.199709667391712 0.146098665834048 0.142810580867177
"2015-10-27" -0.132534918644822 0.343698982354206 0.262640797779458
"2015-10-28" 1.138915701332 0.885718079034661 0.597428152237768
"2015-10-29" 0.0493090755442793 0.231746362667008 0.23918654100666
"2015-10-30" -0.503177693917234 0.285963356165731 0.297287606482614
"2015-11-02" 1.10690597469807 0.176791811862375 0.159357985259378
"2015-11-03" 0.343739210862015 0.23383525272187 0.184096505492101
"2015-11-04" -0.377856921077235 0.374404863753651 0.37123224047011
"2015-11-05" -0.0742538946012061 0.340949667318645 0.326063279078245
"2015-11-06" 0.0309682339861617 0.364143064660928 0.340222444473445
"2015-11-09" -0.813976644751335 0.555077377172795 0.484240574032905
"2015-11-10" 0.234176941782405 0.302397273599676 0.303382292396018
"2015-11-11" -0.40930146528293 0.223364142105321 0.182462816307771
"2015-11-12" -1.27529458149809 0.762966890331342 0.496734963010148
"2015-11-13" -1.05660321354426 0.444974198628106 0.426411688606542
"2015-11-16" 1.52664230457482 0.515296731397704 0.380678439624306
"2015-11-17" -0.154964749735598 0.566131024434512 0.62244760581096
"2015-11-18" 1.52199192296543 0.504149179849842 0.399770933493918
"2015-11-19" -0.120531409178781 0.21570522705762 0.246590748044572
"2015-11-20" 0.304889977313927 0.323940304871099 0.168622905592746
"2015-11-23" -0.132661266327982 0.188590788729376 0.224703653348174
"2015-11-24" 0.236715989187353 0.427071566384118 0.35207195559943
"2015-11-25" -0.0138812103680941 0.102539659439617 0.10146027909411
"2015-11-27" 0.0617382938203903 0.0615010243132536 0.0515992350685477
"2015-11-30" -0.460659110187578 0.188067944940627 0.153143199767861
"2015-12-01" 0.928972346265144 0.387260409305273 0.317589288754139
"2015-12-02" -1.04891802044165 0.270308028699214 0.246294300260156
"2015-12-03" -1.48547544321485 0.710511483512974 0.700029094951649
"2015-12-04" 1.92648834818092 0.714709464305441 0.582057896866833
"2015-12-07" -0.635379812955428 0.656997947187602 0.681289810285299
"2015-12-08" -0.464327337227388 1.64440619216598 0.815037087574872
"2015-12-09" -0.650285330160116 1.10012982388637 1.02654583226692
"2015-12-10" 0.213646111741284 0.610050419033481 0.659650986853866
"2015-12-11" -1.72189130063227 1.34694037466584 0.651573156681693
"2015-12-14" 0.443543219267006 1.53606586556151 1.71799558529323
"2015-12-15" 0.880807460071598 1.12574093277933 0.427307777045573
"2015-12-16" 1.27934549851458 0.966674257417317 0.716401759669151
"2015-12-17" -1.54140765037196 0.819265735825253 0.763405935926136
"2015-12-18" -1.74633542698333 0.951357847561858 0.884669976475262
"2015-12-21" 0.536792843169653 0.786422604508794 0.539266967319522
"2015-12-22" 0.785773540809487 0.409653205922243 0.349609970755806
"2015-12-23" 1.07538391939057 0.341148248810323 0.139658677277345
"2015-12-24" -0.123650468048453 0.0756909312416846 0.0732815472664391
"2015-12-28" -0.0568738364093768 0.296953417404548 0.201679532868361
"2015-12-29" 0.850999049270662 0.403057347327269 0.14896521154272
"2015-12-30" -0.660124204470414 0.191171011800409 0.13246762737047
"2015-12-31" -0.82549247588819 0.48229062995825 0.272728331067935
"2016-01-04" -1.24508542239292 3.47559150788879 0.886688488599018
"2016-01-05" 0.156300038518342 0.626764244950955 0.634110300478377
"2016-01-06" -1.05414704422584 1.96702789844501 0.915314776820087
"2016-01-07" -2.14697425929904 3.9113651686108 2.42448143740833
"2016-01-08" -1.25295417634561 1.76315170356991 1.52238044281158
"2016-01-11" -0.140276523571359 1.62143530869092 1.69200690369049
"2016-01-12" 0.569483806768734 1.78490599014742 1.49476985313441
"2016-01-13" -2.61382492045072 2.05399629320123 1.76590462739113
"2016-01-14" 1.55419219185511 1.62903511497082 1.80221491650562
"2016-01-15" -1.92695557220892 5.09057018237257 1.90183499569004
"2016-01-19" -0.388329400465803 1.99386233788201 1.50048043194103
"2016-01-20" -0.894091606284153 4.36934169196797 4.10676207459624
"2016-01-21" 0.389257846380531 2.97230948112976 3.01363845337768
"2016-01-22" 1.55490921497812 1.82289244221257 0.809883429184808
"2016-01-25" -1.5276511121443 0.711033448933877 0.567896620952752
"2016-01-26" 1.31241308452434 1.28347954349525 0.967087038504752
"2016-01-27" -1.02493474440877 1.94348030031634 1.20969228179732
"2016-01-28" 0.415004248084383 2.57591338524781 2.22645585537252
"2016-01-29" 2.30945093530446 0.744385357103451 0.626317367968071
"2016-02-01" 0.0985605595048789 1.22097075221135 1.02396764104011
"2016-02-02" -1.68048412194315 1.20066190402577 0.876935734319288
"2016-02-03" 0.288508309503133 2.75962186503185 2.85925252659238
"2016-02-04" 0.193883077680113 1.84100175563876 2.19384853070597
"2016-02-05" -1.74853781738609 1.42792996274141 1.28437063845585
"2016-02-08" -1.05344063700485 2.9348812691094 2.09921678469658
"2016-02-09" 0.219401435762201 2.95444891654069 3.13448082791704
"2016-02-10" -0.292279609923973 1.65025914846459 1.58239830948977
"2016-02-11" -0.9990180049952 3.05048569070826 2.06802291227812
"2016-02-12" 1.67724826123941 0.969853071651419 0.483357656188499
"2016-02-16" 1.25528659987681 0.925312312017207 0.537495323802659
"2016-02-17" 1.45035402152862 0.734796125700882 0.394940640980844
"2016-02-18" -0.518052329169549 0.434367923717517 0.485290891551097
"2016-02-19" 0.0933909050883308 0.69910088849983 0.640856312594123
"2016-02-22" 1.07452056806414 0.673823027239936 0.437657230844782
"2016-02-23" -1.09275995837885 0.497092082181902 0.364641851677216
"2016-02-24" 0.624363565330288 1.8645388726791 0.776568898158894
"2016-02-25" 1.0237960276541 0.678592338231039 0.732329660589231
"2016-02-26" -0.361788220922943 0.553974534888977 0.436393249225
"2016-02-29" -0.789392980180637 0.477832447375209 0.506555174184047
"2016-03-01" 2.08665242353625 0.644892664606809 0.462079569962067
"2016-03-02" 0.48198945117921 0.425945033260495 0.394041447380703
"2016-03-03" 0.390052166316224 0.281323380075925 0.280168202524671
"2016-03-04" 0.280447497276715 0.406839521684195 0.464654603636016
"2016-03-07" 0.273158601739532 0.502982820512203 0.471655680428673
"2016-03-08" -0.877198607283702 0.715518927527099 0.455675931296274
"2016-03-09" 0.378803596220756 0.571139419400671 0.40778714784473
"2016-03-10" -0.0663213292593667 1.10859266035485 1.00341109274563
"2016-03-11" 1.32431165467661 0.60881611812497 0.205101198128056
"2016-03-14" 0.00940889834879499 0.195232871537627 0.210534795291711
"2016-03-15" 0.028280052084817 0.328054457171035 0.155037394675002
"2016-03-16" 0.661580650732141 0.73819074681146 0.54225486373207
"2016-03-17" 0.68671000711733 0.233337769743475 0.24582370758823
"2016-03-18" 0.39019192355596 0.260333928504822 0.252295569626279
"2016-03-21" 0.176124669555566 0.173121444362992 0.150412782522602
"2016-03-22" 0.0683146795772416 0.266927757205105 0.199805386244083
"2016-03-23" -0.579155505849638 0.216862648082031 0.202490291685143
"2016-03-24" 0.172055316430342 0.358510813660797 0.187025933442117
"2016-03-28" -0.0407366967191791 0.157435619677565 0.132089600631137
"2016-03-29" 0.951373114309639 0.3098374764152 0.224081189574283
"2016-03-30" 0.279455825562724 0.305334487901738 0.237619418189851
"2016-03-31" -0.195950105137932 0.139368124667874 0.131970447881324
"2016-04-01" 0.787991029814794 0.514769558891577 0.282252959014152
"2016-04-04" -0.347411316301915 0.179335057994656 0.143424731045915
"2016-04-05" -0.836947197836846 0.633911603592164 0.321752599086177
"2016-04-06" 1.03250883830475 0.307076729989535 0.3073548515588
"2016-04-07" -1.02069791184221 0.597537259497036 0.448295642837372
"2016-04-08" 0.100656228417684 0.46378862681126 0.265557355849927
"2016-04-11" -0.396839493114065 0.377391093335267 0.28707567607579
"2016-04-12" 0.879801071458441 0.376950547602047 0.293201201798801
"2016-04-13" 0.796943738750144 0.336753925375967 0.2333064499134
"2016-04-14" -0.0172851717664457 0.163214069026282 0.15358369117808
"2016-04-15" -0.12729523401136 0.0610429045470743 0.0573441531987543
"2016-04-18" 0.744278199185811 0.209456996905634 0.149217222009368
"2016-04-19" 0.225884332756898 0.19993444718169 0.164570846640685
"2016-04-20" 0.0423413336233303 0.153991382298779 0.151942362425022
"2016-04-21" -0.499798355424375 0.238737350203517 0.258481184265215
"2016-04-22" 0.00860593427516321 0.22254338971014 0.206426232753073
"2016-04-25" -0.0694230019096409 0.217454875301649 0.137767602358518
"2016-04-26" 0.0784441317142281 0.171987969381949 0.172329023687758
"2016-04-27" 0.151868295407454 0.306316931210419 0.207119903805355
"2016-04-28" -0.706723506083762 0.365130169531963 0.368820608326867
"2016-04-29" -0.305027875100983 0.521290986064424 0.558954328839749
"2016-05-02" 0.686022210468273 0.231346198554331 0.204268024330701
"2016-05-03" -0.665609691168534 0.519065478458312 0.274298576961504
"2016-05-04" -0.444124121404066 0.354794288827204 0.311108498737716
"2016-05-05" -0.119411728722163 0.340780800538962 0.313476693723457
"2016-05-06" 0.459443873550658 0.430963942732276 0.460691955691546
"2016-05-09" 0.0651048015922306 0.21910622007383 0.188756557715833
"2016-05-10" 1.04943789543537 0.206356216395854 0.128591861977008
"2016-05-11" -0.900218475498349 0.223538067066789 0.141657559020659
"2016-05-12" -0.131183111199995 0.473422408276621 0.374559581283414
"2016-05-13" -0.776339061783382 0.336204986647061 0.311617588570871
"2016-05-16" 0.976390763510437 0.20067795461911 0.191078976670279
"2016-05-17" -0.880848697595038 0.356249564560528 0.287355620896335
"2016-05-18" 0.148589889991424 0.916463168028948 0.616032409206724
"2016-05-19" -0.209101113123644 0.646861322073173 0.698230728871878
"2016-05-20" 0.501707195217449 0.262288832400871 0.162020078490546
"2016-05-23" -0.18533607213147 0.112192589475059 0.102134231826019
"2016-05-24" 1.12968730502647 0.279183428192633 0.17720121935889
"2016-05-25" 0.539684839478216 0.224231902130034 0.158968832646693
"2016-05-26" -0.0650481187680185 0.117023647072556 0.12012447419302
"2016-05-27" 0.413009656570029 0.0891282157316162 0.0674079839595106
"2016-05-31" -0.163456740620571 0.172763510623659 0.153744364803726
"2016-06-01" 0.251838841856866 0.295774722971558 0.16147729712001
"2016-06-02" 0.34264373387467 0.180302086913103 0.107608743828792
"2016-06-03" -0.237917478767269 0.352940633115763 0.277060305500207
"2016-06-06" 0.404733841805882 0.15523131655357 0.154421377285717
"2016-06-07" 0.106095780330495 0.0677925924007115 0.0606035662107134
"2016-06-08" 0.304358129586024 0.102254212287567 0.105196817721896
"2016-06-09" -0.00378141528969422 0.199647660600323 0.138035541312267
"2016-06-10" -0.634841246772844 0.384576274256721 0.261607429897202
"2016-06-13" -0.603226057891604 0.273850149883538 0.282127435019261
"2016-06-14" -0.060693058770056 0.388585861765766 0.463228320374754
"2016-06-15" -0.26797521361992 0.243081653077811 0.243761906517717
"2016-06-16" 0.566059733928181 0.550877434472986 0.582308454455365
"2016-06-17" -0.336432878991033 0.294781340834541 0.32565885438419
"2016-06-20" 0.172458975660383 0.753480279122993 0.279245251530465
"2016-06-21" 0.173933503520551 0.235883656940661 0.21798964032363
"2016-06-22" -0.204539701462281 0.257721688047431 0.202984041673241
"2016-06-23" 0.958219303486807 0.341674448944588 0.189512600138713
"2016-06-24" -3.21344017722973 6.28418405086221 1.52492468941483
"2016-06-27" -1.53026882184095 1.28663101760267 1.0654160517931
"2016-06-28" 1.44662616082281 0.835830269289868 0.605517699331485
"2016-06-29" 1.35225573220454 0.632987999732841 0.33126014928476
"2016-06-30" 1.23488542237178 0.343337012049759 0.297821842630184
"2016-07-01" 0.15611765300898 0.151398251712554 0.132934751767803
"2016-07-05" -0.326060222708069 0.277844542866372 0.214180303000567
"2016-07-06" 0.725617661630729 0.47748608548221 0.38434725307517
"2016-07-07" -0.129581830943692 0.295023061456965 0.303001054629326
"2016-07-08" 1.05799610699293 0.153492265113905 0.138804111370565
"2016-07-11" 0.244573360352085 0.185600734521434 0.131909534256459
"2016-07-12" 0.584871935563758 0.313427755124989 0.0925994989588438
"2016-07-13" -0.0743145676812773 0.13174588517381 0.112636216884266
"2016-07-14" 0.260102243654714 0.272126506464121 0.166047365647791
"2016-07-15" -0.172887259579113 0.111479728174955 0.113376074975842
"2016-07-18" 0.218535897045946 0.0640461472927473 0.0555305366325645
"2016-07-19" 0 0.0695567351903218 0.0579805025486002
"2016-07-20" 0.323100568921397 0.0511785957421247 0.047600678401218
"2016-07-21" -0.365154051512118 0.113559759563593 0.110245840202145
"2016-07-22" 0.381460052257587 0.0699302695749288 0.062112172508256
"2016-07-25" -0.238125508341813 0.107260690095237 0.0990278559365433
"2016-07-26" 0.00829852563333233 0.202914911615098 0.166003936055243
"2016-07-27" -0.130511295299041 0.236024358159598 0.150853625922347
"2016-07-28" 0.179428506230028 0.239641739916952 0.179293022529977
"2016-07-29" 0.204969545127298 0.160579357696313 0.141337033381508
"2016-08-01" -0.113724536467075 0.221309689329559 0.195794064465126
"2016-08-02" -0.593942624642541 0.248729388482683 0.223928805555221
"2016-08-03" 0.306002465510602 0.118049660892234 0.0888252523234289
"2016-08-04" 0.0397423223988724 0.11055569807113 0.0781351498437281
"2016-08-05" 0.623745170630752 0.0966874466286717 0.0750883642379559
"2016-08-08" -0.137013628855964 0.0559401468513393 0.0533593190713726
"2016-08-09" -0.0261233619960777 0.0517422243236354 0.049562580392953
"2016-08-10" -0.334532116596797 0.105315167669405 0.102948712677692
"2016-08-11" 0.356576876764159 0.116580382423152 0.0600984378449831
"2016-08-12" 0.00183170311762737 0.0526665999913804 0.0552515293334386
"2016-08-15" 0.18646149123942 0.0389896516718859 0.0349856584115507
"2016-08-16" -0.365678033791017 0.115374649383822 0.0893092472277684
"2016-08-17" 0.187624631567118 0.164191519509503 0.147454759847919
"2016-08-18" 0.225237693421043 0.0615004150977499 0.0671661615996892
"2016-08-19" -0.0270153325100608 0.141127554764997 0.115310941642462
"2016-08-22" 0.0513257639100928 0.225939571985043 0.148668582572232
"2016-08-23" -0.0411454910347331 0.0660091126315777 0.0468584440028528
"2016-08-24" -0.427898883741662 0.10716576095491 0.0702651489856985
"2016-08-25" -0.0257707052934819 0.153762386440937 0.145576582070496
"2016-08-26" -0.264244731910335 0.375891265949256 0.337643614411705
"2016-08-29" 0.470279747168423 0.0866869961049872 0.0753448833086678
"2016-08-30" -0.151988623226273 0.140472190492629 0.125148371256593
"2016-08-31" -0.128903965992944 0.127020298921172 0.101655288597373
"2016-09-01" -0.0331648989437383 0.243800522381154 0.224297502609475
"2016-09-02" 0.111992888224144 0.146713789868627 0.141956662177316
"2016-09-06" 0.223895554038922 0.10485775521308 0.0852667723081989
"2016-09-07" 0.0443802894747769 0.0712733730507128 0.0641172511060523
"2016-09-08" -0.0742455177440426 0.0871642873139934 0.095468232313475
"2016-09-09" -1.9031261312997 0.440973533522561 0.357878222430824
"2016-09-12" 1.78512749869801 0.565582897855974 0.508930623757014
"2016-09-13" -1.09644838114225 0.94032171732374 0.876016430436958
"2016-09-14" -0.0935649486534018 0.467414940220336 0.46368460965001
"2016-09-15" 1.02560680674291 0.373716438856889 0.383662260025745
"2016-09-16" -0.352358715339829 0.421646567108317 0.221747011922727
"2016-09-19" -0.226002514982504 0.24312303839184 0.204047886504434
"2016-09-20" -0.296813673449758 0.195140124325132 0.158979963350118
"2016-09-21" 0.857091062192605 0.33468099134789 0.273097847523812
"2016-09-22" 0.2746186621855 0.232113684683697 0.101522864544838
"2016-09-23" -0.385873915079227 0.117037521926765 0.112162241582861
"2016-09-26" -0.558879981080462 0.210673913708128 0.185401188893985
"2016-09-27" 0.643301110959715 0.246461108117259 0.237908807543828
"2016-09-28" 0.427882682926661 0.229997370412765 0.191941744783345
"2016-09-29" -0.823148985134559 0.463217080117107 0.473229660048064
"2016-09-30" 0.531390933887099 0.308294152665387 0.194421570093221
"2016-10-03" -0.155364977036054 0.175074375504503 0.175629158461452
"2016-10-04" -0.594821766262044 0.432703345996536 0.341021709173139
"2016-10-05" 0.207426881100758 0.123520618899083 0.126585483947083
"2016-10-06" 0.119471560996676 0.177417111761948 0.150018908838987
"2016-10-07" -0.484029171489375 0.274181495563315 0.28266841196856
"2016-10-10" 0.150322759647814 0.111954857556379 0.0460645432758269
"2016-10-11" -1.13487681318176 0.342293609165545 0.321871983711651
"2016-10-12" 0.0808965059887257 0.182724625167353 0.178728697261324
"2016-10-13" 0.116350001396714 0.379385272802043 0.317052634982119
"2016-10-14" -0.303777320201437 0.264765200934459 0.214401203737618
"2016-10-17" -0.305677811567406 0.150730488111111 0.12035563335308
"2016-10-18" 0.0518966846861701 0.166579237860439 0.130823587384399
"2016-10-19" 0.166620421774955 0.0742287923766243 0.0686588760337829
"2016-10-20" -0.0620959986711078 0.293866190114749 0.312767679858856
"2016-10-21" 0.0733571192802707 0.203496201609879 0.105536246053396
"2016-10-24" 0.110713649089345 0.115378284895911 0.0718599760141943
"2016-10-25" -0.296290991678738 0.104522095847022 0.0836810163229641
"2016-10-26" 0.119724087725448 0.229196284532042 0.177056590082706
"2016-10-27" -0.500302627221494 0.228163549888835 0.222762448214885
"2016-10-28" -0.270034986840173 0.588106417917086 0.615133921120314
"2016-10-31" -0.165412016926236 0.140413973156484 0.139128817847653
"2016-11-01" -0.798981710147562 0.353706661809389 0.3326717379425
"2016-11-02" -0.540466058234212 0.440515829690345 0.497840180898856
"2016-11-03" -0.481431466318938 0.182531992802403 0.170112315744615
"2016-11-04" 0.0762741781738185 0.316786240752385 0.29093766991032
"2016-11-07" 1.45467077993606 0.581788346196312 0.239845803925399
"2016-11-08" 0.459055902127581 0.316148885798905 0.220383896170885
"2016-11-09" 1.46466641510834 1.21685311238277 1.13187868866001
"2016-11-10" 0.00830419177617614 1.12792858912094 1.0101079042054
"2016-11-11" 0.0679471886992467 0.314351589611316 0.317826772060914
"2016-11-14" -0.0568122785225889 0.273553684570044 0.264641121665484
"2016-11-15" 0.558326658719466 0.111279623108631 0.109766097658434
"2016-11-16" -0.0266392314779651 0.145366162043135 0.142342862951894
"2016-11-17" 0.388026205586289 0.0684759370858883 0.065859981702606
"2016-11-18" -0.220651606617661 0.0948516257048178 0.0944625006563187
"2016-11-21" 0.536649233867958 0.0925634191425689 0.0618578941128178
"2016-11-22" 0.0553999024236695 0.0850362539960473 0.0781888516001187
"2016-11-23" 0.271628209198838 0.0747781628492192 0.0674076815655635
"2016-11-25" 0.320389809817456 0.019929942179763 0.0157687189069841
"2016-11-28" -0.375328512700435 0.0971700303363058 0.0820105615891224
"2016-11-29" 0.18227076219226 0.0965053688091906 0.10220117600102
"2016-11-30" -0.258386929248644 0.280172228218619 0.201987822559114
"2016-12-01" -0.41491851119666 0.212983249490904 0.229326902539049
"2016-12-02" 0.043803614498561 0.146235933978404 0.137970514750145
"2016-12-05" 0.184320970338891 0.0843091668534863 0.0955043519713945
"2016-12-06" 0.22219063677289 0.0886367335816488 0.0757909932147065
"2016-12-07" 1.3501302472231 0.226896115800169 0.168073928174252
"2016-12-08" 0.217955804277459 0.161619313342851 0.171384939567781
"2016-12-09" 0.435104372839135 0.0839620969056648 0.0876691242459489
"2016-12-12" -0.0828205079018041 0.145268689520101 0.150556219787507
"2016-12-13" 0.366487361544099 0.152535106911847 0.139438979125136
"2016-12-14" -0.660807047029088 0.801406449471806 0.715382039711589
"2016-12-15" 0.361848254845043 0.287345765829092 0.289929598367406
"2016-12-16" -0.388080507570265 0.20868592617034 0.20254324883828
"2016-12-19" 0.149054065213594 0.0964793089687942 0.103741795309712
"2016-12-20" 0.183374673395331 0.0815632202368231 0.0732367387399437
"2016-12-21" -0.23193170619189 0.0388036639150846 0.0380062004418504
"2016-12-22" -0.085766331805992 0.063959492471141 0.0597739652722717
"2016-12-23" 0.145011498117764 0.0257244454773431 0.0290889222879091
"2016-12-27" 0.114662222103323 0.0555514248760478 0.0391354176621268
"2016-12-28" -0.895537618452114 0.123347526225081 0.119503700263784
"2016-12-29" -0.00978042936861101 0.116064214767416 0.0852832177393191
"2016-12-30" -0.526340441192641 0.212536677809479 0.15783562885477
"2017-01-03" 0.260367722232946 0.353473931241896 0.342852272108504
"2017-01-04" 0.398920268491842 0.132646809667715 0.0913205421371022
"2017-01-05" 0.0370272418935613 0.117268913509913 0.0768095622644241
"2017-01-06" 0.268227529681031 0.149101397613313 0.113935976078625
"2017-01-09" -0.191951313884875 0.0828601629944302 0.0773379929610882
"2017-01-10" -0.0330491840961678 0.124642764943555 0.0945454818075898
"2017-01-11" 0.286989712176844 0.288482813337342 0.276329552024768
"2017-01-12" -0.0325880651298682 0.236286267269763 0.229822686680329
"2017-01-13" 0.0800475049890004 0.0849636988855306 0.0519288564410519
"2017-01-17" -0.0586296978410061 0.0960902751654054 0.0870755690862464
"2017-01-18" 0.117596551721277 0.111428876239317 0.0773904961920726
"2017-01-19" -0.365118407524978 0.15195499428202 0.12350047411111
"2017-01-20" 0.0510891693267013 0.206666192977182 0.21418722602131
"2017-01-23" -0.103679300562209 0.185430977625281 0.171856588420807
"2017-01-24" 0.532558257900906 0.0778701878105862 0.0764610342491109
"2017-01-25" 0.416801698594416 0.0872309233549945 0.0878035453990966
"2017-01-26" -0.0805151270481197 0.0866672096408208 0.0915229741660413
"2017-01-27" -0.198106515441854 0.0653300786292932 0.0560690157829694
"2017-01-30" -0.241760765952925 0.204460794781368 0.193068916959663
"2017-01-31" 0.216562021132205 0.171182698949858 0.158415177379605
"2017-02-01" -0.274704383784741 0.200331839664579 0.167144020582531
"2017-02-02" 0.181239366694097 0.160778641974985 0.115315494502486
"2017-02-03" 0.37290448238787 0.0802469483413249 0.0815102532129369
"2017-02-06" -0.0758695603257031 0.061713080294023 0.0569702215211378
"2017-02-07" -0.132935563272252 0.0757054585092333 0.0771706609437873
"2017-02-08" 0.219888660937162 0.122103448001945 0.0946298616912461
"2017-02-09" 0.476504744699735 0.0640893787176712 0.0609815115810856
"2017-02-10" 0.171977261886891 0.0463184499105248 0.0420375586066876
"2017-02-13" 0.277855616513634 0.0489577398235125 0.0584571926412147
"2017-02-14" 0.483327877048545 0.107543269717348 0.0853751624178272
"2017-02-15" 0.575073682324856 0.0914226845936127 0.0976538485669634
"2017-02-16" -0.106881973737138 0.22146363160767 0.253902051759933
"2017-02-17" 0.334479110779462 0.0818279516767043 0.0753498681669202
"2017-02-21" 0.424168455568452 0.11199961588055 0.0928037318019176
"2017-02-22" 0.059699851253292 0.0686980334253351 0.0566269348995405
"2017-02-23" -0.16021274941016 0.106855755506874 0.0851750220854558
"2017-02-24" 0.47473234646418 0.124518906498092 0.114008259380215
"2017-02-27" 0.189231599000461 0.0847811648190461 0.0991971509883775
"2017-02-28" -0.0917549572934995 0.0821387626692391 0.0655706590818567
"2017-03-01" 0.650783317796488 0.145572291489387 0.146323605016105
"2017-03-02" -0.551470831251688 0.150006304468152 0.121438816358009
"2017-03-03" 0.0717951978441711 0.0973452332907403 0.106615408084967
"2017-03-06" 0.00799890541722803 0.0932788574350988 0.0830171046405649
"2017-03-07" -0.108463771287237 0.096043001645124 0.0924527096423547
"2017-03-08" -0.283123504117455 0.113151971837417 0.104599280844681
"2017-03-09" 0.064291003589112 0.123740099279277 0.12007007188308
"2017-03-10" 0.0185439618863192 0.136600357276793 0.151635434713628
"2017-03-13" 0.0876675433371332 0.0536136825648964 0.0441324911098173
"2017-03-14" -0.13434956561662 0.144287286947255 0.11391313622515
"2017-03-15" 0.601057126382276 0.184583458315285 0.139594215003896
"2017-03-16" -0.273438489480959 0.10564474419102 0.108306590904995
"2017-03-17" -0.242353084505442 0.064255069481479 0.0464844602909646
"2017-03-20" -0.201191220505059 0.120540047629242 0.092795748948477
"2017-03-21" -1.49857247859515 0.414210277555001 0.348260496798666
"2017-03-22" 0.235744098880097 0.287486340323146 0.238064261454329
"2017-03-23" 0.00639373925270803 0.262827266133275 0.290361954474944
"2017-03-24" -0.259012320079943 0.257258624121099 0.228620458907246
"2017-03-27" 0.535250661269959 0.228750830585159 0.212035324644096
"2017-03-28" 0.798584167999472 0.217667928024009 0.151001990732732
"2017-03-29" 0.19839930539618 0.106516012122921 0.0991562814937075
"2017-03-30" 0.284605899025348 0.0900976982897723 0.0869729698879952
"2017-03-31" -0.0918038677095723 0.114829617260513 0.0858259277294211
"2017-04-03" -0.143604844548051 0.242695915883401 0.18700884856111
"2017-04-04" 0.222280759042359 0.131509401756533 0.129882624685182
"2017-04-05" -0.584399223060572 0.403672744010006 0.334223795210789
"2017-04-06" 0.162159903089698 0.270379898745716 0.26496216622004
"2017-04-07" -0.0386225751627833 0.196347219702662 0.18579604953837
"2017-04-10" -0.00169697175396166 0.232821287033044 0.199865196054353
"2017-04-11" 0.00169927865627528 0.317939495470329 0.323520184984984
"2017-04-12" -0.315528196219539 0.225968868549054 0.210415528282777
"2017-04-13" -0.550191813735523 0.240793137512969 0.227205412006986
"2017-04-17" 0.704017671623092 0.123641177167899 0.118389472537787
"2017-04-18" -0.015796135956414 0.182242079758354 0.174665681036471
"2017-04-19" -0.377823717817982 0.129051572442886 0.116977875631505
"2017-04-20" 0.56781573882887 0.127028016188565 0.117500916073485
"2017-04-21" -0.247041265855774 0.14266434374743 0.132804646736741
"2017-04-24" 0.158080805871474 0.0859577151799693 0.0724041842505425
"2017-04-25" 0.296849340644911 0.0720909103845638 0.0698859477206323
"2017-04-26" -0.0598761043151264 0.223342320956273 0.233334681057648
"2017-04-27" -0.0297152569102899 0.109924065257137 0.0925416730216396
"2017-04-28" -0.403120856186412 0.0875042147476514 0.0735434221026606
"2017-05-01" 0.0209314495793755 0.0755945480048125 0.0802694522667067
"2017-05-02" -0.00878313805356967 0.0587803778998308 0.0612482125366276
"2017-05-03" 0.056133414678694 0.0823877535496923 0.0758268236307067
"2017-05-04" -0.01255419227979 0.136054702090472 0.139314780843537
"2017-05-05" 0.285917812939118 0.0568071810859377 0.0475333267789878
"2017-05-08" -0.0429269519079512 0.0694900584755357 0.0550958270828455
"2017-05-09" -0.197982312955691 0.0657220184372933 0.0634087012580944
"2017-05-10" 0.110920232212042 0.0492853411870381 0.0464599709534624
"2017-05-11" -0.0104396556678488 0.116506251236962 0.117986887488267
"2017-05-12" -0.0765202157324119 0.054197999052672 0.042387197014284
"2017-05-15" 0.347768421722083 0.0549087742016089 0.0345040762081165
"2017-05-16" -0.165656670808012 0.0764562226991983 0.0760823542020374
"2017-05-17" -1.07586895481404 0.325380778287098 0.34664586939075
"2017-05-18" 0.467755840759132 0.427600811062672 0.393586750925098
"2017-05-19" 0.429208685937699 0.135558799786602 0.108839407598072
"2017-05-22" 0.279433784971328 0.0643367321494074 0.0609779457483566
"2017-05-23" 0.0650590976397858 0.0528573451684028 0.049163006545086
"2017-05-24" 0.117362113004127 0.0492471703075722 0.0566219182158667
"2017-05-25" 0.225928839420231 0.0856718469447857 0.0859646201180472
"2017-05-26" 0.0426498392603669 0.0362229917982487 0.0407037915710725
"2017-05-30" 0.0493312311927951 0.0434597980388268 0.0427290414743415
"2017-05-31" -0.162408318520324 0.145160726823373 0.138073560270342
"2017-06-01" 0.588581760094975 0.079456790935137 0.0735012225879717
"2017-06-02" 0.282578882915185 0.0729938032908559 0.0613198630143336
"2017-06-05" -0.0640118197520856 0.0482770834314217 0.0392119175043196
"2017-06-06" -0.10202907067729 0.0838475124020281 0.065504560753954
"2017-06-07" 0.0439864923342803 0.0858506251885023 0.0679069788841051
"2017-06-08" -0.0201312641264551 0.129290686671993 0.141303778383608
"2017-06-09" -0.212013342571282 0.360164998964652 0.382712413512785
"2017-06-12" 0.148289752343622 0.200006520781944 0.190654336877906
"2017-06-13" 0.253975424190234 0.0806677528134352 0.0610434018009299
"2017-06-14" -0.241313945941624 0.203164374504071 0.180587517403112
"2017-06-15" 0.345504567787724 0.166549740306354 0.156122621277152
"2017-06-16" 0.0744199084978803 0.11128435145262 0.115917714668171
"2017-06-19" 0.429364926795817 0.0582830789155772 0.0344893264767128
"2017-06-20" -0.551574281303147 0.103192843208208 0.0899182252215227
"2017-06-21" -0.138659862552348 0.128889148327088 0.112935657992254
"2017-06-22" -0.112478101208602 0.0724312963755144 0.077298032316308
"2017-06-23" 0.142834299584482 0.0836711130232459 0.0790090162630224
"2017-06-26" -0.176145090747593 0.141686262174071 0.114182148544426
"2017-06-27" -0.684094948260494 0.195050114981694 0.156537756409313
"2017-06-28" 0.483041135070827 0.163962295335671 0.170272837825533
"2017-06-29" -0.929634679291436 0.477808749324466 0.423943424736612
"2017-06-30" -0.234508248283394 0.191537943010322 0.164394465691935
"2017-07-03" -0.097934334220362 0.114274979670079 0.081450542095012
"2017-07-05" 0.0736118141128728 0.122603924817894 0.115465211084522
"2017-07-06" -0.552392721119066 0.205711124541333 0.178431718384121
"2017-07-07" 0.476175629416264 0.0937583551435591 0.085842681284665
"2017-07-10" 0.128603067100563 0.0621812288648027 0.0435838646962332
"2017-07-11" -0.067173976937962 0.205368002687109 0.149219101082037
"2017-07-12" 0.316853539070117 0.101183387159846 0.0828742865579232
"2017-07-13" 0.124667144694524 0.0479365497386727 0.0542790405127877
"2017-07-14" 0.409911787038286 0.0479306851383238 0.0484656834591175
"2017-07-17" -0.0195180664722017 0.0313165468174718 0.0292406527496573
"2017-07-18" 0.195258535440868 0.0886837183302977 0.0867270149315425
"2017-07-19" 0.390898449078669 0.0374982367915491 0.0359453538567322
"2017-07-20" -0.0618233045052818 0.0815210692016299 0.0809857427174468
"2017-07-21" 0.199201640049829 0.0465164963205111 0.0531383618801578
"2017-07-24" -0.0449122700991289 0.0353370769291258 0.0339326951866951
"2017-07-25" -0.0262355428528593 0.0393935545507336 0.0326628605600223
"2017-07-26" -0.0859250407357237 0.0585957572679292 0.0600495343858216
"2017-07-27" -0.294864690943264 0.26124863433859 0.263023826122743
"2017-07-28" 0.120617999655614 0.0767575612441533 0.0778284284216062
"2017-07-31" -0.204980655219078 0.076386981892874 0.079441683812374
"2017-08-01" -0.0371471029531278 0.0684020454520483 0.0554246890481004
"2017-08-02" -0.129903155710576 0.132601291426035 0.122044205151521
"2017-08-03" -0.160870513747913 0.0712561241485383 0.0455981543148543
"2017-08-04" -0.0209963580165784 0.0771897736824647 0.0714287798735956
"2017-08-07" 0.145626491833362 0.0194332704023855 0.0183887188944858
"2017-08-08" -0.138494390503574 0.106692574248295 0.0954837404538027
"2017-08-09" 0.347015190502287 0.182561282098162 0.171797479156405
"2017-08-10" -1.10489798844302 0.306221440181202 0.295679468369723
"2017-08-11" 0.0155659237665695 0.16302817318658 0.137058281609702
"2017-08-14" 0.419492347273565 0.102528812280109 0.076734955098473
"2017-08-15" -0.15810536351708 0.0756882497801079 0.0800993398974875
"2017-08-16" -0.0157994843215548 0.0960435619924716 0.0869389434800701
"2017-08-17" -1.33615709721546 0.319710584052213 0.316978848225082
"2017-08-18" -0.0873657631252911 0.285850044978549 0.228531962483155
"2017-08-21" 0.112078994450915 0.144618988654926 0.141669222340271
"2017-08-22" 0.767055727282884 0.110780407946632 0.105050146083209
"2017-08-23" -0.0343634180254959 0.115087863011099 0.126258543172646
"2017-08-24" -0.367108058316834 0.164199468751095 0.164756149969027
"2017-08-25" -0.0503251712164143 0.124025832593308 0.0943684768897747
"2017-08-28" -0.134930715160131 0.0745373455603876 0.060574324538411
"2017-08-29" 0.593643869024874 0.0912385083992369 0.0787958469484437
"2017-08-30" 0.463345229260259 0.0795525763683874 0.0726177769188939
"2017-08-31" 0.362770829016057 0.0828825526618187 0.0782860011378376
"2017-09-01" 0.0755447234411122 0.0684043480230061 0.0499406178820973
"2017-09-05" -0.504437717801043 0.34545038889262 0.285779130918258
"2017-09-06" 0.0799248667696872 0.0726483429077679 0.0690423416519783
"2017-09-07" -0.117570282049062 0.122007008477138 0.0983818692170391
"2017-09-08" -0.0231522382546423 0.0688494864285147 0.0709434915922392
"2017-09-11" 0.542469844137639 0.0788183610249264 0.0568144067907738
"2017-09-12" 0.193637293376003 0.0465404569364037 0.0413902016149528
"2017-09-13" 0.170271453769821 0.0346163783971599 0.034305744937385
"2017-09-14" 0.0661220637343085 0.0422391574740193 0.0380630546026747
"2017-09-15" 0.165749875800447 0.0356080324480728 0.035162348515653
"2017-09-18" 0.064314720899894 0.0515475931095592 0.0480933854280759
"2017-09-19" 0.0175542886775126 0.0444281034519274 0.0366526043129116
"2017-09-20" 0.0482562936965358 0.101664548103313 0.071432684717294
"2017-09-21" -0.250796850333312 0.0766174494530384 0.080131352455073
"2017-09-22" 0.168043058556844 0.0357953750348669 0.0319987586583638
"2017-09-25" -0.109686882999771 0.135445652136422 0.12361941061828
"2017-09-26" -0.153654116469237 0.0664664823995885 0.0695324894338208
"2017-09-27" 0.154476556873195 0.110525230649394 0.0951869336249362
"2017-09-28" 0.257317222447728 0.0506903512383793 0.0490370583244963
"2017-09-29" 0.357533126526022 0.047631898852073 0.0478876254112972
"2017-10-02" 0.31522531428827 0.0546980898384944 0.04818925629879
"2017-10-03" 0.171371527146924 0.0428820597505385 0.0458549501777666
"2017-10-04" 0.165248551254571 0.0501898138040776 0.0458238690675355
"2017-10-05" 0.444528950914425 0.0401230779974002 0.0417146988935646
"2017-10-06" 0.0584729932266548 0.0470680663778835 0.0492950427733542
"2017-10-09" -0.266091208809005 0.0377524097377658 0.0424621013964597
"2017-10-10" 0.0325438511658227 0.0712352366413964 0.0710384561079542
"2017-10-11" 0.173141223825546 0.0347441247058434 0.0311825492542425
"2017-10-12" -0.0924873679596594 0.0397595366095814 0.0349587779994926
"2017-10-13" -0.0802463017224753 0.0358091670977479 0.0340648147670917
"2017-10-16" 0.0754928092773888 0.038880347374789 0.0265542806253306
"2017-10-17" 0.0840419946699811 0.0234889154667224 0.020496952738196
"2017-10-18" -0.0647921210470415 0.0312409210673049 0.0261659569170062
"2017-10-19" 0.350291811621517 0.0548327829123062 0.0559019792783939
"2017-10-20" 0.288185197884339 0.0435114610292793 0.0290565038962943
"2017-10-23" -0.493832004509365 0.0501320083689249 0.0468497074696717
"2017-10-24" 0.0256910304683444 0.0637014144907507 0.0606608653164763
"2017-10-25" -0.363798579123564 0.220019414725526 0.219693292087775
"2017-10-26" 0.0124988282511396 0.124740467094916 0.0900948666934478
"2017-10-27" 0.420472922863624 0.12316329922549 0.109555021866213
"2017-10-30" -0.201930053276467 0.102361862857703 0.101178357062531
"2017-10-31" -0.0326141400717184 0.0400910729032446 0.0319418643021666
"2017-11-01" -0.153027553509233 0.0989103490758712 0.0936776123862907
"2017-11-02" 0.0139554356647587 0.160507946958732 0.179615310078451
"2017-11-03" 0.228636963522 0.0444425836595083 0.041077143507955
"2017-11-06" 0.146367958037175 0.0308157235720794 0.0259443772778871
"2017-11-07" -0.0957207497619628 0.083142122653591 0.0732583268976936
"2017-11-08" 0.218017593354869 0.0565537633267336 0.0518624086472926
"2017-11-09" 0.0278598958603382 0.277565413860803 0.288050178471977
"2017-11-10" 0.0867779855331818 0.0687167666349603 0.0578769070430337
"2017-11-13" 0.325102728481941 0.0478906319464517 0.054561349338735
"2017-11-14" 0.0422760008546241 0.193789244449851 0.176851438442566
"2017-11-15" -0.179187084151966 0.223488752074656 0.172787554166451
"2017-11-16" 0.493156145616691 0.0805420759315792 0.0591272101570185
"2017-11-17" -0.161574397135578 0.0537124093626618 0.0425181094169172
"2017-11-20" 0.107327951408109 0.0462012192965957 0.0496314820248376
"2017-11-21" 0.388173357326771 0.0481099689798845 0.0413566522087706
"2017-11-22" -0.123908123753314 0.0275380728156239 0.0224469823768761
"2017-11-24" 0.0768810918079232 0.0121876738331238 0.0124286024723608
"2017-11-27" -0.044579721577076 0.0467850899043269 0.0497946052673593
"2017-11-28" 0.815182961084204 0.110141186612266 0.108476855747552
"2017-11-29" -0.0692829245312332 0.160061336595861 0.123447596407005
"2017-11-30" 0.488567011566321 0.27636368405407 0.244202491008821
"2017-12-01" -0.125593939579005 0.882691839308021 0.929468232584866
"2017-12-04" -0.68539587790859 0.228673656827003 0.237702706706166
